data/Revelstoke/Fire2/elevation.asc
ncols 125
nrows 46
xllcorner -1620000
yllcorner 438000
cellsize 100
NODATA_value -9999
[rows 0 to 37 of 46, columns 0 to 83 of 125]
1358 1379 1403 1441 1458 1476 1524 1543 1558 1569 1589 1586 1585 1575 1579 1583 1579 1569 1591 1601 1597 1593 1602 1615 1648 1671 1688 1765 1787 1804 1841 1895 1914 1932 1967 1974 1977 1979 1970 1962 1949 1908 1901 1894 1884 1838 1823 1823 1818 1814 1815 1813 1800 1793 1778 1757 1755 1755 1763 1782 1773 1771 1825 1845 1874 1915 2015 2051 2060 2057 1978 1982 2017 2094 2132 2142 2094 2051 2019 1990 1927 1891 1870 1834
1349 1372 1414 1428 1444 1462 1494 1508 1522 1543 1547 1545 1556 1556 1561 1562 1562 1551 1568 1580 1574 1571 1583 1594 1633 1652 1666 1718 1745 1782 1813 1859 1882 1920 1952 1959 1966 1965 1962 1955 1943 1907 1897 1887 1878 1833 1826 1827 1834 1835 1836 1837 1840 1837 1842 1774 1765 1760 1767 1790 1791 1805 1862 1882 1919 1966 2057 2070 2074 2117 2138 2116 2078 2058 2061 2065 2078 2035 1995 1964 1910 1884 1872 1833
1339 1363 1396 1411 1428 1444 1472 1489 1505 1528 1533 1530 1527 1524 1516 1514 1536 1534 1551 1562 1549 1554 1562 1598 1618 1636 1649 1697 1724 1763 1813 1840 1863 1885 1915 1923 1928 1944 1945 1944 1943 1917 1907 1901 1893 1853 1842 1835 1834 1840 1840 1849 1867 1878 1881 1832 1842 1854 1848 1830 1852 1852 1894 1924 1952 2008 2071 2076 2089 2173 2171 2118 2069 2012 2003 2005 2015 2000 1972 1933 1886 1869 1863 1815
1314 1334 1367 1399 1413 1427 1456 1474 1491 1509 1514 1515 1516 1511 1499 1498 1523 1525 1518 1524 1503 1506 1520 1564 1605 1619 1629 1677 1714 1747 1798 1824 1847 1870 1897 1899 1910 1927 1935 1943 1948 1958 1961 1964 1989 1980 1887 1872 1861 1859 1852 1884 1905 1905 1901 1921 1903 1901 1856 1868 1906 1939 1930 1979 2028 2084 2096 2086 2117 2199 2178 2121 2044 2007 1972 1961 1985 1979 1955 1922 1863 1844 1819 1769
1297 1316 1343 1359 1380 1400 1428 1440 1456 1493 1498 1500 1501 1494 1484 1482 1507 1509 1501 1508 1476 1472 1495 1544 1560 1574 1598 1660 1686 1717 1773 1809 1833 1854 1877 1885 1901 1926 1944 1959 1972 1997 2008 2024 2057 2040 2014 1985 1940 1934 1954 1960 1931 1917 1921 1966 1933 1920 1906 1946 1979 1957 1974 2024 2053 2089 2126 2176 2197 2185 2157 2124 2034 1998 1958 1937 1954 1951 1932 1867 1834 1817 1792 1750
1277 1293 1321 1341 1364 1398 1411 1426 1442 1465 1467 1468 1452 1440 1438 1448 1492 1491 1484 1468 1447 1441 1471 1522 1530 1556 1614 1647 1677 1708 1761 1787 1806 1819 1855 1877 1895 1931 1950 1971 1983 2010 2030 2042 2059 2054 2043 2022 1972 1989 1995 1994 1985 1974 1978 1996 1998 1977 1954 1984 1985 1979 2027 2043 2052 2090 2141 2196 2188 2145 2119 2085 2015 1968 1925 1905 1871 1862 1856 1838 1805 1782 1766 1724
1252 1269 1310 1326 1349 1382 1396 1413 1430 1449 1451 1449 1435 1427 1415 1426 1451 1446 1439 1414 1401 1404 1454 1489 1507 1537 1603 1636 1668 1697 1746 1767 1793 1822 1842 1858 1877 1906 1918 1941 1971 1984 1993 2028 2046 2049 2048 2025 2011 2012 2020 2023 2022 2021 2022 2014 2011 2001 1998 2012 2031 2031 2040 2055 2048 2102 2160 2173 2153 2102 2079 2047 1980 1942 1908 1878 1837 1826 1817 1776 1753 1724 1699 1676
1211 1232 1282 1301 1321 1354 1371 1402 1415 1432 1433 1433 1427 1420 1402 1406 1431 1426 1415 1384 1374 1383 1416 1489 1519 1542 1593 1624 1657 1679 1731 1752 1778 1805 1821 1839 1855 1887 1903 1918 1949 1960 1967 1975 1996 2011 2027 2052 2052 2037 2049 2051 2051 2060 2050 2039 2031 2027 2041 2058 2056 2063 2081 2097 2111 2127 2122 2112 2053 2023 2032 2006 1947 1915 1880 1819 1800 1788 1778 1731 1712 1695 1650 1632
1195 1246 1266 1286 1306 1331 1344 1359 1379 1386 1390 1393 1390 1402 1389 1400 1411 1409 1397 1357 1357 1394 1438 1499 1525 1542 1589 1620 1640 1661 1703 1725 1744 1773 1804 1818 1835 1866 1879 1893 1921 1930 1941 1955 1988 2004 2026 2062 2068 2083 2096 2099 2109 2109 2115 2071 2059 2052 2077 2092 2100 2125 2138 2141 2143 2116 2091 2077 2020 1992 1963 1941 1887 1848 1820 1761 1739 1754 1741 1700 1690 1670 1615 1582
1179 1227 1252 1266 1278 1299 1308 1328 1352 1361 1363 1367 1375 1371 1358 1346 1348 1344 1328 1331 1357 1405 1457 1488 1512 1534 1582 1612 1634 1670 1686 1704 1724 1748 1765 1780 1799 1819 1836 1847 1900 1912 1931 1964 1984 2006 2029 2064 2075 2092 2116 2136 2145 2152 2160 2158 2166 2181 2216 2234 2229 2228 2227 2204 2178 2098 2061 2037 1982 1953 1928 1912 1871 1836 1793 1736 1721 1704 1679 1651 1630 1607 1550 1552
1134 1167 1187 1203 1240 1265 1278 1297 1325 1331 1334 1339 1353 1346 1338 1310 1315 1315 1297 1313 1358 1399 1454 1476 1498 1523 1571 1596 1615 1646 1665 1684 1701 1729 1744 1758 1778 1790 1800 1818 1864 1885 1910 1954 1983 2009 2027 2067 2079 2109 2176 2201 2195 2201 2208 2215 2244 2242 2247 2231 2208 2194 2187 2173 2108 2062 2015 1976 1955 1933 1910 1866 1858 1820 1770 1720 1706 1687 1643 1626 1599 1575 1517 1487
1110 1142 1167 1184 1195 1212 1226 1247 1262 1271 1304 1310 1319 1314 1308 1285 1278 1280 1269 1334 1377 1414 1456 1476 1491 1507 1543 1563 1579 1604 1618 1660 1672 1705 1720 1733 1755 1767 1771 1801 1850 1879 1907 1960 1990 2006 2019 2063 2088 2125 2242 2284 2301 2257 2280 2279 2251 2215 2209 2199 2180 2162 2157 2146 2092 2041 1993 1967 1937 1898 1864 1827 1799 1770 1756 1710 1689 1661 1631 1597 1572 1545 1482 1451
1088 1119 1142 1159 1179 1186 1204 1221 1235 1240 1243 1244 1239 1234 1236 1244 1249 1249 1292 1345 1381 1404 1435 1453 1470 1503 1530 1549 1565 1586 1597 1605 1627 1649 1669 1676 1697 1713 1749 1785 1841 1879 1914 1968 1986 2008 2030 2076 2109 2150 2277 2295 2283 2261 2229 2219 2197 2143 2136 2166 2153 2136 2129 2117 2062 2013 1966 1947 1910 1879 1842 1798 1773 1743 1724 1673 1651 1635 1583 1544 1540 1517 1454 1418
1020 1088 1111 1124 1146 1151 1173 1190 1204 1205 1211 1203 1197 1199 1205 1213 1207 1219 1293 1321 1341 1358 1380 1428 1446 1484 1511 1528 1539 1558 1565 1570 1605 1626 1643 1658 1713 1737 1766 1850 1883 1918 1945 1983 1980 2013 2065 2090 2128 2179 2282 2257 2236 2199 2177 2166 2155 2116 2111 2104 2101 2093 2083 2065 2017 1986 1940 1918 1889 1867 1839 1775 1753 1731 1705 1652 1636 1615 1549 1512 1488 1459 1399 1374
989 1018 1032 1042 1067 1083 1096 1149 1162 1169 1173 1165 1167 1168 1175 1177 1185 1216 1268 1290 1307 1327 1343 1357 1380 1434 1456 1472 1504 1534 1554 1574 1626 1640 1662 1689 1748 1768 1802 1893 1921 1936 1956 2011 2047 2089 2126 2152 2190 2227 2242 2208 2187 2160 2147 2139 2131 2093 2087 2075 2072 2071 2060 2045 2008 1948 1898 1881 1862 1824 1789 1755 1730 1705 1655 1632 1616 1595 1530 1487 1453 1401 1383 1381
985 989 1002 1010 1034 1050 1062 1065 1075 1079 1086 1097 1103 1111 1151 1161 1176 1199 1237 1254 1271 1294 1331 1366 1406 1457 1474 1510 1547 1604 1630 1653 1703 1727 1757 1738 1787 1808 1845 1916 1934 1943 1963 2023 2054 2080 2108 2138 2176 2214 2197 2169 2156 2125 2121 2105 2116 2070 2065 2050 2042 2039 2028 2016 1976 1921 1874 1847 1820 1788 1753 1704 1678 1649 1603 1587 1570 1577 1513 1470 1425 1399 1400 1397
1017 1018 1016 1015 1020 1026 1032 1040 1044 1050 1056 1073 1086 1099 1125 1132 1157 1190 1267 1303 1290 1342 1375 1413 1448 1491 1515 1554 1627 1655 1679 1705 1752 1784 1808 1830 1840 1851 1871 1902 1921 1940 2000 2020 2035 2063 2082 2117 2173 2223 2187 2160 2137 2114 2118 2077 2032 2023 2030 2021 1998 1990 2006 1987 1929 1889 1846 1797 1776 1746 1717 1668 1641 1613 1567 1547 1530 1517 1467 1443 1446 1455 1454 1471
1127 1119 1111 1111 1117 1063 1063 1069 1070 1076 1079 1065 1070 1083 1111 1123 1147 1176 1257 1313 1369 1457 1489 1526 1546 1572 1547 1577 1658 1693 1722 1749 1789 1806 1815 1834 1844 1858 1875 1901 1928 1937 1985 2015 2034 2047 2065 2107 2176 2211 2173 2149 2126 2089 2092 2060 2015 2018 2021 2011 1982 1971 1957 1903 1855 1831 1813 1720 1686 1706 1655 1631 1608 1583 1534 1515 1499 1482 1474 1464 1467 1482 1487 1517
1183 1178 1170 1177 1168 1168 1171 1162 1162 1159 1157 1107 1101 1096 1097 1112 1133 1158 1247 1311 1373 1476 1516 1538 1556 1591 1612 1639 1717 1750 1774 1793 1818 1830 1836 1844 1853 1865 1881 1906 1931 1936 1980 2025 2042 2044 2056 2095 2141 2186 2161 2136 2122 2071 2055 2044 2025 2012 2010 2001 1967 1953 1939 1873 1821 1790 1763 1677 1648 1628 1590 1567 1539 1520 1493 1493 1486 1504 1504 1494 1492 1515 1528 1573
1230 1224 1223 1221 1217 1223 1219 1215 1216 1210 1209 1214 1209 1200 1179 1159 1134 1184 1236 1292 1348 1457 1504 1531 1564 1586 1614 1640 1710 1748 1769 1802 1815 1827 1837 1854 1866 1874 1896 1915 1930 1936 1972 2013 2033 2042 2060 2093 2138 2190 2167 2143 2128 2084 2068 2051 1988 1973 1977 1969 1955 1955 1946 1862 1795 1756 1718 1634 1606 1582 1543 1527 1515 1510 1507 1515 1526 1559 1568 1561 1567 1551 1582 1662
1286 1282 1259 1254 1254 1260 1256 1255 1259 1254 1261 1261 1253 1246 1236 1216 1191 1148 1194 1238 1280 1380 1426 1512 1536 1559 1591 1621 1693 1731 1752 1787 1801 1817 1831 1844 1856 1868 1891 1907 1919 1930 1971 1997 2010 2036 2056 2097 2153 2206 2172 2150 2123 2115 2092 2067 1974 1971 1971 1953 1952 1937 1915 1873 1822 1740 1644 1605 1574 1551 1524 1527 1531 1533 1543 1545 1560 1601 1612 1616 1630 1716 1798 1869
1309 1308 1305 1313 1323 1331 1336 1331 1297 1295 1300 1297 1299 1300 1292 1270 1247 1168 1174 1213 1253 1340 1377 1413 1471 1496 1532 1574 1653 1702 1735 1773 1788 1803 1819 1820 1837 1852 1885 1902 1912 1925 1982 2001 2011 2048 2075 2125 2192 2217 2216 2171 2147 2138 2106 2074 1991 1979 1977 1947 1932 1918 1899 1857 1836 1772 1642 1602 1577 1558 1544 1559 1554 1569 1580 1583 1601 1650 1658 1680 1797 1883 1939 1998
1335 1333 1332 1348 1361 1366 1373 1369 1371 1368 1369 1376 1380 1385 1336 1330 1303 1225 1198 1195 1263 1298 1336 1374 1444 1473 1518 1568 1635 1665 1700 1733 1751 1768 1771 1787 1818 1835 1876 1894 1905 1923 1996 2017 2029 2076 2116 2168 2210 2217 2212 2207 2171 2139 2110 2083 2030 1996 1982 1952 1926 1903 1874 1842 1826 1800 1654 1621 1604 1587 1570 1588 1609 1660 1701 1736 1751 1780 1727 1775 1932 2000 2081 2133
1359 1358 1360 1379 1388 1394 1403 1402 1401 1402 1404 1410 1414 1420 1418 1411 1397 1350 1322 1292 1245 1270 1314 1352 1418 1440 1497 1586 1616 1648 1675 1711 1729 1746 1755 1773 1785 1802 1831 1855 1885 1943 1995 2019 2039 2104 2141 2173 2209 2205 2205 2216 2225 2181 2151 2093 2057 2023 1995 1959 1937 1899 1873 1835 1821 1796 1700 1669 1658 1642 1634 1641 1644 1705 1763 1808 1843 1918 1986 2028 2114 2163 2233 2297
1398 1403 1409 1423 1432 1418 1431 1436 1436 1433 1432 1444 1453 1464 1461 1456 1445 1414 1387 1359 1314 1295 1286 1306 1366 1397 1442 1557 1592 1623 1655 1691 1701 1715 1745 1753 1770 1787 1812 1844 1882 1927 1955 1984 2017 2089 2120 2146 2197 2192 2200 2227 2306 2248 2193 2133 2094 2053 2025 1960 1935 1899 1856 1862 1868 1871 1887 1875 1858 1760 1735 1693 1682 1727 1785 1851 1972 2033 2078 2098 2139 2200 2279 2338
1412 1419 1440 1449 1458 1465 1480 1486 1493 1501 1517 1536 1498 1521 1511 1500 1491 1462 1437 1412 1369 1364 1344 1317 1335 1373 1413 1504 1541 1572 1602 1637 1654 1694 1727 1733 1746 1766 1802 1838 1872 1913 1935 1966 2004 2074 2106 2128 2159 2176 2186 2231 2359 2331 2227 2163 2126 2078 2041 1966 1934 1899 1869 1879 1901 1911 1909 1881 1857 1838 1833 1827 1810 1827 1858 1862 2032 2110 2148 2189 2207 2246 2318 2331
1429 1439 1461 1474 1482 1488 1507 1513 1523 1549 1563 1582 1600 1601 1591 1586 1575 1557 1487 1459 1421 1414 1390 1338 1324 1350 1391 1477 1512 1543 1588 1602 1628 1651 1669 1681 1688 1721 1753 1817 1848 1896 1919 1944 1987 2049 2079 2093 2124 2156 2187 2239 2348 2324 2272 2180 2140 2116 2096 2026 1952 1927 1898 1908 1929 1933 1912 1885 1883 1895 1921 1886 1856 1872 1904 1921 2065 2129 2211 2298 2289 2284 2332 2303
1460 1474 1502 1496 1508 1513 1538 1547 1562 1590 1605 1624 1634 1633 1625 1630 1614 1599 1569 1543 1494 1481 1461 1410 1355 1358 1374 1446 1479 1512 1548 1567 1594 1617 1635 1648 1658 1695 1726 1756 1782 1856 1877 1896 1968 2024 2041 2050 2096 2138 2181 2291 2327 2300 2249 2193 2168 2143 2092 2051 2020 1989 1962 1972 1970 1959 1956 1919 1923 1976 2025 1973 1881 1895 1934 1969 2077 2146 2238 2298 2266 2255 2262 2259
1472 1489 1521 1537 1553 1571 1604 1621 1637 1623 1639 1658 1668 1670 1664 1661 1649 1630 1599 1573 1529 1520 1503 1460 1456 1459 1457 1417 1419 1448 1514 1537 1552 1575 1604 1614 1642 1685 1711 1740 1762 1826 1850 1863 1928 1946 1950 1968 2036 2069 2111 2272 2309 2302 2246 2196 2175 2155 2098 2055 2021 2004 1980 1985 1988 1976 1988 2011 2053 2144 2102 2065 1985 1920 1959 2010 2111 2194 2287 2268 2259 2240 2240 2240
1488 1505 1542 1560 1580 1618 1637 1656 1674 1706 1713 1726 1734 1734 1738 1703 1668 1646 1623 1587 1574 1557 1544 1533 1530 1523 1479 1450 1428 1427 1459 1473 1487 1506 1555 1602 1649 1713 1729 1747 1757 1799 1822 1840 1906 1926 1929 1941 2014 2056 2104 2188 2256 2282 2262 2189 2168 2145 2099 2054 2027 2021 1998 2000 2003 2007 2036 2080 2130 2181 2122 2084 2016 2001 2037 2099 2237 2267 2267 2249 2248 2235 2234 2214
1501 1520 1559 1581 1605 1648 1670 1689 1705 1727 1737 1743 1747 1749 1753 1752 1722 1710 1704 1691 1687 1609 1601 1598 1585 1563 1515 1483 1462 1451 1456 1485 1508 1527 1557 1600 1656 1742 1760 1768 1792 1807 1826 1838 1893 1918 1914 1989 2024 2074 2113 2162 2215 2261 2228 2202 2176 2147 2104 2087 2090 2076 2059 2056 2027 2055 2105 2160 2197 2210 2158 2119 2038 2034 2066 2136 2264 2243 2238 2234 2245 2231 2201 2169
1519 1539 1586 1610 1637 1688 1697 1714 1725 1747 1757 1760 1760 1761 1765 1768 1757 1761 1739 1729 1729 1730 1724 1677 1643 1621 1581 1524 1503 1488 1497 1519 1548 1557 1572 1614 1670 1746 1766 1774 1791 1813 1834 1857 1875 1893 1919 2022 2060 2092 2123 2152 2198 2243 2230 2206 2185 2157 2107 2105 2104 2111 2107 2099 2105 2153 2223 2301 2238 2192 2180 2148 2065 2076 2099 2252 2241 2219 2215 2236 2249 2238 2176 2155
1527 1572 1594 1619 1650 1698 1721 1741 1768 1782 1793 1800 1778 1779 1780 1784 1783 1784 1776 1770 1775 1769 1752 1712 1680 1665 1631 1628 1616 1601 1619 1624 1631 1635 1607 1640 1688 1756 1776 1781 1807 1822 1842 1874 1896 1915 1947 2039 2088 2145 2167 2189 2206 2198 2176 2189 2179 2166 2128 2132 2138 2150 2151 2155 2162 2250 2308 2318 2230 2197 2184 2159 2148 2180 2202 2183 2209 2200 2196 2231 2238 2229 2160 2138
1533 1579 1602 1628 1661 1701 1723 1745 1779 1795 1806 1817 1820 1814 1810 1819 1824 1829 1840 1824 1824 1802 1766 1750 1733 1717 1695 1685 1672 1658 1668 1674 1681 1683 1699 1725 1787 1792 1795 1800 1818 1840 1861 1912 1921 1943 1977 2077 2145 2189 2193 2213 2187 2170 2155 2161 2192 2226 2212 2207 2207 2182 2202 2220 2226 2350 2344 2309 2240 2218 2202 2190 2207 2209 2186 2163 2165 2156 2173 2206 2208 2195 2160 2135
1539 1585 1606 1632 1659 1699 1722 1746 1786 1802 1815 1830 1847 1849 1843 1835 1842 1855 1875 1883 1865 1843 1809 1797 1784 1767 1758 1749 1735 1712 1711 1717 1719 1727 1752 1779 1818 1815 1820 1831 1859 1884 1917 1946 1947 1970 1996 2112 2177 2168 2161 2163 2156 2149 2143 2161 2196 2274 2264 2261 2271 2290 2318 2334 2301 2288 2274 2280 2234 2222 2204 2181 2179 2171 2155 2142 2133 2130 2156 2187 2201 2186 2151 2124
1540 1580 1601 1623 1648 1700 1719 1742 1778 1796 1818 1832 1856 1864 1869 1867 1870 1884 1903 1885 1867 1851 1815 1800 1796 1804 1828 1818 1807 1758 1745 1734 1734 1763 1797 1826 1844 1841 1844 1851 1874 1900 1936 1957 1960 1982 2037 2125 2110 2096 2080 2085 2121 2125 2140 2160 2182 2277 2277 2291 2313 2371 2366 2328 2266 2253 2240 2225 2210 2202 2192 2164 2151 2139 2137 2121 2103 2109 2150 2171 2180 2166 2145 2117
1538 1575 1596 1617 1670 1691 1712 1736 1774 1791 1811 1842 1856 1865 1885 1911 1909 1920 1914 1894 1870 1853 1827 1816 1810 1827 1839 1836 1822 1794 1775 1768 1785 1815 1854 1871 1879 1858 1859 1861 1880 1907 1946 1968 1979 2010 2070 2092 2078 2061 2052 2051 2068 2087 2142 2146 2168 2229 2270 2298 2318 2358 2327 2299 2242 2225 2212 2205 2195 2193 2188 2157 2134 2126 2126 2095 2078 2078 2093 2110 2147 2140 2134 2110
1531 1573 1592 1610 1664 1679 1702 1727 1767 1786 1806 1837 1850 1861 1881 1916 1932 1942 1952 1941 1923 1908 1861 1840 1829 1835 1848 1848 1835 1812 1793 1784 1803 1837 1874 1887 1889 1890 1886 1890 1902 1938 1969 1982 2008 2056 2094 2071 2053 2040 2036 2033 2070 2106 2132 2146 2173 2200 2213 2270 2343 2301 2271 2263 2251 2208 2188 2190 2194 2192 2182 2138 2115 2105 2111 2095 2077 2073 2071 2080 2078 2079 2086 2083
