data/Revelstoke/Fire2/saz.asc
ncols 125
nrows 46
xllcorner -1620000
yllcorner 438000
cellsize 100
NODATA_value -9999
[rows 0 to 43 of 46, columns 0 to 95 of 125]
244 249 254 242 226 237 232 210 207 210 193 180 174 173 189 182 162 192 216 187 175 191 199 220 224 211 231 231 215 230 243 237 226 243 238 202 191 161 134 118 100 102 131 122 98 91 56 9 3 358 356 15 18 14 34 43 8 328 297 330 10 323 318 326 325 314 319 340 348 14 15 356 325 279 223 159 117 114 123 115 111 116 108 104 106 109 113 124 135 121 124 132 127 127 135 150
247 255 254 236 228 235 227 210 213 209 186 182 181 178 182 185 175 194 217 185 168 192 219 242 241 224 237 234 224 238 244 234 225 231 218 194 191 180 160 137 96 84 68 67 79 74 34 357 350 355 353 353 357 0 29 32 1 357 348 346 351 322 314 324 315 300 299 324 315 344 11 19 34 183 186 180 155 128 126 120 116 120 104 104 113 111 103 107 120 108 111 126 122 116 122 140
231 235 233 225 225 232 231 223 228 218 185 179 178 169 173 195 198 192 204 176 170 191 217 238 237 222 238 244 242 250 252 241 231 229 213 192 199 199 183 167 60 31 10 3 16 28 25 10 357 356 336 327 342 354 22 17 358 3 7 347 343 338 324 323 320 310 311 327 297 310 48 87 106 135 170 187 176 140 124 116 121 144 131 128 136 135 119 113 114 103 104 112 108 101 100 83
223 227 227 218 214 224 224 214 221 216 188 180 169 152 159 216 221 179 187 166 164 192 220 231 217 206 232 243 238 243 244 237 236 236 221 204 227 239 265 318 344 354 356 349 0 22 22 13 8 359 348 344 354 1 352 3 9 22 12 337 339 348 329 318 316 314 331 340 314 305 92 94 99 110 137 187 190 147 126 121 129 146 133 131 136 135 129 127 131 115 112 121 118 108 92 357
225 228 226 217 222 230 222 212 223 215 187 178 169 166 173 212 220 169 170 153 153 198 234 232 210 220 249 250 239 246 246 234 224 225 223 225 253 272 296 316 319 327 341 332 348 28 25 23 16 355 351 0 14 5 335 351 21 22 356 330 344 347 321 311 292 284 306 327 337 137 128 108 105 116 129 169 180 168 148 133 138 144 128 125 130 121 123 130 131 119 114 120 114 96 34 341
219 228 233 231 241 242 229 227 233 215 183 168 161 166 180 215 209 172 164 157 162 205 237 229 216 248 262 257 251 255 250 232 226 233 234 230 244 245 238 246 258 254 253 263 261 60 50 53 26 346 350 8 13 3 346 351 18 21 351 328 355 341 317 311 279 278 281 264 136 138 143 123 117 123 130 147 163 171 157 145 148 154 146 141 145 135 128 128 124 111 106 109 102 38 350 336
215 225 232 224 232 228 222 231 231 213 181 157 141 141 176 220 204 169 155 153 170 215 240 243 249 260 257 251 248 251 246 235 241 244 233 223 230 226 216 224 224 208 209 212 200 186 139 44 17 350 349 0 3 1 2 6 19 15 348 339 352 343 329 342 320 289 249 173 149 152 153 128 122 126 128 136 149 165 151 147 152 151 152 150 145 140 140 140 137 129 124 121 99 328 331 328
228 241 237 223 229 223 216 216 209 195 182 172 167 149 163 224 205 159 136 141 189 249 265 273 284 272 263 253 243 243 239 225 227 226 222 219 229 228 216 225 219 200 203 211 211 210 245 333 5 353 349 356 355 359 14 22 15 353 338 344 348 344 343 348 344 303 180 151 144 159 162 140 135 143 138 143 162 168 143 139 148 135 140 151 145 134 136 142 135 134 136 112 331 324 332 331
247 255 241 225 225 215 207 209 203 190 184 181 182 167 167 194 186 169 152 156 246 282 284 275 262 262 262 255 251 251 237 220 222 222 214 209 217 213 202 216 219 206 221 248 257 262 272 287 334 334 341 350 352 356 11 14 2 351 346 353 354 351 355 1 30 103 145 134 129 149 156 141 132 139 132 136 166 170 148 147 157 140 141 152 151 136 130 137 127 122 124 331 318 318 325 319
224 222 205 204 211 207 204 214 209 190 186 192 187 165 160 176 181 169 166 202 262 274 272 256 242 253 255 245 246 246 232 223 226 224 211 209 212 205 199 219 225 215 241 260 268 271 272 276 294 304 325 346 353 352 1 0 355 350 348 358 2 357 14 65 104 120 141 139 134 138 140 133 118 113 113 119 149 151 146 150 154 140 143 154 154 149 144 150 136 125 289 298 297 303 312 298
216 216 204 205 208 202 201 207 199 192 192 195 185 165 149 160 180 165 191 262 279 275 269 255 244 246 241 222 221 216 214 218 223 223 213 216 216 204 207 232 237 232 252 264 272 268 264 270 288 297 318 347 1 357 353 353 357 354 225 143 149 165 162 135 123 123 130 134 131 135 137 143 142 129 114 114 132 126 128 137 139 126 132 148 149 148 148 154 141 343 313 307 304 310 321 302
227 229 221 216 210 203 204 205 196 195 193 186 180 174 167 166 180 181 257 282 285 272 257 238 238 245 237 219 219 213 211 210 210 210 199 202 203 200 218 245 254 262 272 276 275 271 273 280 294 290 301 339 14 19 351 108 136 158 177 164 148 158 162 128 114 116 120 123 124 130 131 139 145 141 126 125 141 131 132 144 144 124 124 136 133 133 133 45 331 326 324 311 308 314 325 316
216 225 214 211 206 205 212 209 197 192 187 179 177 178 180 179 182 223 265 263 239 225 221 218 229 242 237 223 222 214 203 207 211 209 200 210 224 238 271 288 294 299 293 285 273 283 295 295 298 286 281 197 144 146 165 164 146 152 182 179 161 162 164 139 126 122 127 132 124 117 112 121 130 132 125 127 142 128 130 148 154 134 131 141 131 101 359 341 320 316 320 309 312 319 316 313
214 214 197 197 195 194 204 206 193 186 179 172 177 184 190 185 193 242 250 227 211 207 211 208 214 221 210 205 212 212 206 239 259 260 265 285 301 315 302 308 319 315 302 309 324 317 320 320 313 290 254 155 152 150 159 163 139 138 175 176 170 165 159 136 124 124 134 141 133 131 121 121 130 130 125 126 135 117 116 136 147 139 135 141 98 6 345 332 329 327 327 317 328 339 317 313
225 209 193 196 198 194 202 199 187 184 180 178 182 192 198 193 222 247 236 211 209 214 222 225 240 245 235 251 280 308 331 322 325 338 340 321 314 323 302 300 316 306 288 299 316 310 307 305 299 276 178 149 148 148 158 164 136 134 160 163 172 165 154 131 118 120 134 147 142 139 135 137 146 141 140 148 152 119 109 121 127 125 105 16 334 340 342 327 326 326 323 310 324 348 325 326
337 278 226 221 216 203 200 194 187 185 187 188 190 207 213 208 233 255 267 273 267 280 298 309 306 310 321 318 321 331 339 330 330 340 348 341 329 328 300 284 275 286 287 279 260 245 237 245 257 233 133 137 136 142 149 156 152 153 165 158 168 173 163 136 125 122 128 145 145 139 134 139 148 140 143 157 165 139 122 119 91 33 1 4 344 330 337 325 319 313 310 297 305 336 318 319
3 0 359 353 357 1 291 275 257 247 227 213 213 232 226 220 240 261 280 320 327 328 336 335 332 335 330 307 312 326 330 322 320 327 335 338 332 321 290 268 256 270 275 266 245 234 236 253 265 236 106 116 120 140 138 130 148 168 170 145 153 175 163 143 140 139 132 144 159 151 138 138 142 132 136 153 161 145 123 93 10 357 350 357 350 341 342 336 338 332 318 297 296 317 304 300
4 4 1 358 8 9 357 358 357 356 8 13 320 260 238 236 244 256 263 281 302 316 333 335 333 342 342 309 309 327 331 323 319 325 315 302 300 292 282 277 278 265 263 269 270 245 247 255 253 191 115 115 112 136 148 116 108 174 159 120 126 157 142 135 142 149 132 135 165 159 148 152 153 143 142 153 151 109 46 14 341 340 335 332 342 349 343 335 340 345 335 319 316 329 321 310
5 6 1 0 7 4 1 1 0 0 11 12 1 359 353 333 276 267 264 259 264 269 277 282 284 304 323 300 296 311 315 311 308 316 315 312 312 302 293 285 278 266 265 265 264 259 262 258 253 217 100 95 91 97 118 107 120 167 169 136 126 127 103 107 124 142 127 126 156 154 150 156 156 146 137 90 345 349 5 4 352 342 327 315 333 358 341 323 331 339 328 326 328 330 331 323
2 7 5 3 359 358 4 1 2 2 4 6 5 7 10 13 352 267 247 236 240 238 228 239 244 243 247 258 258 250 251 254 245 242 256 268 276 278 278 270 253 259 260 246 229 247 268 272 276 303 74 76 74 59 45 84 112 166 167 144 135 130 100 92 96 119 126 129 145 141 141 147 119 36 1 348 332 337 358 359 350 343 337 326 340 8 355 324 329 335 304 305 320 321 345 130
1 11 9 359 355 357 2 4 6 0 356 2 6 9 16 21 33 298 236 229 236 231 220 219 210 211 218 237 243 234 238 238 227 230 226 220 221 240 251 244 236 262 269 257 252 271 285 288 292 329 53 58 53 44 51 78 84 64 102 122 144 141 115 92 78 90 106 118 119 111 84 2 358 349 351 345 324 329 350 342 336 338 338 332 347 19 358 331 341 355 317 306 322 349 124 135
3 9 0 350 351 354 0 9 9 359 357 359 0 8 17 20 42 42 285 252 252 239 221 221 217 216 227 242 243 229 229 224 211 208 199 206 219 237 249 243 243 269 281 302 297 301 306 301 299 329 46 48 43 56 71 76 67 34 69 95 125 131 120 110 83 79 81 73 57 45 6 344 344 342 349 351 342 347 352 325 325 332 335 335 2 36 341 319 344 3 333 316 345 80 101 109
2 2 346 337 345 348 357 8 5 359 356 356 356 10 16 13 30 28 7 336 268 238 230 240 238 235 254 264 253 232 228 220 209 202 199 214 217 225 227 218 243 273 280 298 297 301 305 295 287 233 78 39 39 48 60 68 60 45 63 77 89 106 110 111 97 82 72 37 23 20 359 344 331 328 339 347 344 352 354 333 328 334 336 353 26 35 329 302 329 1 335 321 44 78 70 55
357 357 345 340 350 350 351 0 0 0 352 349 350 4 10 9 24 23 15 15 1 268 235 236 230 225 246 254 244 235 236 228 213 212 218 222 218 222 224 227 252 261 249 236 262 272 269 260 245 177 238 327 16 36 46 56 52 47 60 75 84 93 95 65 32 43 28 9 12 15 6 359 323 303 310 323 331 341 347 336 327 326 326 6 36 22 343 316 317 346 304 315 76 83 76 67
350 348 342 342 355 353 348 356 358 357 351 355 354 355 6 11 25 29 25 31 23 2 334 244 230 225 242 239 220 219 221 213 206 222 223 213 220 233 245 253 257 247 230 229 249 252 238 237 224 192 249 289 346 40 52 54 50 51 66 80 89 91 77 358 358 8 11 10 20 20 10 9 348 323 313 301 310 327 334 331 317 304 300 12 39 17 358 342 180 182 217 202 127 87 84 92
335 327 328 338 349 345 344 351 350 349 347 357 359 357 7 7 15 26 29 34 25 13 23 1 245 237 247 241 219 220 220 210 212 219 206 195 204 218 234 244 248 243 235 241 251 249 230 226 221 217 257 274 299 58 64 63 57 49 56 63 66 66 31 331 336 355 40 66 44 15 7 12 358 337 331 296 291 310 325 339 340 312 295 94 81 51 62 97 127 161 195 195 190 124 89 92
336 328 331 342 342 333 334 344 335 336 339 348 356 1 6 7 13 27 29 27 21 14 31 37 346 258 252 245 227 230 225 215 217 212 200 192 205 219 226 223 226 228 217 231 246 240 213 214 227 238 271 277 262 101 85 74 55 48 56 56 43 32 11 343 346 10 42 37 353 343 2 28 16 325 327 297 285 289 299 326 3 276 215 160 155 151 136 118 111 124 167 201 215 188 96 72
327 320 331 345 344 337 339 347 343 339 335 337 350 6 5 10 22 34 33 32 26 15 31 33 10 345 304 243 213 220 219 211 212 210 205 202 226 239 234 222 228 229 209 228 235 213 193 207 221 222 250 265 243 110 97 83 58 67 79 70 48 34 12 349 2 11 16 3 340 341 6 35 33 335 310 294 288 291 288 262 136 184 185 164 158 157 151 129 101 96 123 192 212 220 153 76
312 303 315 335 335 333 337 343 347 349 344 345 354 1 7 19 33 43 49 49 35 20 30 23 5 2 10 19 209 223 218 201 200 207 212 226 261 275 274 257 250 239 214 235 233 200 191 217 228 225 243 242 211 115 89 89 90 87 87 86 76 57 29 346 9 354 344 342 331 344 26 46 42 357 321 308 308 308 294 151 132 146 172 154 149 160 141 87 78 81 92 150 208 230 212 120
314 300 304 319 316 319 328 332 335 343 346 346 353 358 11 28 30 25 25 20 20 21 15 10 6 23 43 39 16 266 232 215 217 231 242 259 279 297 320 314 286 262 238 250 249 215 237 269 270 270 259 242 223 168 101 90 90 91 83 59 27 23 15 3 358 335 328 328 322 1 57 64 55 353 319 304 307 313 199 155 140 127 146 155 173 225 288 76 85 85 81 85 198 231 219 164
313 301 304 317 310 316 329 329 321 322 338 342 349 348 7 29 22 12 14 9 17 16 8 12 16 31 41 35 23 356 321 316 324 313 287 279 279 287 319 316 302 292 290 273 254 225 275 293 300 292 275 255 243 200 109 85 72 80 73 28 9 13 10 8 352 332 329 338 348 37 59 62 53 336 306 296 287 161 173 200 113 106 127 157 210 226 192 149 135 113 87 74 99 217 227 216
303 302 302 307 300 307 326 327 328 332 345 359 4 351 349 16 13 12 18 6 11 12 16 27 25 30 32 21 12 1 349 343 345 349 322 293 282 281 298 296 290 291 295 294 281 280 284 290 306 311 309 288 259 194 141 118 86 76 60 3 354 2 6 3 340 327 328 355 53 80 69 60 27 344 315 289 208 153 203 244 176 100 109 160 228 209 180 165 148 130 102 91 107 175 221 219
288 292 292 288 284 286 301 308 318 331 340 3 10 0 353 356 359 3 10 4 3 21 43 42 27 26 22 12 9 0 352 351 352 0 347 323 312 310 326 314 303 304 301 311 322 315 293 293 309 322 330 320 242 165 166 179 38 32 20 358 357 355 354 354 326 320 331 60 85 67 52 36 1 346 328 218 178 169 216 226 175 117 106 153 218 194 177 176 151 129 119 117 116 152 227 232
281 280 284 281 276 272 272 277 287 306 316 343 1 4 359 352 350 349 359 5 13 33 37 26 19 19 14 9 14 3 351 352 353 353 344 329 328 340 343 329 321 324 317 322 330 314 292 293 305 309 260 191 152 149 174 241 297 351 9 359 0 355 349 356 328 297 162 108 90 64 57 28 326 160 140 164 178 185 224 223 171 120 105 129 190 186 181 191 188 151 123 122 116 136 245 252
275 271 268 263 263 265 266 267 268 275 289 303 333 1 5 356 341 332 347 17 34 49 44 25 18 8 6 9 17 15 359 355 346 334 330 323 329 356 345 327 318 318 315 324 327 307 290 281 239 177 180 183 174 167 213 261 274 302 6 352 346 347 352 14 22 188 167 144 124 121 112 143 172 161 149 153 168 209 240 232 171 118 108 116 159 184 186 199 202 161 131 132 136 173 239 247
267 262 255 262 269 266 257 260 258 255 267 280 293 328 347 354 347 336 358 62 78 78 70 44 4 343 356 13 30 31 14 0 337 326 328 331 348 5 345 315 295 291 293 313 317 302 288 259 174 166 175 192 196 204 240 250 254 252 272 315 308 319 63 111 128 156 162 155 147 147 119 124 150 159 147 142 165 210 219 210 184 140 116 104 120 174 196 212 205 149 133 139 163 204 213 230
261 262 256 265 269 257 248 256 258 254 261 267 264 270 295 329 345 344 13 35 33 42 45 28 351 316 335 32 52 47 27 354 326 317 322 335 2 13 354 329 305 297 300 315 316 306 292 203 151 155 169 208 226 247 255 251 252 236 224 253 262 179 148 129 116 136 154 157 149 136 108 114 137 165 141 122 149 201 205 201 188 171 156 129 125 162 201 209 190 133 126 141 178 200 202 213
254 252 238 248 245 235 245 254 253 247 252 250 240 250 262 275 308 325 359 21 27 32 29 19 6 343 346 33 59 50 25 347 316 309 314 331 1 13 357 333 313 305 310 323 326 322 321 135 134 141 164 235 261 265 259 266 264 232 228 251 240 133 147 141 106 104 138 180 169 132 98 102 118 153 142 102 100 165 199 198 185 179 173 155 138 150 187 185 171 143 131 144 174 195 209 207
258 246 231 244 243 240 255 262 254 235 238 237 233 254 267 266 261 277 312 14 39 39 24 20 20 7 351 18 31 19 4 344 334 341 349 347 356 16 351 318 310 309 308 314 326 1 100 125 110 113 151 207 229 233 230 247 256 234 251 258 227 111 130 153 126 113 125 196 184 170 97 86 72 96 142 140 136 155 200 196 164 167 168 165 168 144 146 157 158 153 141 139 158 188 204 197
253 242 243 254 254 249 256 259 246 227 237 239 233 248 258 256 251 264 276 341 49 51 25 25 39 32 343 353 13 12 359 331 330 359 11 9 5 2 346 333 330 325 306 292 285 107 104 114 119 118 132 183 226 234 233 242 240 259 283 274 244 104 119 142 133 127 133 184 187 174 120 97 79 94 126 149 156 195 229 166 140 145 150 164 187 151 137 135 143 158 151 126 135 176 198 196
230 220 227 244 251 246 251 249 230 221 240 245 238 248 253 254 255 264 267 281 40 36 9 5 27 31 350 332 356 9 359 326 320 359 16 22 8 356 338 331 339 306 246 216 183 164 156 138 124 125 122 130 246 248 252 254 247 267 287 278 190 108 129 146 150 152 154 183 192 160 141 136 106 95 105 132 159 233 221 152 136 141 147 151 157 141 143 136 139 166 169 132 115 141 190 199
230 221 232 246 244 232 242 238 215 213 239 248 244 258 263 260 259 266 265 266 326 10 7 357 23 27 357 333 346 4 1 349 341 353 36 48 11 350 322 287 156 167 187 187 179 185 189 168 150 157 176 170 240 251 257 265 274 273 271 252 154 127 135 147 162 160 160 191 202 146 145 173 146 108 107 131 181 228 203 156 118 128 161 151 139 117 122 126 134 162 169 160 146 138 151 186
239 233 246 249 238 229 239 235 213 226 247 243 235 250 250 240 251 268 267 259 276 326 19 357 25 28 350 320 333 8 12 16 13 13 50 44 7 348 355 121 138 137 161 178 177 191 188 169 158 171 197 201 245 275 289 305 314 302 287 210 140 135 132 134 151 144 148 195 205 145 141 188 149 116 125 159 188 193 189 203 115 96 136 134 133 94 83 93 111 143 149 161 180 168 128 161
230 229 239 241 238 239 245 241 225 243 249 238 238 250 248 240 255 263 259 259 270 290 7 355 6 18 338 305 293 97 97 96 82 55 63 60 37 -1 130 137 145 135 148 176 175 175 178 168 158 180 216 235 272 288 296 310 324 323 225 150 143 145 145 154 166 157 148 190 199 160 158 190 137 107 118 169 202 180 187 228 226 77 87 111 134 135 110 98 101 115 107 123 185 184 137 137
