data/Revelstoke/Fire2/slope.asc
ncols 125
nrows 46
xllcorner -1620000
yllcorner 438000
cellsize 100
NODATA_value -9999
24 27 31 27 24 36 38 31 29 29 29 30 26 22 19 20 21 21 26 21 23 28 30 37 41 36 53 56 37 36 48 42 29 31 24 14 12 11 12 12 26 23 10 11 28 30 11 14 18 18 17 19 25 31 36 26 10 7 14 12 17 36 53 49 56 86 90 66 58 76 99 93 69 48 26 22 36 41 37 50 50 30 29 33 28 30 47 51 47 68 72 59 63 74 71 60 59 60 35 26 51 62 63 73 86 95 101 100 101 93 78 81 93 74 82 80 65 67 67 60 52 57 53 41 40 
24 29 28 22 22 31 34 30 30 27 26 28 27 27 30 30 23 19 24 20 22 21 22 28 29 24 42 51 41 41 44 40 36 39 32 26 23 18 13 11 22 22 9 9 26 27 9 7 8 11 14 20 31 42 52 50 43 46 40 33 36 48 52 47 57 78 58 20 35 58 81 68 24 30 60 60 47 45 42 50 45 22 27 35 30 32 51 52 39 65 69 53 59 71 63 41 19 30 77 113 124 125 114 97 92 83 73 70 83 69 61 72 82 75 84 79 69 76 74 62 64 71 63 46 46 
28 35 33 24 22 28 29 23 24 21 16 16 19 24 29 29 22 18 25 29 33 33 34 36 27 22 35 43 37 43 40 31 31 36 32 29 27 21 13 5 12 25 32 41 58 66 43 22 15 11 14 25 32 32 45 64 70 63 50 46 57 60 56 57 70 73 40 16 49 47 31 49 50 39 42 49 43 39 39 48 41 27 39 47 41 41 55 53 35 66 72 47 49 65 52 15 38 86 119 134 130 124 123 115 111 102 98 95 95 68 67 68 62 61 68 65 55 70 69 50 51 64 61 45 51 
29 35 37 32 28 31 31 28 30 24 17 15 14 16 16 19 19 16 22 29 36 38 44 46 36 32 41 46 38 47 44 30 27 29 24 19 20 15 8 9 19 36 50 64 79 96 92 74 57 51 55 51 34 22 31 49 48 37 38 56 63 53 53 63 65 57 41 48 58 25 34 61 58 38 29 30 30 29 41 53 43 34 46 48 40 47 57 51 43 73 74 48 51 59 38 16 61 86 86 86 77 74 87 103 104 96 99 96 70 44 61 65 61 68 75 74 62 71 64 34 31 48 46 37 46 
26 31 34 33 31 30 28 28 32 28 23 25 31 34 30 28 23 16 20 28 32 30 43 43 36 35 42 42 35 46 46 32 29 32 27 17 21 20 17 18 24 30 35 41 37 53 73 77 65 64 66 55 43 37 40 40 45 46 48 58 40 32 47 46 38 39 43 49 26 16 41 63 62 43 37 34 50 56 58 58 43 36 42 41 35 47 53 48 52 73 68 46 47 38 26 41 81 106 100 100 86 77 77 78 69 63 64 53 33 46 55 50 57 71 71 72 67 79 70 35 32 42 39 32 42 
32 32 30 25 29 26 20 20 25 24 23 27 32 34 32 36 33 30 36 44 40 34 47 38 30 40 46 35 31 42 42 31 28 29 27 22 27 26 21 19 20 19 17 20 7 10 23 39 36 37 34 35 44 50 45 34 37 44 41 40 30 35 40 23 26 45 47 19 29 47 49 64 65 49 41 42 54 60 60 57 50 49 52 51 50 57 53 47 49 61 58 41 33 18 36 49 93 117 96 99 89 102 103 100 96 84 61 39 46 46 42 38 43 58 61 58 63 84 71 31 33 43 45 43 52 
39 40 36 28 34 32 25 22 22 19 17 17 16 16 16 29 31 33 39 43 36 37 51 37 24 44 47 33 31 41 39 28 27 26 25 25 31 31 29 32 29 28 34 38 31 20 7 21 31 29 27 29 34 38 34 24 21 28 37 40 37 38 35 29 33 42 31 40 69 65 52 62 62 46 45 49 43 38 47 57 53 54 58 55 55 59 58 56 58 65 57 39 13 22 36 45 89 109 80 94 85 93 96 89 74 60 62 57 40 41 45 41 35 63 72 60 64 76 59 38 43 46 44 45 62 
33 38 34 28 34 33 32 32 31 30 30 27 21 17 13 20 19 20 30 32 19 29 50 43 25 38 42 31 29 40 40 31 35 33 27 26 31 30 25 32 32 28 31 37 34 24 15 15 27 34 38 39 42 44 42 34 26 28 38 39 39 46 48 46 37 12 27 56 72 62 58 68 67 57 64 65 50 40 46 47 37 44 51 50 49 54 56 54 62 64 42 14 22 48 58 74 101 100 80 107 96 68 62 45 37 51 67 55 33 37 38 40 42 65 69 57 67 70 67 63 62 59 42 38 57 
32 36 26 25 31 33 35 39 36 34 34 31 27 24 25 31 38 42 43 28 20 38 51 41 23 34 39 28 25 33 34 32 35 37 34 33 37 38 36 40 35 25 21 23 22 19 26 20 15 27 36 41 45 48 55 62 67 78 87 87 86 82 70 53 30 27 34 50 55 45 50 58 59 53 62 57 41 43 52 50 45 57 58 49 48 52 54 47 55 43 6 19 44 59 62 82 101 88 83 120 107 72 64 58 55 53 57 46 35 39 49 49 45 52 53 59 81 79 80 82 76 73 53 54 58 
45 50 44 42 41 37 35 37 32 27 27 25 23 25 32 40 47 48 43 25 34 47 43 30 25 36 39 27 28 29 26 27 31 33 32 33 36 40 41 46 41 27 28 28 23 21 29 23 16 31 43 47 46 45 52 70 88 93 85 69 53 36 25 23 44 54 49 56 51 39 39 41 41 42 52 41 25 37 50 48 48 61 60 54 58 65 67 56 46 20 11 25 47 56 50 72 83 73 81 116 108 49 57 75 62 52 53 50 40 60 65 41 31 42 40 35 58 63 64 64 71 72 49 51 65 
45 50 46 46 47 45 44 47 46 42 33 29 28 28 31 32 33 33 22 32 41 46 37 22 23 36 39 32 37 39 37 33 32 31 26 28 28 29 32 42 41 28 35 35 24 20 28 27 22 54 72 73 70 60 58 56 40 18 2 19 28 32 34 48 64 60 50 44 40 38 45 47 46 47 49 36 24 35 38 36 38 52 55 53 61 65 56 35 15 7 24 40 65 67 55 77 87 70 80 110 98 26 58 77 59 49 38 38 46 67 62 41 39 47 44 46 60 58 46 46 74 74 37 39 52 
34 36 30 30 35 39 41 43 45 47 47 49 54 55 48 38 33 25 25 46 39 38 32 21 23 32 34 29 33 35 40 43 44 44 41 43 43 38 33 42 41 29 40 39 23 18 30 34 33 76 81 50 42 30 13 7 32 47 48 38 34 30 30 43 58 54 43 34 37 42 48 47 47 45 45 41 33 41 47 43 39 52 56 46 47 38 16 3 14 27 37 61 79 74 73 103 108 84 98 113 80 21 65 75 55 56 43 38 47 51 56 55 46 42 40 46 51 44 35 52 76 64 59 57 52 
50 45 34 32 30 31 33 32 31 36 45 53 58 56 49 39 34 29 43 42 34 39 43 34 30 33 28 24 27 28 33 42 44 43 41 39 33 25 36 50 45 38 44 34 19 26 37 40 42 83 67 10 32 42 48 55 60 55 48 45 42 38 38 51 60 54 43 36 38 36 43 42 34 32 42 44 33 45 57 49 46 60 62 45 31 14 8 14 24 36 46 79 88 75 87 114 106 81 94 98 55 21 68 74 58 66 55 46 47 41 44 47 51 34 29 29 47 40 27 58 61 59 77 80 75 
59 62 57 59 57 54 53 45 37 35 36 37 36 33 32 32 29 41 49 38 40 45 52 53 52 50 42 40 37 30 23 26 28 19 17 32 40 37 62 70 53 41 43 37 37 54 56 53 56 70 36 42 53 54 46 40 42 36 29 39 40 36 36 45 54 54 47 39 39 40 48 43 31 36 46 38 26 46 56 43 51 64 51 23 4 12 19 31 49 65 82 123 120 95 110 121 87 60 79 81 34 21 62 68 58 64 65 65 55 41 40 44 47 45 38 42 50 40 24 48 54 59 63 77 79 
32 49 55 58 57 54 60 65 64 63 60 53 47 41 32 24 22 42 45 38 38 37 37 37 43 39 26 25 31 33 36 52 57 55 54 55 53 45 69 64 33 25 38 44 44 48 41 39 45 35 27 49 47 41 33 28 32 31 25 27 28 28 29 36 52 58 48 41 45 51 56 51 45 54 56 43 33 45 56 44 46 39 16 9 17 25 35 53 68 81 95 134 126 118 149 149 119 109 99 65 18 25 53 53 45 50 53 56 44 39 41 36 36 47 55 54 52 40 36 52 61 59 55 57 58 
14 9 10 19 27 30 39 51 58 59 56 48 40 38 32 23 26 40 37 16 19 30 34 41 52 46 41 57 71 69 67 73 75 74 73 68 59 47 56 44 16 22 41 39 29 32 34 39 42 16 29 34 33 26 24 34 46 41 30 32 36 36 32 42 59 58 49 46 50 51 55 54 52 58 55 46 43 50 58 39 27 25 35 36 32 40 50 62 64 71 83 120 115 96 127 123 106 107 79 30 9 34 44 38 38 51 65 53 45 44 35 33 43 47 64 68 56 41 55 77 91 96 99 96 89 
71 63 56 49 35 13 6 5 5 5 9 15 18 26 26 23 29 49 53 38 61 84 87 84 78 60 47 64 69 57 52 58 56 44 39 41 36 30 33 30 17 30 39 26 24 27 33 46 49 6 30 26 28 21 23 42 43 31 22 27 31 33 42 64 71 59 62 68 63 56 58 52 43 50 47 39 40 45 40 17 20 36 47 60 76 87 91 101 103 94 86 118 118 74 93 94 58 32 34 34 17 29 34 28 28 52 66 54 62 61 54 57 57 55 59 70 60 50 69 85 93 102 112 118 107 
81 80 78 78 75 72 67 62 58 54 43 23 9 14 18 20 29 57 67 47 72 84 75 68 61 52 49 70 71 55 53 52 43 28 20 15 13 16 22 25 17 30 40 24 15 16 30 51 52 16 32 25 31 28 29 37 22 6 9 22 24 23 44 70 67 56 71 78 63 65 69 60 55 56 46 31 22 12 20 23 26 31 42 75 108 110 105 117 121 119 129 152 137 102 102 83 30 19 46 30 12 22 30 29 32 50 46 39 56 69 82 79 60 65 59 70 71 63 84 82 70 67 74 88 91 
50 53 54 54 59 72 77 74 71 68 69 72 68 55 36 17 21 55 69 60 80 70 33 25 26 24 32 60 62 39 35 33 25 15 14 15 14 17 22 24 14 24 41 29 12 10 26 45 49 13 26 20 31 28 16 28 26 20 22 26 23 14 41 64 52 48 72 72 50 60 64 56 49 39 21 3 16 35 45 48 46 43 60 107 110 93 82 96 96 103 141 155 126 102 80 35 13 42 37 12 10 20 26 30 49 56 31 18 33 65 87 79 69 59 53 68 92 118 137 123 114 113 109 104 90 
50 50 45 41 42 44 44 46 47 48 57 70 76 74 67 52 26 40 62 65 91 88 57 39 28 29 29 50 55 31 27 23 16 12 12 12 10 15 20 18 12 23 39 30 19 15 26 42 49 14 25 21 28 31 24 38 38 22 21 22 16 13 42 64 53 55 76 66 45 46 39 22 10 10 20 29 41 50 54 61 75 105 140 170 147 124 99 104 98 81 104 101 77 58 16 21 31 33 19 3 7 18 23 25 57 65 53 55 64 83 80 84 89 53 44 60 94 134 145 136 142 138 116 106 74 
40 41 43 46 51 54 57 53 45 42 43 43 45 51 57 60 48 4 49 60 86 91 79 73 57 52 51 62 63 39 34 28 19 18 16 18 18 21 22 16 13 27 35 21 20 22 32 51 54 22 31 30 25 28 30 54 45 4 9 15 16 23 39 50 58 78 73 44 29 26 12 13 21 29 34 36 47 50 49 73 124 168 185 181 137 115 108 144 133 103 102 101 59 15 30 33 19 18 13 2 2 11 28 37 58 71 86 98 99 90 74 98 114 107 97 81 91 108 110 108 103 81 100 107 67 
25 28 36 46 52 54 56 57 57 56 55 58 63 63 59 58 70 45 19 40 65 67 66 76 64 52 52 64 64 47 43 36 29 29 29 29 26 27 26 15 13 35 39 19 26 38 48 62 49 17 27 38 30 26 30 55 50 17 16 20 18 25 35 35 43 93 82 32 26 26 23 31 44 64 80 92 98 84 71 111 159 162 153 130 84 83 84 133 110 103 103 93 37 32 37 17 9 16 16 11 11 9 7 18 38 53 62 65 55 37 40 79 109 121 121 110 106 97 79 47 39 50 99 100 84 
24 25 29 34 33 32 33 39 48 52 53 55 58 61 66 71 90 94 70 40 38 49 50 59 53 43 53 59 50 42 44 40 34 32 30 31 31 36 37 27 23 45 43 19 35 49 50 51 29 3 7 25 39 39 38 49 48 30 25 27 23 26 32 28 26 83 85 42 42 45 43 44 56 79 96 112 126 139 159 187 185 162 159 127 92 81 75 102 63 64 72 59 28 45 36 20 13 21 25 23 30 40 42 38 28 13 11 12 15 20 10 23 56 68 70 67 55 36 23 26 38 48 70 73 89 
31 35 38 39 34 29 29 32 32 32 32 34 37 44 57 65 82 96 94 73 32 22 37 59 59 54 74 65 39 37 39 34 29 26 22 24 28 35 39 34 37 48 40 27 42 49 35 38 21 9 6 24 51 67 59 55 48 40 38 33 28 32 28 19 25 71 112 126 119 98 76 56 49 65 67 83 115 142 163 164 138 120 120 97 111 100 94 84 38 17 34 25 37 43 31 21 22 30 31 24 31 46 54 56 58 64 64 47 29 21 30 33 7 40 37 19 21 32 39 33 36 43 42 30 36 
27 32 38 38 35 36 39 42 45 50 56 56 49 47 47 46 53 62 63 70 62 42 16 35 52 53 84 79 50 48 49 44 38 34 25 22 25 29 32 34 42 43 39 38 53 53 34 40 30 16 18 53 55 83 76 60 51 45 49 43 31 35 20 20 39 65 94 105 107 105 99 93 81 78 66 92 119 109 93 81 73 76 71 38 80 88 73 30 12 30 45 40 32 37 33 20 30 37 31 22 24 25 30 40 52 63 76 72 49 32 31 52 49 47 54 51 47 50 46 37 36 42 38 32 32 
17 22 27 27 28 34 38 40 46 57 66 69 71 68 66 65 69 71 63 61 59 57 49 15 29 44 74 75 52 50 49 46 44 45 40 39 41 43 45 42 42 37 31 38 56 53 34 39 38 24 29 76 43 66 82 60 46 46 61 62 40 35 23 27 31 26 20 22 34 62 88 95 85 79 64 97 119 79 85 91 77 68 45 6 25 24 23 25 22 25 45 60 43 23 36 22 35 39 29 25 27 27 22 31 41 46 48 57 61 51 37 45 63 70 68 60 55 62 72 71 63 60 54 42 38 
25 32 32 27 25 28 31 32 39 45 47 51 59 59 59 62 66 74 76 73 67 61 64 50 15 29 62 65 44 45 42 38 42 45 46 44 46 49 55 57 57 49 38 47 60 51 38 43 44 34 46 80 35 46 70 57 39 41 57 69 59 53 47 45 35 26 30 29 38 69 83 78 46 43 48 90 109 75 81 55 29 24 27 34 35 34 34 29 23 25 25 33 41 24 25 25 39 41 27 28 33 32 27 34 34 29 38 51 63 59 50 51 58 63 57 49 44 54 71 81 71 65 59 51 51 
25 32 33 33 37 45 51 54 53 45 41 40 35 35 36 37 40 50 61 66 61 56 66 73 62 53 39 40 51 59 50 40 43 42 37 33 35 39 42 47 60 57 41 54 67 59 62 65 64 57 78 81 18 39 58 45 30 37 47 48 45 46 40 37 29 28 41 62 94 112 99 102 72 38 47 82 98 86 72 13 23 26 36 37 36 34 26 19 19 28 20 23 37 34 7 23 43 45 28 36 43 32 23 31 33 30 37 47 60 73 77 80 82 81 70 49 42 53 51 57 54 49 46 46 54 
21 29 30 32 43 53 55 55 57 57 56 53 50 51 50 41 34 34 37 43 42 41 52 68 80 76 48 8 26 53 56 51 56 57 47 33 37 35 25 23 43 48 33 50 58 49 54 64 67 57 96 97 38 27 51 39 22 37 47 37 25 25 19 16 18 26 47 79 110 92 71 82 82 56 70 103 114 86 38 12 19 12 15 22 24 14 4 8 14 30 28 17 30 42 23 18 38 43 32 51 51 25 19 31 33 30 28 26 32 51 65 67 67 70 77 79 68 70 68 77 86 72 53 48 57 
22 31 33 29 39 44 40 38 42 48 49 44 40 40 44 48 46 46 56 66 69 58 54 63 62 53 48 37 20 18 33 31 29 37 42 41 55 47 29 24 29 31 21 41 44 19 18 45 52 43 70 84 58 24 44 38 23 35 42 34 34 39 38 32 28 43 67 82 79 41 53 62 60 48 74 113 98 36 10 17 11 14 23 31 21 10 2 8 13 28 33 21 11 38 33 15 31 36 31 59 56 21 16 37 38 19 11 11 16 18 22 26 28 36 49 69 76 71 71 73 85 83 77 86 105 
22 34 37 33 44 44 35 33 32 27 21 18 14 13 18 35 48 55 63 70 81 88 85 74 60 60 62 50 38 29 29 33 33 32 39 49 66 50 21 21 25 23 19 32 36 19 35 60 51 44 46 55 53 22 32 30 26 36 34 26 37 47 51 51 56 82 107 99 57 29 46 64 50 35 74 103 45 18 20 10 2 22 35 28 21 18 14 16 19 24 25 27 13 25 38 18 26 30 26 57 57 29 20 42 41 12 11 15 16 21 25 34 32 30 41 39 45 49 54 48 50 67 80 94 112 
26 38 37 32 43 40 30 32 34 32 28 25 18 14 14 19 29 35 39 40 52 71 75 66 56 60 71 75 77 77 78 73 63 49 39 51 66 48 15 15 21 20 23 27 24 20 58 71 51 49 40 38 36 24 28 19 22 35 28 20 26 36 44 53 74 107 111 69 44 25 28 55 57 69 81 64 15 25 17 16 2 34 42 16 20 20 23 23 21 17 16 26 33 28 48 39 24 25 18 54 59 33 30 46 39 15 25 32 30 36 45 49 50 43 43 36 42 54 51 46 44 59 66 66 81 
32 36 29 29 39 34 22 28 31 28 26 27 29 26 24 26 31 38 46 48 44 37 39 47 49 55 65 77 84 85 84 77 68 64 62 72 72 45 19 19 24 23 32 34 30 35 69 80 63 55 43 29 9 29 34 19 6 37 50 51 47 42 47 57 84 103 63 35 55 25 23 38 57 63 32 26 38 30 27 26 19 38 42 13 21 20 20 17 12 10 18 33 48 30 44 43 16 21 14 48 59 37 40 45 32 22 36 44 53 62 66 59 59 60 46 32 38 45 46 52 67 82 90 89 90 
33 34 24 28 36 32 22 28 25 16 16 19 29 34 30 28 30 38 47 52 47 44 42 46 52 57 61 61 60 54 49 46 45 52 67 80 67 38 25 28 34 38 47 42 32 37 72 89 59 25 11 13 24 26 17 18 30 46 64 65 66 72 83 83 72 49 8 42 45 21 20 13 11 4 23 26 32 32 33 28 20 32 35 18 24 31 30 26 18 13 28 42 47 18 31 43 8 27 22 36 47 39 50 50 35 28 46 50 48 63 66 60 59 61 58 42 33 37 27 38 71 78 82 87 82 
31 33 23 26 35 32 22 30 27 15 15 17 19 24 27 25 25 30 30 29 29 36 34 29 34 46 61 67 66 53 39 31 31 42 53 55 38 25 25 30 37 41 44 31 24 36 74 76 28 41 55 54 38 21 11 23 51 37 33 42 62 82 78 54 12 32 49 46 35 17 20 18 26 32 30 27 27 25 32 24 15 26 30 27 23 28 28 27 25 24 44 55 42 14 23 47 18 37 30 33 28 27 49 54 41 39 55 57 42 47 54 58 67 79 87 83 51 23 28 35 72 74 39 48 55 
29 31 22 27 36 30 22 30 27 18 18 19 14 12 22 32 35 32 19 17 19 25 24 14 16 29 38 43 49 46 33 29 36 51 56 49 32 23 19 21 27 33 32 19 21 43 67 42 40 54 54 53 45 29 20 21 55 47 10 22 39 31 14 40 43 33 34 34 26 16 21 24 22 21 22 28 26 32 41 39 28 26 26 28 20 16 18 19 20 33 63 62 37 24 23 45 37 42 44 50 41 18 35 51 43 56 62 52 48 56 53 42 53 67 77 88 91 75 52 50 77 73 47 46 53 
28 30 21 33 36 24 24 31 28 19 23 21 12 12 20 24 29 29 27 33 33 36 33 22 17 19 13 15 28 33 28 27 39 50 45 33 25 23 21 21 28 36 32 22 33 53 43 14 31 29 24 28 31 31 24 17 44 50 39 34 29 25 47 47 38 27 25 18 11 7 21 29 22 16 17 24 16 23 39 48 48 42 32 29 26 18 19 21 21 44 70 55 39 41 38 42 43 41 61 63 59 58 48 43 36 64 64 42 46 65 60 38 51 43 34 50 77 94 90 81 84 66 58 71 72 
29 29 21 37 38 26 27 33 29 20 26 23 14 16 27 22 14 18 26 40 44 46 48 44 34 24 18 17 23 23 24 26 38 43 30 17 15 19 20 23 33 39 37 45 59 50 11 16 20 17 13 18 31 32 24 20 28 31 45 58 22 37 39 27 28 27 15 10 5 4 24 32 17 11 12 17 12 9 18 28 37 40 37 32 24 13 17 29 45 67 74 52 46 52 51 41 40 38 69 64 56 68 73 65 54 72 63 38 40 63 62 40 58 49 23 27 36 47 58 62 64 61 67 83 73 
28 25 22 35 38 29 32 32 26 21 28 27 19 20 29 25 14 18 18 24 35 35 38 44 41 28 22 27 36 36 40 55 72 58 31 16 12 12 12 23 36 38 47 63 55 22 18 14 13 15 16 26 44 43 32 32 24 13 35 67 21 41 24 18 27 29 13 8 8 6 23 31 16 13 14 19 18 10 7 7 11 17 24 25 16 11 22 44 68 74 60 48 51 63 75 71 71 68 75 73 54 60 67 66 54 74 69 49 48 58 57 42 57 50 26 25 26 35 46 50 53 61 70 78 54 
27 20 21 31 34 30 37 33 21 19 27 28 23 28 31 24 16 24 23 11 28 30 20 25 32 24 19 28 44 50 48 62 73 60 52 40 29 29 38 51 51 43 50 51 15 21 24 11 14 21 20 22 44 49 38 41 32 17 36 59 12 40 23 20 28 24 14 10 10 11 21 23 15 25 24 25 21 12 6 4 11 15 15 14 14 22 37 56 64 50 36 44 50 50 69 77 75 75 80 84 67 79 93 95 85 80 73 50 52 57 49 41 53 48 27 30 26 21 29 45 61 66 77 71 33 
30 27 28 36 36 29 40 36 20 18 27 28 21 32 35 25 18 27 27 11 17 33 34 40 48 42 28 34 42 51 53 59 49 36 45 46 38 39 45 46 29 14 28 45 52 46 25 14 20 23 15 8 28 45 41 36 33 38 41 46 6 44 33 36 34 25 21 18 15 17 24 16 12 32 31 17 10 11 9 10 15 14 10 8 15 39 56 67 58 42 38 42 43 23 31 47 48 46 61 70 54 67 79 84 93 93 91 69 60 61 50 39 49 47 27 30 27 20 25 42 54 52 65 46 7 
28 25 30 39 37 31 42 40 26 24 32 30 20 32 36 25 20 28 27 16 13 31 38 38 47 56 51 67 80 87 84 67 40 23 22 25 21 23 21 10 10 22 39 55 62 56 43 37 44 40 27 15 23 42 49 35 32 48 40 31 29 53 47 40 30 27 26 22 19 21 25 17 15 36 36 17 10 12 10 9 13 13 10 13 20 42 52 57 53 45 54 56 40 23 27 41 45 36 45 48 33 46 47 41 57 79 83 68 63 62 52 54 65 59 46 48 40 29 33 44 43 31 48 27 33 
25 20 28 37 35 32 42 40 27 26 34 31 25 36 37 27 28 31 24 18 23 17 21 17 23 36 44 70 70 63 55 40 23 14 19 21 17 17 10 6 16 23 26 31 34 40 49 57 62 53 43 28 28 49 61 52 47 47 32 13 44 53 39 22 13 16 19 20 23 23 19 13 15 43 47 30 24 26 27 18 8 14 8 15 17 32 49 56 50 34 43 49 40 25 34 36 50 49 50 44 33 46 48 34 43 57 57 49 51 52 47 59 69 61 55 60 58 57 59 56 46 36 38 12 39 
29 25 30 35 32 30 37 36 24 28 33 28 28 37 36 27 37 35 21 20 31 24 20 29 34 36 38 50 24 12 19 19 9 7 13 15 7 0 13 22 23 30 33 33 32 39 49 51 45 33 35 33 44 70 77 65 52 33 6 41 57 45 33 28 25 23 24 22 25 23 14 9 13 51 52 26 21 20 26 32 7 16 11 19 25 33 45 65 55 24 30 28 28 33 38 37 41 49 48 42 34 43 50 37 45 52 58 54 57 55 51 58 56 44 43 52 55 61 64 57 46 36 17 22 51 
30 29 34 39 38 36 40 40 29 32 33 27 29 37 34 25 38 36 22 23 34 31 14 26 33 40 36 17 16 20 24 23 12 6 13 18 14 18 27 30 29 36 39 35 41 53 62 63 47 28 27 48 68 74 72 56 32 7 34 54 42 28 28 35 35 35 34 31 37 37 26 17 26 59 46 8 13 7 11 35 21 14 16 24 34 37 45 61 49 24 33 35 28 40 47 40 30 34 35 34 32 43 50 39 47 49 49 46 60 74 76 80 78 63 49 54 54 44 38 30 22 15 15 48 57 
24 27 33 36 35 35 36 38 33 36 36 32 35 39 33 27 38 33 22 27 34 30 19 16 7 6 7 28 41 41 38 31 23 23 25 23 16 20 27 28 29 35 36 29 40 52 55 56 51 42 38 75 84 63 54 56 31 14 46 45 18 13 25 27 19 21 20 23 36 39 33 16 29 58 32 11 20 21 19 36 34 12 16 25 35 36 44 49 34 31 39 38 27 34 48 50 47 50 49 40 40 50 48 37 47 50 45 52 62 72 72 76 73 63 62 64 50 29 19 14 9 12 48 61 56 
