data/CentralKootenay/Fire1/elevation.asc
ncols 104
nrows 80
xllcorner -1620000
yllcorner 438000
cellsize 100
NODATA_value -9999
[rows 0 to 37 of 80, columns 0 to 83 of 104]
2245 2172 2101 1985 1933 1886 1794 1751 1712 1673 1605 1571 1544 1508 1497 1486 1472 1421 1386 1367 1359 1356 1353 1360 1382 1405 1435 1500 1537 1578 1625 1710 1751 1788 1860 1906 1960 2003 2060 2087 2106 2128 2162 2168 2169 2169 2171 2177 2185 2194 2203 2214 2240 2251 2268 2283 2307 2335 2378 2506 2518 2519 2494 2440 2420 2415 2484 2457 2401 2353 2303 2283 2263 2263 2256 2232 2191 2149 2147 2122 2027 1984 1955 1932
2238 2167 2107 1998 1943 1888 1796 1752 1712 1674 1605 1571 1542 1503 1492 1482 1467 1432 1397 1370 1358 1356 1352 1355 1377 1401 1430 1497 1532 1574 1620 1705 1748 1786 1852 1901 1951 1987 2026 2045 2070 2106 2135 2144 2146 2153 2158 2166 2185 2195 2197 2206 2238 2250 2265 2277 2313 2340 2388 2445 2420 2401 2390 2370 2379 2371 2428 2416 2382 2344 2279 2257 2233 2234 2224 2195 2155 2129 2125 2109 2030 1987 1953 1924
2200 2150 2056 2002 1950 1890 1794 1751 1712 1677 1603 1568 1538 1499 1489 1481 1469 1435 1401 1371 1357 1355 1351 1348 1367 1392 1428 1490 1526 1567 1612 1699 1741 1780 1850 1896 1938 1970 2013 2029 2051 2091 2100 2110 2121 2125 2131 2145 2177 2192 2204 2220 2235 2245 2259 2292 2319 2353 2418 2407 2386 2362 2344 2326 2295 2294 2322 2319 2306 2242 2221 2232 2212 2208 2184 2154 2119 2104 2097 2072 2010 1981 1950 1923
2204 2138 2028 1978 1929 1880 1785 1745 1707 1633 1600 1567 1536 1496 1487 1476 1456 1441 1412 1375 1357 1355 1357 1354 1365 1384 1410 1470 1505 1548 1593 1674 1732 1772 1841 1884 1922 1953 1998 2013 2031 2073 2082 2092 2103 2112 2119 2138 2156 2170 2187 2201 2231 2238 2252 2293 2329 2396 2397 2374 2354 2322 2286 2265 2251 2265 2291 2286 2277 2220 2199 2184 2168 2126 2099 2077 2042 2077 2065 2033 1993 1970 1944 1888
2210 2147 2032 1982 1940 1896 1791 1750 1707 1630 1593 1561 1534 1490 1481 1474 1455 1443 1420 1386 1360 1357 1360 1351 1363 1381 1404 1456 1492 1535 1618 1659 1703 1733 1808 1843 1879 1931 1955 1995 2011 2052 2062 2072 2090 2094 2111 2125 2145 2150 2171 2189 2221 2228 2245 2299 2339 2371 2350 2297 2271 2273 2243 2227 2225 2244 2268 2266 2263 2205 2179 2161 2136 2083 2060 2043 2018 2016 2007 1987 1963 1944 1919 1872
2190 2144 2036 1993 1948 1901 1799 1747 1698 1621 1586 1557 1530 1485 1477 1472 1453 1439 1422 1398 1373 1371 1370 1350 1360 1376 1399 1446 1479 1516 1602 1639 1681 1714 1788 1820 1852 1907 1928 1946 1952 1986 2011 2025 2050 2078 2099 2114 2135 2138 2161 2198 2215 2221 2232 2281 2326 2360 2314 2281 2250 2232 2213 2218 2210 2206 2220 2234 2249 2183 2143 2116 2089 2040 2028 2017 1994 1991 1982 1967 1943 1925 1903 1843
2173 2125 2032 1990 1945 1844 1793 1740 1688 1613 1583 1555 1503 1482 1474 1468 1450 1436 1420 1399 1373 1371 1375 1346 1352 1369 1387 1424 1448 1499 1583 1618 1657 1697 1766 1798 1830 1878 1898 1912 1921 1958 1980 1993 2032 2053 2067 2084 2130 2142 2153 2184 2206 2213 2222 2264 2300 2338 2304 2273 2245 2227 2213 2216 2208 2194 2197 2207 2203 2111 2075 2049 2009 1995 2001 1987 1971 1965 1954 1940 1929 1910 1889 1841
2157 2114 2025 1984 1941 1836 1787 1731 1683 1606 1574 1550 1497 1470 1465 1461 1445 1430 1415 1381 1369 1369 1375 1353 1348 1363 1393 1411 1433 1462 1542 1576 1605 1680 1715 1748 1806 1848 1867 1883 1898 1940 1960 1970 2015 2032 2048 2078 2125 2137 2147 2172 2191 2204 2218 2247 2273 2314 2294 2268 2253 2236 2213 2210 2205 2182 2177 2185 2182 2088 2052 2031 1993 1979 1956 1944 1951 1944 1931 1913 1913 1893 1875 1838
2142 2101 2018 1977 1935 1836 1785 1733 1682 1606 1574 1547 1499 1467 1444 1445 1431 1417 1401 1372 1365 1366 1374 1357 1343 1353 1385 1399 1420 1449 1523 1552 1582 1651 1687 1720 1747 1797 1824 1841 1881 1892 1933 1944 1989 2014 2043 2098 2113 2125 2134 2164 2190 2199 2222 2243 2271 2313 2306 2274 2254 2239 2204 2194 2195 2168 2161 2170 2167 2080 2050 2028 1984 1968 1948 1940 1944 1938 1920 1897 1885 1862 1850 1831
2094 2029 1997 1971 1932 1834 1788 1734 1647 1613 1580 1552 1500 1468 1435 1435 1423 1408 1389 1365 1356 1353 1357 1349 1339 1340 1375 1388 1405 1436 1500 1529 1560 1626 1661 1693 1718 1771 1801 1820 1864 1883 1908 1939 1995 2023 2044 2083 2097 2118 2127 2180 2190 2194 2228 2247 2275 2311 2313 2276 2250 2211 2196 2187 2185 2146 2130 2125 2101 2072 2055 2038 1990 1971 1950 1937 1935 1924 1908 1882 1873 1857 1844 1829
2034 2001 1977 1957 1926 1845 1801 1749 1659 1618 1585 1555 1498 1465 1429 1419 1409 1394 1374 1354 1349 1346 1350 1348 1340 1338 1352 1364 1385 1409 1457 1484 1518 1604 1636 1660 1676 1744 1783 1822 1872 1899 1930 1963 2028 2045 2062 2089 2104 2127 2151 2198 2214 2233 2290 2272 2283 2302 2301 2277 2248 2203 2185 2176 2174 2144 2120 2108 2086 2066 2050 2037 2021 2006 1973 1970 1954 1922 1907 1876 1872 1864 1840 1834
1944 1950 1950 1930 1902 1841 1802 1751 1657 1615 1579 1540 1467 1437 1408 1385 1375 1376 1359 1345 1344 1341 1343 1345 1340 1336 1349 1357 1373 1416 1439 1466 1493 1542 1580 1633 1719 1763 1803 1836 1881 1908 1942 2013 2050 2069 2080 2107 2130 2166 2197 2246 2265 2287 2320 2299 2270 2266 2256 2247 2231 2185 2172 2162 2161 2145 2119 2095 2073 2065 2052 2041 2023 2013 1996 1997 1968 1942 1927 1896 1882 1870 1856 1849
1795 1882 1890 1887 1871 1825 1790 1744 1651 1610 1566 1515 1436 1409 1394 1372 1360 1352 1348 1344 1341 1339 1338 1343 1338 1335 1346 1353 1363 1402 1423 1444 1463 1553 1604 1639 1710 1749 1786 1824 1884 1911 1943 1992 2028 2065 2105 2139 2154 2185 2223 2240 2272 2301 2313 2288 2259 2247 2235 2228 2218 2166 2149 2143 2130 2119 2104 2085 2061 2058 2056 2048 2028 2021 2022 2001 1992 1980 1955 1929 1914 1893 1904 1886
1730 1710 1718 1739 1740 1736 1717 1687 1639 1595 1546 1442 1407 1386 1374 1359 1354 1351 1345 1344 1343 1343 1339 1340 1334 1332 1336 1342 1347 1378 1404 1422 1462 1559 1603 1634 1691 1735 1776 1809 1876 1906 1939 1987 2022 2055 2088 2121 2130 2142 2180 2201 2251 2279 2294 2266 2248 2228 2215 2213 2209 2152 2142 2132 2103 2095 2086 2079 2051 2044 2056 2047 2039 2036 2036 2001 1998 2005 1970 1956 1949 1940 1958 1952
1664 1638 1645 1660 1673 1670 1655 1632 1586 1554 1507 1421 1392 1369 1362 1355 1354 1351 1346 1346 1346 1342 1337 1339 1332 1334 1333 1335 1340 1367 1383 1407 1475 1524 1566 1605 1683 1727 1768 1798 1863 1898 1931 1981 2015 2052 2076 2101 2112 2118 2148 2176 2209 2231 2245 2232 2223 2197 2183 2197 2191 2139 2130 2115 2080 2077 2072 2070 2047 2041 2045 2043 2034 2030 2035 2011 2007 1996 1983 1980 1981 1978 1980 1984
1610 1582 1580 1583 1611 1618 1609 1593 1557 1534 1494 1424 1390 1369 1364 1360 1357 1353 1348 1344 1343 1341 1330 1334 1333 1337 1332 1331 1336 1362 1378 1397 1457 1496 1543 1584 1658 1692 1723 1800 1845 1878 1913 1978 2007 2039 2069 2079 2090 2097 2123 2153 2183 2204 2204 2198 2197 2175 2165 2160 2150 2106 2098 2091 2057 2057 2058 2062 2048 2040 2039 2040 2036 2028 2026 2019 2010 1999 1984 1980 1985 1999 2028 2046
1508 1487 1468 1473 1494 1554 1557 1534 1524 1508 1481 1428 1395 1371 1366 1361 1357 1355 1356 1346 1345 1340 1330 1319 1322 1338 1331 1331 1331 1354 1370 1387 1445 1483 1523 1563 1632 1669 1711 1791 1834 1871 1899 1961 1994 2015 2044 2054 2063 2082 2107 2128 2155 2169 2170 2171 2171 2154 2148 2143 2109 2095 2088 2085 2055 2043 2040 2057 2059 2047 2039 2038 2033 2030 2032 2023 2013 2005 1987 1984 1990 2005 2068 2089
1470 1459 1457 1452 1452 1449 1449 1441 1443 1450 1446 1435 1404 1377 1365 1360 1359 1371 1367 1355 1348 1338 1325 1314 1316 1340 1330 1321 1329 1345 1356 1372 1418 1468 1503 1540 1613 1658 1706 1781 1827 1863 1888 1948 1981 2005 2030 2037 2046 2054 2068 2082 2095 2109 2109 2111 2136 2130 2129 2127 2094 2088 2079 2073 2055 2041 2038 2048 2061 2054 2039 2044 2049 2044 2028 2028 2028 2034 2004 2003 2012 2072 2104 2117
1492 1489 1483 1475 1457 1452 1445 1434 1429 1423 1417 1413 1407 1392 1365 1371 1392 1386 1381 1368 1356 1335 1318 1311 1304 1334 1327 1319 1325 1341 1355 1365 1403 1438 1474 1554 1597 1643 1694 1788 1828 1862 1918 1943 1970 1990 2014 2016 2025 2034 2045 2057 2073 2082 2084 2086 2086 2092 2091 2081 2063 2069 2067 2061 2053 2039 2037 2042 2055 2056 2041 2053 2057 2057 2048 2047 2049 2055 2063 2061 2079 2159 2177 2186
1590 1589 1527 1513 1492 1484 1474 1457 1452 1449 1446 1443 1420 1398 1379 1390 1404 1410 1384 1367 1352 1331 1317 1304 1298 1324 1320 1313 1322 1337 1348 1359 1394 1424 1459 1538 1589 1639 1683 1786 1822 1852 1913 1936 1948 1960 1993 1996 2002 2018 2023 2034 2048 2058 2059 2068 2063 2061 2057 2048 2044 2053 2046 2044 2048 2040 2037 2038 2053 2062 2055 2068 2071 2066 2067 2067 2078 2091 2097 2097 2109 2190 2208 2190
1635 1634 1618 1594 1580 1565 1551 1519 1474 1468 1456 1446 1422 1400 1392 1405 1416 1412 1407 1388 1368 1332 1315 1302 1289 1314 1316 1310 1312 1323 1342 1354 1388 1414 1447 1527 1579 1631 1678 1786 1819 1849 1903 1926 1941 1950 1965 1968 1963 1975 1982 1986 2023 2033 2034 2033 2023 2023 2021 2017 2018 2024 2025 2030 2036 2036 2035 2038 2044 2065 2106 2107 2107 2106 2094 2087 2107 2134 2129 2126 2151 2222 2229 2168
1675 1677 1667 1644 1629 1606 1585 1555 1540 1526 1474 1463 1452 1435 1411 1426 1436 1433 1421 1406 1392 1342 1323 1303 1297 1309 1309 1305 1308 1320 1332 1361 1378 1404 1438 1525 1574 1625 1733 1777 1813 1842 1887 1910 1931 1938 1952 1949 1942 1952 1960 1961 1959 1952 1953 1953 1949 1952 1953 1984 1986 1990 2001 2015 2022 2029 2032 2036 2035 2062 2133 2130 2128 2126 2119 2127 2147 2180 2190 2189 2195 2236 2209 2152
1720 1719 1707 1687 1679 1659 1632 1588 1581 1554 1509 1494 1478 1461 1465 1467 1476 1458 1450 1438 1418 1363 1333 1304 1298 1306 1305 1301 1306 1317 1332 1359 1378 1405 1435 1526 1577 1635 1733 1764 1796 1824 1857 1893 1912 1922 1929 1928 1918 1927 1931 1927 1920 1925 1924 1917 1917 1920 1924 1930 1929 1931 1940 1954 1960 2015 2021 2022 2030 2064 2147 2157 2144 2143 2166 2162 2174 2218 2225 2228 2246 2213 2192 2185
1832 1836 1830 1827 1803 1715 1679 1654 1625 1596 1547 1528 1510 1497 1487 1487 1491 1465 1450 1432 1417 1379 1346 1311 1292 1302 1297 1299 1306 1315 1327 1361 1382 1406 1435 1521 1569 1626 1711 1742 1766 1795 1821 1831 1845 1867 1869 1865 1868 1895 1893 1891 1889 1889 1892 1885 1888 1892 1899 1903 1904 1905 1912 1920 1918 1935 1979 2000 2023 2059 2146 2173 2164 2204 2224 2233 2235 2265 2278 2295 2277 2212 2195 2178
1880 1889 1890 1874 1853 1827 1771 1756 1729 1691 1631 1568 1544 1511 1512 1509 1502 1476 1459 1439 1392 1374 1351 1315 1282 1295 1293 1293 1305 1324 1348 1372 1386 1412 1436 1509 1551 1603 1677 1702 1733 1756 1790 1799 1806 1822 1828 1830 1833 1831 1829 1835 1831 1830 1828 1827 1861 1866 1872 1878 1883 1888 1891 1895 1890 1903 1963 1992 2017 2048 2125 2165 2188 2241 2268 2303 2333 2401 2361 2335 2244 2212 2202 2182
1930 1941 1942 1912 1882 1857 1807 1784 1760 1718 1661 1631 1598 1558 1555 1539 1522 1489 1465 1440 1398 1364 1343 1319 1279 1288 1283 1297 1307 1328 1364 1395 1393 1412 1457 1480 1506 1536 1583 1607 1679 1728 1747 1758 1769 1786 1795 1802 1807 1805 1804 1806 1808 1808 1805 1809 1822 1829 1840 1854 1859 1863 1879 1880 1880 1884 1944 1974 2002 2031 2109 2154 2186 2242 2270 2305 2345 2430 2423 2365 2284 2242 2223 2225
2021 2021 1969 1943 1904 1881 1826 1804 1779 1746 1687 1658 1619 1578 1568 1548 1528 1497 1478 1459 1414 1386 1358 1330 1278 1274 1280 1299 1309 1339 1382 1418 1419 1426 1438 1450 1479 1508 1547 1566 1587 1635 1664 1683 1698 1736 1771 1776 1777 1770 1775 1781 1788 1786 1782 1799 1807 1817 1828 1848 1853 1862 1882 1886 1887 1889 1919 1935 1953 2003 2091 2138 2179 2242 2280 2320 2360 2448 2431 2392 2315 2271 2241 2231
2077 2063 2019 1990 1964 1931 1859 1832 1792 1729 1705 1681 1641 1589 1574 1555 1514 1498 1481 1459 1415 1390 1359 1332 1293 1275 1279 1290 1307 1349 1397 1440 1449 1456 1467 1466 1468 1482 1518 1540 1568 1618 1646 1666 1686 1718 1729 1734 1735 1737 1745 1755 1780 1772 1774 1788 1799 1816 1835 1862 1871 1882 1898 1906 1906 1904 1915 1927 1941 2018 2059 2113 2162 2265 2305 2337 2433 2463 2434 2404 2332 2287 2262 2200
2125 2109 2046 2018 1992 1946 1867 1837 1811 1753 1730 1694 1656 1604 1581 1558 1517 1498 1479 1456 1412 1385 1355 1312 1291 1271 1277 1288 1307 1347 1440 1472 1507 1518 1534 1534 1535 1493 1505 1528 1555 1609 1639 1663 1682 1706 1714 1719 1737 1751 1766 1779 1797 1807 1822 1842 1858 1880 1902 1887 1904 1918 1929 1938 1929 1919 1922 1932 1943 2017 2059 2104 2163 2269 2316 2371 2489 2479 2434 2405 2317 2276 2251 2181
2159 2141 2074 2046 2006 1954 1872 1844 1818 1759 1729 1694 1660 1607 1581 1559 1516 1494 1472 1447 1400 1379 1351 1310 1287 1270 1275 1292 1305 1344 1448 1489 1528 1548 1571 1575 1578 1580 1575 1577 1596 1623 1640 1663 1694 1697 1702 1708 1752 1773 1800 1831 1835 1852 1865 1879 1896 1916 1934 1937 1942 1953 1977 1984 1982 1973 1936 1944 1954 2022 2061 2111 2168 2263 2317 2377 2483 2451 2416 2379 2298 2261 2219 2143
2216 2186 2104 2062 2016 1917 1880 1851 1820 1757 1726 1691 1633 1603 1578 1557 1510 1488 1463 1439 1392 1362 1335 1305 1286 1266 1272 1295 1308 1348 1456 1505 1541 1570 1606 1610 1612 1620 1619 1617 1631 1654 1672 1695 1721 1731 1740 1752 1812 1851 1840 1881 1894 1928 1912 1913 1928 1940 1961 1958 1955 1972 2014 2012 2002 1994 1997 1998 2006 2065 2105 2150 2216 2258 2315 2385 2461 2412 2369 2339 2261 2235 2197 2133
2234 2193 2096 2053 2015 1931 1894 1858 1822 1758 1725 1693 1632 1600 1576 1555 1505 1481 1455 1409 1381 1353 1328 1303 1283 1265 1281 1292 1314 1364 1475 1526 1566 1598 1627 1646 1655 1664 1667 1660 1678 1704 1713 1731 1752 1763 1776 1796 1861 1901 1938 2007 2040 2031 1998 1996 1968 1975 2005 1978 1971 1989 2077 2055 2030 2028 2035 2040 2057 2128 2160 2189 2270 2303 2318 2362 2423 2369 2315 2264 2228 2202 2174 2131
2217 2158 2055 2019 1982 1918 1884 1846 1815 1754 1722 1690 1624 1591 1562 1538 1495 1468 1451 1399 1372 1345 1317 1298 1283 1264 1285 1294 1323 1372 1484 1538 1578 1641 1664 1685 1703 1733 1743 1746 1731 1743 1750 1764 1780 1796 1814 1874 1921 1973 2005 2059 2084 2073 2036 2007 2021 2050 2031 2027 2041 2077 2117 2096 2085 2073 2081 2089 2116 2183 2217 2238 2301 2317 2321 2360 2422 2359 2289 2215 2190 2170 2156 2135
2149 2078 2043 2013 1974 1886 1854 1822 1794 1736 1707 1686 1622 1588 1557 1531 1485 1458 1434 1378 1350 1324 1293 1270 1255 1259 1293 1303 1333 1383 1493 1549 1593 1652 1676 1698 1716 1752 1766 1776 1790 1798 1814 1835 1826 1841 1880 1924 1972 2023 2066 2117 2124 2093 2028 2012 2025 2050 2045 2068 2092 2137 2134 2143 2170 2205 2207 2239 2248 2242 2260 2272 2306 2323 2328 2358 2414 2332 2263 2200 2174 2157 2151 2138
2162 2090 2053 2013 1970 1877 1848 1818 1767 1731 1704 1683 1612 1580 1546 1501 1473 1448 1426 1370 1339 1313 1267 1250 1263 1280 1305 1324 1354 1399 1511 1561 1607 1662 1689 1710 1731 1772 1786 1795 1808 1829 1842 1861 1847 1870 1914 1999 2034 2071 2102 2136 2150 2117 2055 2033 2034 2047 2077 2110 2137 2175 2184 2196 2217 2292 2280 2283 2304 2309 2296 2296 2344 2353 2343 2392 2414 2330 2252 2181 2155 2150 2149 2143
2183 2099 2056 2014 1972 1889 1858 1827 1776 1745 1710 1675 1609 1575 1541 1494 1462 1439 1417 1360 1325 1298 1249 1256 1272 1285 1312 1332 1368 1467 1522 1574 1619 1685 1712 1738 1786 1789 1806 1819 1818 1838 1862 1878 1869 1893 1935 2011 2046 2082 2115 2145 2156 2159 2133 2106 2080 2073 2172 2193 2188 2206 2219 2238 2249 2345 2316 2308 2309 2303 2299 2308 2364 2360 2353 2385 2388 2354 2258 2209 2170 2155 2152 2140
2203 2110 2060 2016 1975 1909 1875 1847 1777 1742 1702 1671 1606 1570 1535 1477 1446 1415 1394 1340 1305 1275 1245 1264 1272 1288 1318 1338 1372 1474 1529 1580 1624 1691 1720 1746 1802 1828 1848 1862 1854 1867 1876 1916 1893 1910 1953 2025 2059 2096 2146 2157 2168 2181 2146 2125 2106 2138 2187 2215 2220 2255 2258 2257 2275 2396 2364 2330 2321 2312 2308 2322 2371 2364 2361 2380 2371 2340 2277 2231 2198 2182 2151 2136
2225 2172 2142 2093 1990 1945 1900 1863 1774 1735 1698 1635 1600 1563 1527 1467 1434 1403 1383 1329 1300 1273 1259 1262 1284 1293 1331 1357 1379 1479 1532 1584 1624 1697 1725 1755 1813 1842 1865 1882 1885 1895 1895 1931 1928 1944 1974 2045 2085 2120 2159 2173 2187 2201 2157 2132 2122 2180 2213 2242 2235 2258 2254 2267 2349 2417 2438 2402 2386 2370 2363 2417 2430 2388 2384 2374 2358 2337 2304 2261 2251 2220 2154 2144
