data/CentralKootenay/Fire1/elevation.asc
ncols 104
nrows 80
xllcorner -1620000
yllcorner 438000
cellsize 100
NODATA_value -9999
[rows 38 to 75 of 80, columns 0 to 83 of 104]
2218 2149 2120 2077 1986 1934 1893 1850 1753 1719 1681 1620 1594 1557 1523 1455 1424 1398 1351 1317 1294 1272 1251 1257 1280 1311 1334 1362 1399 1491 1543 1591 1669 1702 1732 1762 1824 1856 1881 1900 1914 1912 1920 1945 1947 1962 1985 2054 2097 2128 2188 2206 2220 2222 2186 2174 2186 2220 2243 2260 2245 2259 2260 2280 2369 2433 2483 2452 2431 2423 2430 2454 2452 2448 2435 2408 2392 2371 2334 2297 2292 2256 2170 2160
2187 2104 2077 2044 1967 1926 1884 1841 1748 1710 1674 1613 1578 1548 1514 1440 1404 1381 1328 1312 1288 1273 1233 1255 1278 1316 1340 1370 1411 1500 1545 1591 1668 1704 1740 1772 1842 1876 1906 1951 1954 1925 1937 1953 1964 1981 2020 2065 2107 2133 2200 2223 2238 2243 2221 2205 2224 2275 2308 2303 2282 2262 2282 2300 2385 2462 2540 2517 2489 2516 2509 2482 2473 2470 2456 2434 2418 2394 2355 2348 2344 2351 2310 2244
2127 2083 2034 2005 1945 1911 1873 1830 1741 1704 1668 1604 1568 1538 1505 1429 1402 1377 1323 1300 1276 1269 1228 1261 1295 1324 1348 1380 1423 1503 1545 1587 1665 1705 1740 1776 1843 1882 1915 1967 1975 1966 1963 1977 1997 2015 2050 2078 2115 2144 2210 2234 2246 2271 2247 2235 2255 2298 2326 2324 2299 2285 2305 2343 2432 2499 2576 2601 2630 2635 2569 2518 2499 2490 2482 2457 2440 2411 2378 2372 2369 2377 2366 2324
2135 2095 2058 2023 1944 1901 1858 1774 1739 1694 1656 1597 1567 1533 1463 1429 1397 1372 1316 1292 1273 1245 1233 1276 1313 1340 1366 1399 1435 1505 1541 1581 1662 1706 1740 1775 1840 1883 1922 1976 1991 1991 1978 1989 2010 2021 2060 2083 2116 2144 2216 2247 2268 2308 2280 2273 2283 2323 2343 2352 2340 2334 2348 2372 2465 2541 2602 2637 2661 2667 2671 2601 2573 2553 2522 2502 2460 2433 2403 2400 2404 2420 2406 2389
2064 2054 2035 2014 1936 1891 1849 1766 1732 1692 1652 1590 1558 1528 1452 1422 1389 1362 1310 1284 1267 1234 1239 1290 1329 1353 1375 1402 1468 1503 1536 1565 1644 1686 1722 1794 1825 1867 1919 1984 2005 2008 1996 2006 2017 2026 2071 2095 2123 2144 2212 2248 2265 2316 2326 2328 2326 2375 2395 2410 2364 2374 2376 2397 2514 2561 2584 2622 2653 2689 2718 2642 2609 2585 2547 2519 2499 2480 2456 2462 2476 2472 2435 2422
2018 1985 1957 1945 1909 1876 1835 1758 1725 1686 1650 1587 1555 1524 1450 1409 1375 1351 1302 1276 1247 1216 1248 1297 1332 1364 1389 1417 1467 1495 1532 1558 1639 1674 1701 1776 1809 1858 1897 1983 2019 2038 2025 2030 2026 2036 2078 2105 2129 2165 2207 2246 2251 2317 2340 2356 2379 2401 2419 2418 2389 2401 2424 2466 2554 2557 2581 2612 2642 2679 2730 2669 2642 2618 2574 2547 2531 2524 2506 2515 2512 2490 2480 2472
1991 1951 1909 1832 1804 1783 1817 1746 1715 1677 1610 1582 1551 1517 1445 1403 1368 1343 1299 1274 1245 1229 1270 1307 1351 1395 1411 1433 1480 1514 1547 1576 1639 1670 1708 1786 1823 1857 1893 1986 2028 2051 2039 2042 2049 2060 2097 2121 2141 2156 2196 2238 2241 2312 2345 2376 2414 2421 2433 2420 2403 2413 2434 2528 2546 2562 2585 2638 2671 2722 2752 2704 2686 2648 2607 2590 2591 2592 2588 2565 2547 2511 2499 2491
1983 1942 1898 1801 1762 1740 1714 1688 1675 1654 1598 1570 1544 1513 1437 1395 1363 1316 1297 1271 1240 1236 1280 1317 1395 1407 1420 1442 1504 1541 1565 1617 1659 1700 1746 1800 1839 1878 1917 1998 2040 2064 2058 2056 2060 2070 2109 2132 2144 2169 2207 2230 2242 2302 2334 2377 2462 2438 2430 2420 2422 2430 2444 2529 2548 2573 2598 2684 2758 2796 2815 2748 2712 2695 2702 2711 2709 2674 2654 2599 2567 2534 2522 2513
1976 1938 1890 1794 1748 1714 1686 1654 1645 1636 1595 1567 1537 1505 1422 1388 1359 1308 1288 1266 1238 1244 1289 1326 1400 1415 1426 1449 1514 1551 1584 1640 1670 1704 1749 1843 1882 1915 1996 2026 2058 2072 2081 2072 2077 2103 2122 2141 2148 2179 2213 2228 2246 2307 2328 2370 2451 2465 2443 2444 2464 2466 2470 2524 2553 2587 2628 2741 2766 2748 2782 2780 2753 2748 2771 2753 2734 2695 2674 2649 2617 2582 2582 2580
1983 1944 1907 1808 1764 1725 1661 1646 1631 1623 1590 1562 1531 1495 1415 1380 1351 1306 1286 1269 1235 1262 1303 1336 1406 1421 1432 1456 1522 1559 1596 1665 1698 1732 1770 1853 1895 1937 2010 2040 2065 2088 2113 2104 2109 2150 2166 2172 2158 2197 2218 2230 2298 2314 2331 2369 2442 2484 2471 2480 2482 2484 2493 2575 2592 2613 2609 2603 2592 2597 2720 2750 2792 2812 2814 2783 2758 2732 2699 2667 2639 2611 2616 2619
1988 1949 1917 1843 1812 1780 1716 1686 1661 1621 1586 1553 1520 1445 1407 1371 1344 1304 1287 1265 1216 1266 1301 1339 1403 1424 1447 1473 1534 1570 1608 1688 1714 1751 1788 1870 1914 1953 2014 2047 2074 2096 2122 2124 2125 2165 2187 2211 2229 2279 2285 2293 2317 2331 2338 2378 2455 2507 2504 2498 2501 2509 2525 2575 2555 2570 2566 2562 2557 2562 2598 2637 2670 2723 2751 2764 2775 2774 2741 2695 2640 2639 2657 2680
1994 1959 1924 1870 1847 1820 1745 1707 1672 1637 1582 1553 1519 1431 1395 1363 1337 1301 1285 1260 1220 1267 1300 1337 1407 1429 1454 1503 1534 1574 1613 1692 1730 1764 1839 1878 1920 1961 2018 2052 2081 2119 2131 2138 2148 2177 2199 2218 2240 2300 2331 2347 2349 2355 2372 2404 2505 2541 2521 2484 2523 2557 2591 2534 2515 2529 2538 2537 2529 2534 2569 2590 2618 2669 2685 2679 2685 2733 2763 2727 2676 2670 2700 2755
2003 1968 1940 1905 1880 1837 1746 1708 1678 1638 1577 1544 1509 1429 1394 1358 1327 1292 1279 1257 1224 1258 1294 1333 1408 1434 1460 1505 1534 1575 1617 1696 1733 1765 1837 1878 1921 1957 2018 2047 2073 2112 2129 2143 2149 2177 2191 2208 2257 2282 2315 2337 2369 2403 2429 2494 2503 2496 2466 2445 2477 2522 2532 2471 2463 2472 2488 2519 2513 2525 2539 2553 2571 2612 2621 2618 2626 2684 2711 2676 2617 2607 2618 2645
2050 2034 1987 1939 1886 1834 1741 1705 1673 1597 1567 1534 1499 1422 1388 1351 1298 1285 1273 1254 1216 1247 1282 1323 1402 1434 1466 1510 1538 1575 1616 1694 1733 1768 1834 1878 1919 1950 2011 2038 2067 2099 2112 2126 2130 2142 2156 2167 2217 2241 2262 2300 2347 2388 2423 2464 2460 2444 2419 2414 2439 2484 2461 2442 2432 2433 2445 2456 2474 2472 2455 2461 2475 2559 2572 2571 2597 2628 2634 2606 2570 2569 2581 2604
2047 2034 1980 1930 1876 1827 1732 1694 1659 1576 1541 1513 1481 1418 1383 1346 1285 1274 1261 1248 1201 1234 1273 1361 1395 1437 1469 1513 1539 1573 1649 1685 1723 1756 1829 1871 1907 1942 1998 2025 2057 2079 2078 2086 2093 2100 2121 2133 2191 2215 2228 2241 2278 2304 2348 2381 2382 2396 2378 2392 2421 2456 2416 2411 2409 2423 2422 2419 2439 2444 2435 2430 2445 2486 2495 2499 2505 2513 2521 2509 2532 2544 2556 2603
2000 2002 1958 1914 1864 1815 1723 1683 1646 1566 1528 1498 1467 1405 1357 1332 1253 1239 1228 1236 1197 1235 1270 1351 1391 1437 1470 1517 1544 1576 1645 1679 1715 1749 1817 1849 1881 1937 1963 1986 2009 2008 2036 2034 2045 2051 2073 2098 2167 2181 2189 2217 2235 2272 2317 2336 2346 2345 2315 2341 2385 2400 2348 2345 2381 2399 2407 2394 2409 2417 2407 2400 2428 2477 2480 2482 2478 2483 2490 2477 2492 2517 2522 2553
1880 1880 1874 1897 1851 1753 1713 1671 1633 1555 1521 1488 1457 1397 1359 1323 1237 1215 1205 1197 1212 1245 1280 1358 1399 1444 1477 1523 1550 1578 1643 1675 1705 1737 1798 1829 1860 1911 1936 1958 1973 1962 1944 1930 1944 1962 2006 2044 2128 2138 2144 2170 2201 2250 2289 2301 2310 2302 2287 2317 2347 2363 2316 2320 2321 2319 2330 2327 2326 2343 2370 2373 2407 2462 2465 2467 2457 2462 2469 2458 2474 2482 2500 2535
1826 1808 1817 1842 1809 1725 1685 1644 1603 1530 1510 1478 1418 1387 1346 1311 1206 1196 1191 1200 1230 1258 1289 1362 1403 1448 1512 1538 1559 1579 1626 1653 1695 1725 1785 1813 1837 1876 1895 1910 1923 1914 1894 1881 1887 1932 1975 2004 2037 2036 2052 2102 2140 2166 2235 2268 2271 2262 2258 2283 2296 2309 2275 2289 2287 2278 2286 2287 2289 2316 2317 2305 2369 2392 2407 2426 2414 2448 2450 2439 2446 2460 2480 2514
1775 1745 1778 1799 1781 1708 1670 1627 1590 1518 1486 1456 1393 1362 1326 1282 1191 1184 1186 1229 1242 1263 1285 1362 1406 1452 1517 1541 1562 1580 1614 1635 1657 1706 1729 1742 1759 1787 1802 1844 1883 1875 1848 1837 1850 1895 1937 1951 1992 1989 1999 2075 2105 2112 2137 2162 2174 2163 2198 2199 2199 2250 2247 2247 2258 2241 2245 2243 2252 2262 2265 2268 2319 2340 2371 2391 2378 2381 2362 2405 2406 2430 2447 2496
1711 1692 1720 1740 1742 1688 1650 1607 1573 1503 1473 1443 1380 1349 1310 1271 1182 1190 1199 1254 1243 1257 1283 1360 1401 1447 1519 1545 1566 1577 1602 1619 1634 1665 1682 1692 1703 1736 1752 1740 1786 1784 1771 1757 1780 1854 1879 1920 1944 1939 1940 2036 2045 2065 2093 2096 2117 2117 2151 2153 2150 2153 2160 2160 2162 2164 2174 2210 2221 2226 2227 2238 2283 2306 2323 2340 2356 2341 2317 2375 2383 2407 2419 2461
1587 1562 1592 1606 1606 1600 1573 1581 1516 1488 1458 1429 1365 1333 1295 1205 1180 1184 1196 1252 1241 1256 1274 1345 1385 1430 1509 1534 1545 1570 1585 1594 1600 1621 1622 1625 1625 1657 1674 1673 1721 1718 1717 1720 1727 1747 1752 1791 1811 1813 1825 1963 1990 2022 2026 2039 2063 2071 2102 2104 2104 2101 2104 2099 2104 2115 2125 2141 2153 2164 2177 2184 2200 2207 2278 2320 2337 2312 2297 2346 2365 2383 2389 2421
1522 1509 1528 1534 1529 1528 1512 1498 1463 1443 1422 1390 1322 1313 1280 1206 1179 1178 1195 1240 1236 1254 1300 1332 1373 1416 1481 1504 1518 1519 1518 1513 1512 1523 1518 1562 1570 1592 1606 1616 1653 1658 1669 1682 1679 1687 1698 1722 1742 1755 1767 1835 1869 1893 1928 1946 1962 1970 2041 2048 2052 2046 2046 2041 2050 2063 2071 2088 2102 2111 2123 2125 2153 2156 2169 2203 2227 2208 2224 2260 2340 2364 2382 2406
1465 1448 1458 1459 1458 1454 1439 1432 1406 1392 1375 1349 1294 1273 1256 1204 1185 1176 1199 1233 1232 1253 1290 1321 1357 1398 1450 1462 1469 1461 1470 1466 1478 1490 1486 1490 1501 1511 1525 1538 1566 1579 1629 1653 1641 1643 1655 1677 1694 1707 1764 1787 1822 1848 1891 1907 1919 1930 1932 1936 1940 1958 1949 1950 1991 2015 2027 2048 2061 2064 2072 2077 2103 2115 2124 2133 2145 2147 2169 2208 2247 2303 2377 2396
1361 1347 1344 1341 1392 1388 1375 1365 1346 1335 1326 1311 1270 1255 1244 1198 1180 1174 1197 1232 1224 1241 1272 1301 1332 1363 1411 1421 1425 1418 1430 1439 1455 1487 1498 1506 1525 1526 1526 1533 1541 1554 1570 1585 1588 1593 1599 1621 1659 1675 1727 1753 1778 1808 1857 1870 1880 1892 1892 1893 1903 1924 1920 1934 1949 1952 1956 1963 1979 1988 2000 2041 2052 2061 2071 2088 2092 2103 2126 2181 2222 2275 2371 2395
1313 1304 1301 1295 1287 1273 1265 1265 1245 1239 1278 1261 1247 1238 1230 1192 1174 1175 1226 1231 1220 1236 1262 1290 1316 1341 1346 1362 1389 1440 1468 1505 1493 1528 1542 1552 1566 1566 1565 1566 1562 1567 1581 1598 1598 1600 1606 1625 1637 1658 1685 1704 1739 1780 1823 1845 1852 1856 1860 1867 1881 1891 1895 1919 1956 1956 1958 1959 1971 1977 1988 2021 2030 2035 2046 2072 2076 2082 2134 2173 2216 2263 2366 2389
1271 1264 1259 1253 1236 1228 1225 1223 1214 1211 1207 1211 1209 1208 1207 1186 1170 1174 1227 1224 1216 1235 1251 1274 1299 1322 1348 1371 1404 1463 1498 1537 1596 1625 1638 1661 1686 1693 1688 1609 1607 1604 1612 1648 1644 1638 1641 1662 1672 1682 1707 1724 1750 1783 1821 1827 1833 1840 1848 1853 1861 1877 1886 1917 1971 1971 1983 1979 1985 1995 2011 2041 2047 2054 2075 2091 2094 2099 2159 2190 2235 2304 2379 2390
1193 1225 1222 1214 1196 1192 1192 1193 1188 1189 1192 1197 1197 1197 1197 1187 1171 1172 1202 1206 1229 1235 1227 1262 1280 1323 1349 1373 1411 1487 1526 1566 1645 1672 1700 1730 1762 1769 1769 1744 1742 1757 1764 1762 1756 1687 1703 1714 1719 1721 1742 1753 1780 1811 1834 1840 1840 1856 1871 1879 1898 1920 1938 1969 2018 2019 2026 2020 2009 2018 2040 2081 2087 2108 2130 2116 2129 2136 2195 2234 2289 2340 2393 2409
1174 1173 1175 1173 1168 1168 1169 1173 1173 1173 1175 1180 1181 1185 1190 1187 1171 1170 1192 1212 1232 1234 1220 1233 1265 1317 1348 1382 1424 1506 1547 1590 1682 1713 1743 1775 1813 1828 1837 1823 1807 1820 1823 1809 1799 1788 1782 1782 1783 1779 1796 1820 1818 1835 1860 1859 1856 1888 1911 1929 1958 1967 1992 2021 2054 2056 2055 2069 2087 2103 2133 2180 2197 2211 2148 2151 2166 2182 2253 2295 2335 2367 2428 2448
1172 1170 1170 1169 1168 1170 1171 1168 1167 1168 1167 1164 1163 1165 1182 1182 1171 1167 1191 1211 1232 1228 1214 1230 1257 1311 1344 1378 1474 1524 1576 1628 1720 1761 1793 1846 1841 1862 1883 1898 1867 1866 1873 1849 1830 1816 1812 1814 1812 1811 1832 1853 1878 1924 1936 1931 1941 1991 1966 1994 2009 2005 2033 2062 2105 2106 2103 2115 2130 2149 2173 2223 2244 2258 2251 2260 2275 2293 2347 2390 2372 2440 2477 2499
1171 1170 1172 1172 1175 1177 1179 1176 1179 1177 1172 1169 1168 1165 1165 1167 1165 1164 1184 1196 1227 1223 1209 1226 1246 1305 1337 1377 1475 1534 1590 1643 1735 1776 1808 1867 1891 1916 1936 1961 1964 1960 1914 1897 1856 1842 1854 1861 1859 1872 1882 1900 1915 1959 1959 1961 1983 2039 2054 2068 2048 2052 2070 2103 2214 2176 2174 2195 2197 2210 2218 2250 2259 2275 2325 2321 2314 2321 2373 2412 2427 2497 2548 2578
1205 1207 1211 1220 1191 1190 1194 1194 1193 1191 1192 1187 1182 1172 1164 1162 1163 1165 1177 1187 1204 1225 1212 1207 1225 1280 1333 1375 1481 1545 1602 1655 1745 1790 1823 1884 1906 1934 1958 1984 1990 1994 2005 1965 1923 1909 1948 1944 1942 1933 1946 1947 1944 1980 1975 1988 2038 2067 2092 2106 2102 2103 2101 2171 2228 2295 2315 2328 2313 2294 2279 2266 2270 2282 2357 2337 2330 2337 2395 2433 2446 2529 2559 2537
1254 1259 1259 1255 1249 1250 1243 1252 1254 1252 1199 1199 1191 1181 1165 1160 1161 1164 1171 1179 1195 1226 1210 1202 1235 1266 1311 1362 1480 1551 1616 1670 1758 1795 1826 1892 1919 1944 1966 1999 2011 2019 2036 1992 1960 1941 1984 1990 1988 2044 2020 1997 1994 2003 2007 2006 2061 2088 2112 2119 2146 2145 2134 2192 2257 2323 2353 2375 2347 2308 2294 2295 2303 2324 2407 2368 2359 2376 2415 2459 2480 2550 2507 2486
1305 1312 1314 1293 1293 1292 1283 1292 1298 1298 1261 1241 1215 1198 1171 1158 1159 1164 1169 1176 1190 1226 1210 1197 1220 1250 1297 1351 1472 1541 1605 1712 1754 1788 1817 1888 1917 1944 1977 2005 2022 2033 2060 2023 1991 1995 2014 2041 2055 2072 2037 2026 2022 2027 2048 2071 2129 2158 2163 2164 2205 2201 2164 2200 2262 2314 2358 2393 2364 2324 2311 2312 2317 2345 2426 2387 2378 2415 2467 2520 2563 2464 2432 2417
1408 1362 1361 1343 1338 1333 1325 1331 1329 1328 1299 1269 1238 1210 1179 1163 1157 1160 1163 1164 1174 1225 1214 1198 1213 1240 1285 1336 1461 1524 1580 1694 1736 1759 1784 1859 1895 1926 1960 1988 2010 2033 2092 2105 2081 2099 2069 2088 2094 2091 2063 2056 2053 2059 2097 2123 2169 2188 2184 2234 2240 2227 2220 2256 2276 2321 2370 2413 2379 2343 2327 2327 2330 2371 2437 2409 2396 2444 2499 2555 2578 2442 2416 2393
1464 1468 1457 1442 1442 1428 1417 1373 1363 1358 1326 1296 1256 1209 1190 1173 1156 1158 1160 1163 1193 1221 1215 1203 1201 1225 1261 1312 1432 1484 1549 1651 1692 1718 1744 1810 1851 1895 1930 1959 1981 2010 2086 2113 2119 2121 2135 2138 2152 2196 2166 2144 2091 2101 2136 2162 2209 2226 2226 2281 2271 2259 2266 2296 2321 2353 2423 2432 2412 2399 2388 2395 2429 2482 2448 2425 2418 2484 2539 2589 2471 2430 2409 2385
1523 1524 1503 1492 1483 1471 1458 1456 1447 1432 1386 1350 1305 1248 1203 1186 1160 1155 1158 1160 1185 1211 1219 1206 1197 1221 1255 1355 1416 1462 1487 1554 1583 1618 1691 1718 1800 1839 1893 1919 1945 1981 2064 2103 2125 2143 2148 2159 2181 2243 2213 2190 2179 2189 2202 2228 2286 2281 2284 2304 2296 2293 2309 2340 2379 2413 2476 2497 2451 2431 2413 2425 2459 2481 2456 2438 2431 2449 2499 2541 2469 2429 2410 2380
1576 1568 1550 1537 1525 1518 1505 1495 1488 1472 1414 1374 1336 1277 1240 1214 1188 1150 1152 1154 1180 1197 1216 1205 1195 1212 1242 1336 1393 1430 1453 1513 1542 1581 1655 1688 1724 1759 1832 1864 1897 1968 2010 2081 2114 2151 2162 2176 2229 2265 2262 2240 2222 2234 2249 2300 2294 2296 2310 2358 2365 2368 2372 2406 2444 2451 2539 2552 2487 2462 2457 2467 2487 2471 2448 2437 2423 2401 2428 2472 2460 2422 2384 2355
1660 1652 1643 1632 1573 1569 1548 1534 1521 1477 1438 1398 1365 1290 1257 1232 1201 1152 1151 1154 1174 1183 1190 1186 1192 1200 1217 1316 1367 1396 1415 1472 1509 1545 1621 1655 1695 1730 1799 1837 1870 1931 1973 2022 2074 2161 2175 2192 2239 2270 2293 2294 2271 2280 2300 2313 2310 2325 2342 2397 2406 2410 2421 2439 2469 2505 2599 2587 2560 2498 2447 2459 2456 2462 2442 2430 2415 2374 2373 2417 2420 2393 2362 2340
