data/CentralKootenay/Fire1/saz.asc
ncols 104
nrows 80
xllcorner -1620000
yllcorner 438000
cellsize 100
NODATA_value -9999
[rows 0 to 43 of 80, columns 0 to 95 of 104]
73 86 87 85 84 87 87 85 85 88 91 95 96 99 109 104 92 87 87 95 109 118 213 255 260 263 272 276 270 264 266 266 265 271 274 270 264 258 244 223 226 234 220 189 180 178 194 236 252 241 228 241 245 239 236 248 256 259 261 241 185 171 156 155 171 209 198 130 112 107 118 140 159 180 162 139 119 96 49 73 85 93 99 105 119 141 127 119 118 115 106 101 105 104 6 324
105 103 98 89 82 87 89 90 89 89 90 93 95 99 110 102 89 82 78 81 91 104 163 246 253 257 264 264 262 262 264 264 263 265 265 262 255 247 234 218 227 230 211 192 189 191 199 225 247 260 274 273 266 256 263 276 282 285 269 210 167 168 162 163 173 199 195 160 143 135 142 149 156 167 149 138 135 149 153 112 100 95 95 97 103 124 118 115 123 125 119 114 110 76 320 316
105 106 108 105 97 93 93 95 99 102 98 94 94 97 106 106 96 84 80 82 88 83 63 262 255 253 257 255 250 253 257 258 257 262 263 258 250 247 242 229 239 233 206 200 198 196 208 231 234 227 242 259 256 245 262 278 289 291 270 159 146 150 157 161 172 196 192 169 147 140 158 161 157 161 157 151 157 169 152 126 114 108 105 104 100 102 106 109 122 126 125 124 101 328 320 324
86 91 96 100 94 90 90 91 97 104 103 96 94 98 113 108 100 83 76 76 74 20 33 287 263 255 254 251 246 256 263 257 245 248 247 237 235 237 232 223 237 232 206 212 210 209 228 239 227 217 222 237 241 235 260 273 280 267 164 153 158 152 153 159 177 213 202 166 123 116 146 156 147 151 158 153 169 182 157 138 129 126 117 115 112 105 99 98 105 107 108 100 350 307 307 314
95 89 86 81 78 82 84 88 93 96 100 99 96 100 118 101 95 88 79 72 55 2 41 -1 259 259 259 256 250 260 264 253 238 242 242 228 233 232 221 210 214 213 198 204 209 217 231 237 227 224 242 256 249 230 254 262 260 206 139 144 159 155 150 160 186 210 200 181 121 114 138 147 137 138 152 143 161 177 158 143 137 135 119 118 124 117 104 99 89 82 81 41 317 287 285 291
109 97 91 86 94 99 95 95 97 98 99 101 104 106 116 103 100 98 88 79 64 4 61 98 249 251 253 247 242 253 253 242 240 249 248 235 240 234 215 202 207 212 201 207 218 219 218 230 238 244 256 258 246 227 248 249 244 176 116 114 125 137 144 157 163 195 199 193 136 129 149 154 147 150 160 147 153 165 153 140 133 128 112 110 117 112 101 89 65 70 72 18 315 285 281 285
109 100 96 95 99 103 102 98 96 97 101 101 106 117 135 114 105 105 103 103 105 -1 82 90 247 254 255 243 236 246 243 227 233 243 236 227 237 230 210 202 221 230 214 225 233 220 218 240 254 254 252 246 231 226 248 246 237 185 111 100 90 85 93 135 116 157 199 192 129 125 145 145 145 158 165 159 161 160 152 150 140 127 108 97 94 98 96 79 57 72 71 22 313 288 277 272
109 99 97 98 94 93 94 93 92 93 98 95 95 113 151 140 123 122 115 114 129 230 86 83 239 255 257 245 240 247 242 224 235 240 227 223 227 219 206 209 224 227 215 229 235 226 250 267 259 231 243 249 242 246 259 253 249 226 95 86 77 81 104 155 125 135 188 188 110 103 114 110 114 138 149 165 169 144 137 149 149 139 122 102 85 81 78 61 57 72 68 33 305 285 274 266
129 118 109 101 93 91 89 93 97 92 84 87 88 98 135 150 128 126 116 115 148 201 145 108 171 246 246 236 242 253 249 233 244 243 231 226 227 224 212 222 229 226 224 242 254 257 267 265 244 227 253 268 268 265 273 273 270 276 74 81 97 109 120 155 129 132 175 177 125 105 90 86 91 99 102 142 163 129 122 135 141 136 126 105 84 73 61 40 44 57 51 32 319 278 272 269
144 132 125 108 93 87 81 87 92 87 80 85 89 94 113 147 130 125 119 121 151 188 168 120 133 242 235 222 232 243 236 222 239 243 231 221 231 238 235 252 263 270 275 282 291 302 283 267 259 275 286 293 319 311 316 315 280 263 97 91 100 113 127 151 120 119 155 160 135 113 91 76 61 49 48 29 65 105 110 115 114 98 97 91 85 78 64 41 43 53 51 49 354 279 274 271
160 149 142 126 101 90 82 84 85 87 92 99 106 114 127 154 154 139 126 129 150 182 185 117 98 244 234 225 239 246 235 222 235 233 221 234 260 268 272 279 284 294 300 301 307 321 307 302 309 316 311 317 337 325 336 5 268 201 151 124 108 111 134 155 121 100 110 124 119 107 94 76 54 45 32 22 48 61 68 69 59 68 62 63 73 72 60 36 41 56 63 66 18 290 281 281
179 185 167 149 119 104 97 92 93 97 105 110 118 132 132 146 161 153 133 131 147 173 201 146 108 249 253 242 253 255 242 231 242 246 247 264 276 277 272 273 277 281 280 280 280 295 308 315 315 313 310 310 321 313 338 79 138 170 160 148 119 119 145 160 148 123 115 117 122 112 80 73 70 51 31 35 47 39 42 40 31 29 20 33 40 35 22 3 18 45 58 56 14 309 285 280
183 191 181 175 160 148 138 114 103 104 113 119 125 138 133 131 148 150 135 118 93 95 219 158 122 225 236 225 241 240 229 231 258 272 280 269 259 250 249 257 263 267 264 257 250 259 273 280 266 255 247 242 251 252 163 119 126 145 154 153 114 114 144 149 152 149 134 117 124 156 99 72 56 22 40 58 36 35 43 32 23 6 3 23 31 24 4 351 18 46 42 30 15 347 305 282
172 183 185 183 175 167 157 139 126 123 116 119 129 138 139 131 126 104 96 57 36 63 -1 135 120 211 220 212 237 238 228 247 265 260 246 251 255 254 254 256 257 256 261 262 259 255 246 228 209 219 219 223 226 211 171 142 139 145 165 171 114 110 136 130 141 157 148 118 115 182 177 101 75 16 67 70 26 57 53 23 14 358 356 22 38 31 357 344 31 49 37 37 36 9 313 284
158 171 187 190 185 172 160 144 136 129 109 102 107 117 119 96 68 73 72 -1 99 110 148 151 101 -1 203 218 249 249 239 255 258 244 234 246 250 241 244 256 255 247 255 260 258 255 244 223 203 219 228 228 222 203 176 160 149 144 171 178 133 128 154 133 139 167 167 124 103 164 188 128 113 159 96 70 51 82 65 13 0 347 346 10 34 25 6 7 31 50 51 64 66 34 297 274
160 169 180 189 193 184 165 149 140 125 101 91 86 84 69 58 56 52 53 66 104 103 133 172 209 243 102 218 253 253 247 255 253 245 243 248 245 232 246 257 254 246 253 255 248 241 228 208 204 222 232 230 222 200 178 171 154 143 166 164 140 138 157 127 127 170 188 150 78 65 147 126 98 101 82 71 65 74 74 351 310 312 329 1 30 15 11 20 24 43 48 62 66 56 273 262
154 166 176 188 197 190 173 167 167 156 120 92 78 75 77 84 19 3 32 45 60 95 114 160 232 247 105 185 247 246 236 249 251 247 244 248 249 247 259 261 257 254 255 253 242 237 224 204 207 217 218 212 205 189 180 183 171 155 165 140 130 135 145 113 104 139 209 235 54 59 57 13 31 35 53 54 32 43 43 350 319 310 318 2 27 5 17 39 44 50 56 72 80 83 207 248
116 87 51 150 196 187 172 171 177 171 152 114 81 70 65 353 344 358 29 42 61 96 111 138 242 243 111 173 248 249 239 247 247 240 245 257 256 253 262 266 265 268 271 262 247 241 226 203 206 208 207 204 200 188 181 189 184 173 173 148 142 158 152 126 104 101 231 245 228 78 48 331 2 28 30 10 359 15 15 353 327 324 336 4 19 4 36 72 77 72 76 84 87 87 95 251
1 11 18 21 23 18 35 42 32 75 80 70 67 66 40 328 339 13 48 65 83 97 108 129 236 233 126 174 251 254 249 254 251 241 252 261 260 257 263 268 266 269 274 262 234 228 216 196 204 207 207 209 207 193 185 189 185 179 172 159 164 178 162 152 118 99 220 248 252 63 8 326 356 22 14 355 346 354 2 352 318 318 346 17 42 45 72 76 72 73 81 84 84 83 70 271
343 14 21 15 12 9 16 23 19 13 15 38 65 69 18 319 330 30 52 58 75 88 99 114 231 234 141 177 237 241 240 254 256 250 257 259 259 261 265 266 263 262 259 244 225 225 211 187 196 198 194 205 208 192 186 179 175 178 171 166 181 184 172 180 160 122 185 250 259 324 345 347 0 8 8 348 336 345 357 346 305 303 10 93 112 123 95 82 83 92 97 94 93 94 71 269
328 14 20 15 13 13 21 29 21 21 36 49 53 45 2 324 341 24 40 41 58 72 80 88 250 244 152 170 230 239 249 261 257 252 260 263 262 270 277 272 261 260 253 238 230 228 208 178 189 196 190 199 196 183 181 177 176 179 181 182 185 187 188 199 193 176 201 233 249 284 324 357 1 9 9 344 329 342 0 350 313 303 87 108 119 117 86 92 97 105 110 112 109 107 21 280
327 7 21 20 19 24 33 33 21 33 40 27 31 26 1 341 356 18 28 33 55 64 67 74 294 252 156 171 245 254 262 266 262 260 265 268 269 276 278 268 249 247 241 232 222 214 198 168 183 199 187 185 184 180 179 176 178 181 190 190 183 187 193 193 200 211 199 201 249 273 295 3 8 2 359 345 324 334 356 352 328 307 104 92 95 146 133 110 107 110 107 109 110 99 315 324
342 3 9 9 17 28 32 28 24 44 41 24 27 19 1 348 9 36 40 49 67 68 67 77 186 225 155 201 256 260 264 269 273 271 269 268 268 267 261 241 233 230 223 209 200 194 183 174 186 195 181 174 176 181 175 175 182 187 194 189 181 187 193 189 200 209 200 205 249 269 280 357 0 342 350 352 331 331 350 353 15 83 98 83 90 128 135 121 114 116 105 102 107 107 291 326
345 0 5 9 23 30 23 17 19 30 35 29 30 23 4 356 37 64 73 95 99 87 77 83 131 209 163 226 267 284 285 284 281 276 268 263 256 255 245 223 220 220 211 198 196 192 181 178 189 188 179 177 178 181 177 183 192 190 191 187 184 190 196 187 197 216 221 229 251 261 263 291 327 327 342 350 341 345 359 15 71 88 82 86 86 98 114 118 114 109 101 100 108 90 300 326
340 355 9 24 34 36 27 19 25 37 41 33 32 25 7 13 45 62 68 87 99 104 93 90 111 209 182 253 276 291 300 305 293 281 271 253 233 231 218 208 216 218 207 194 199 196 185 184 187 182 180 180 178 178 178 194 201 191 194 192 189 195 197 181 191 237 246 242 247 255 255 256 283 295 313 324 322 343 17 52 75 67 39 59 73 90 104 110 106 94 91 86 47 339 319 328
349 2 22 39 44 55 54 42 51 60 56 42 42 32 17 35 58 67 65 73 75 75 78 83 95 199 225 271 282 286 296 320 326 287 260 233 221 221 211 207 213 207 197 191 197 203 197 188 180 177 184 186 181 175 184 210 207 199 209 208 199 220 230 191 213 252 243 222 225 247 254 252 262 270 278 283 283 306 45 63 62 46 29 61 80 93 102 106 99 79 77 69 10 330 326 341
356 17 36 37 36 49 55 49 66 75 64 54 62 59 53 76 87 82 69 74 74 69 71 79 82 159 249 260 274 284 292 319 346 322 291 247 232 231 224 216 220 214 203 199 209 217 202 186 178 180 189 198 191 170 199 223 226 240 263 282 311 303 313 348 355 285 247 219 237 254 252 246 261 277 293 297 295 306 68 73 69 57 61 94 93 84 83 85 65 54 54 34 359 342 343 1
1 34 44 36 38 57 64 59 73 75 62 60 68 68 66 84 92 92 90 91 91 91 95 95 88 84 254 256 268 280 294 320 345 347 350 352 344 263 236 231 247 251 244 242 247 235 202 190 191 208 242 267 298 355 330 327 331 331 332 334 336 332 335 353 6 337 287 263 268 268 258 253 266 277 294 297 304 354 78 85 87 85 94 103 95 71 65 59 25 30 31 16 0 350 353 14
1 45 55 47 61 78 81 74 75 71 68 76 79 78 78 86 89 95 101 100 100 101 100 102 102 110 261 269 268 274 286 310 330 342 350 358 8 2 333 312 288 276 267 268 267 242 207 238 288 321 329 333 340 346 342 340 339 337 347 351 341 339 342 357 9 12 351 308 277 272 270 270 270 271 279 282 287 87 104 102 103 114 113 111 101 70 64 51 25 17 12 12 10 15 19 41
8 49 59 58 81 92 88 77 84 87 91 96 98 95 92 92 95 103 107 103 105 112 104 99 97 111 264 274 272 271 276 290 303 319 337 356 3 3 356 344 323 313 309 304 312 329 333 310 317 336 333 337 344 346 348 339 332 328 344 357 341 327 337 0 11 19 8 346 307 295 297 293 283 273 270 269 248 128 132 118 115 123 114 115 121 90 73 52 21 358 358 10 17 30 31 21
28 65 77 82 89 91 83 77 86 90 92 95 100 100 96 95 98 106 111 111 110 113 108 101 97 100 273 276 279 277 280 292 301 309 326 350 352 356 2 350 333 333 333 324 331 345 344 322 319 340 338 340 349 358 3 355 347 331 346 11 337 307 330 12 18 11 1 351 323 315 320 309 303 294 273 261 211 132 141 133 128 131 112 106 122 108 92 59 1 333 347 18 31 44 41 18
87 100 107 117 102 93 89 92 92 92 92 92 94 102 108 103 103 109 107 110 111 108 106 101 95 69 281 280 280 278 279 289 299 310 325 341 345 350 359 357 343 339 339 330 332 338 333 320 318 332 332 334 351 10 17 8 355 343 359 12 346 318 334 21 16 359 352 346 321 318 328 311 307 314 279 259 194 117 128 136 140 139 117 102 107 104 80 23 328 304 326 45 61 64 48 27
133 122 118 120 110 111 119 117 107 103 104 96 95 102 109 107 106 114 108 109 119 119 123 130 129 235 282 289 282 276 276 283 288 300 318 325 327 337 353 358 352 346 345 343 342 336 326 320 319 324 322 323 355 44 60 27 333 342 5 354 339 327 342 11 1 357 353 350 338 328 333 312 298 308 281 268 160 104 111 122 138 139 117 96 99 96 27 343 319 302 325 56 65 61 45 34
122 111 102 95 98 105 118 117 112 108 107 96 96 100 108 111 110 114 107 109 120 121 129 145 160 284 297 303 290 279 278 284 283 286 297 302 298 307 334 345 345 343 340 350 350 326 316 318 320 320 317 322 11 62 70 26 290 299 336 331 325 330 351 349 341 350 354 349 349 347 343 316 307 335 306 282 96 99 103 110 127 133 108 86 86 77 320 314 304 295 328 63 64 49 28 19
72 78 81 87 90 89 86 90 93 89 88 94 97 101 105 110 113 112 102 102 112 113 119 157 300 298 297 299 296 290 285 285 284 290 306 313 313 315 327 332 321 318 321 350 347 308 298 304 313 308 302 305 16 48 39 15 351 319 326 338 331 332 346 339 317 333 2 345 348 3 357 309 311 356 309 281 90 88 87 88 90 97 87 87 86 58 296 295 296 297 349 75 68 37 17 16
72 80 83 86 84 77 64 74 80 83 91 94 94 97 99 105 116 123 112 109 118 114 113 282 289 282 284 285 284 286 285 280 280 286 301 302 313 330 334 347 338 317 315 349 349 302 286 284 289 292 298 304 344 34 36 25 6 319 317 342 339 335 343 336 302 320 25 9 1 49 352 290 294 26 288 252 118 89 78 64 48 39 70 91 76 0 311 300 293 299 21 68 54 13 12 23
64 61 47 57 70 66 56 74 87 96 103 104 100 99 100 105 116 123 114 108 113 105 89 288 289 284 288 290 276 274 275 275 274 276 283 282 292 319 329 350 350 335 315 339 355 310 289 288 297 296 302 319 325 34 63 54 349 310 305 330 330 325 343 320 299 317 24 20 13 12 346 323 338 26 331 234 120 92 73 52 34 44 68 71 31 335 327 320 290 286 16 45 21 358 15 28
73 69 55 69 78 78 78 90 97 106 107 109 105 99 98 101 108 113 112 107 102 93 87 270 282 289 289 292 280 277 277 281 284 282 282 280 284 298 309 334 348 346 316 324 348 315 289 286 294 293 303 330 333 33 54 26 331 313 314 335 324 291 307 294 292 306 10 22 13 7 344 334 3 20 11 29 56 61 57 38 27 54 65 35 339 327 338 332 289 281 328 30 14 359 25 36
110 121 131 109 101 102 102 99 100 108 103 103 107 103 99 103 114 115 116 113 102 101 135 250 271 282 283 285 280 278 277 278 282 283 282 281 286 300 312 331 357 358 316 316 330 311 291 284 284 284 295 325 337 30 39 5 330 323 333 0 9 329 316 287 283 295 347 25 11 0 351 346 12 19 24 30 32 46 47 24 16 36 34 17 335 322 356 347 282 273 285 22 40 34 49 47
120 126 138 121 110 107 103 97 96 100 98 100 108 107 100 102 111 106 107 113 109 103 127 270 281 283 285 284 278 275 271 268 268 272 277 277 280 292 299 320 9 10 329 323 329 317 302 290 285 280 284 305 324 19 34 356 318 316 338 16 31 352 319 297 291 296 330 9 359 1 15 20 16 20 38 39 41 55 45 15 4 20 28 21 349 335 15 16 297 274 273 355 73 75 56 61
105 103 103 101 102 107 111 108 102 101 99 99 101 107 106 101 98 96 99 110 117 110 -1 286 294 296 295 290 279 273 267 266 267 269 271 270 270 275 280 293 4 14 345 321 321 308 296 287 280 276 280 300 313 0 30 355 313 303 326 23 30 355 325 301 295 297 312 346 351 8 29 28 16 17 28 37 46 55 40 7 352 7 31 24 3 354 20 26 330 298 289 326 65 64 64 47
120 113 93 88 93 102 106 108 104 98 98 98 99 102 106 105 101 99 100 107 111 113 278 288 296 300 295 290 284 275 262 261 260 256 263 270 265 262 271 283 335 17 357 313 303 286 285 285 277 271 272 284 293 335 17 357 326 318 338 11 19 353 331 297 293 293 285 286 306 355 31 36 22 26 35 40 41 38 21 357 352 6 26 22 20 18 23 19 344 322 313 326 39 49 41 352
144 155 153 129 111 107 99 98 99 96 94 95 99 95 97 105 109 104 101 111 115 125 275 282 287 294 292 285 280 270 259 260 258 246 254 260 255 253 261 272 312 8 4 332 318 286 285 289 287 277 270 262 264 285 352 352 331 324 338 20 24 345 334 304 296 288 259 250 257 285 40 56 38 44 49 43 31 25 10 353 357 19 26 19 30 24 8 2 352 342 326 309 15 46 36 355
129 150 156 154 150 149 115 101 103 104 105 100 97 94 95 102 108 103 99 104 105 -1 284 284 289 302 306 289 281 279 279 273 268 259 263 265 265 261 263 270 294 354 9 347 339 301 292 295 289 274 265 252 257 267 298 324 326 322 332 51 31 327 316 304 297 282 274 280 286 290 27 56 37 46 46 27 12 12 7 1 18 35 24 19 31 22 359 358 8 6 351 319 350 43 40 16
