data/CentralKootenay/Fire1/slope.asc
ncols 104
nrows 80
xllcorner -1620000
yllcorner 438000
cellsize 100
NODATA_value -9999
[rows 0 to 54 of 80, columns 0 to 95 of 104]
57 67 90 83 50 70 68 41 38 52 49 30 32 24 11 13 30 40 27 15 6 3 2 14 22 26 43 51 43 44 65 63 39 49 58 53 46 49 44 33 33 38 32 25 22 16 10 10 11 10 13 21 21 17 17 22 29 36 74 67 62 79 82 69 54 61 53 55 54 51 41 31 28 32 43 56 56 31 21 51 59 36 27 36 38 33 51 64 46 29 32 31 21 14 4 19
67 70 84 75 54 73 68 41 38 53 52 31 33 24 10 12 26 37 30 18 6 3 2 12 23 28 48 50 38 44 66 64 40 53 58 48 44 43 39 34 38 37 32 28 25 22 20 19 16 8 8 18 18 13 16 24 30 41 54 42 66 76 74 65 61 70 75 70 68 69 51 34 28 29 40 50 47 30 27 53 60 35 29 40 44 32 51 57 37 29 32 30 19 6 16 29
64 77 82 61 54 75 68 40 42 55 48 32 34 24 10 12 22 31 32 22 8 2 2 8 21 28 48 50 40 45 66 66 43 54 57 45 40 40 33 25 35 33 26 26 23 21 20 24 23 16 13 18 16 13 22 30 38 45 23 26 42 46 52 58 58 62 65 63 68 69 48 38 42 53 64 67 53 35 34 52 50 32 33 43 43 35 52 54 33 31 33 23 9 14 35 47
63 84 79 50 49 74 69 40 52 56 39 31 35 25 10 14 18 24 32 27 11 2 3 4 16 24 44 49 42 49 63 63 48 58 60 47 45 45 38 28 35 31 21 21 18 16 17 22 23 23 23 25 19 13 28 38 43 30 29 56 57 55 54 49 36 33 28 26 40 45 28 35 51 63 65 62 51 45 47 51 42 31 41 45 39 38 54 51 28 28 25 10 6 26 43 50
62 85 80 46 46 74 72 43 59 56 34 30 35 26 9 13 16 18 28 29 15 7 6 0 14 21 38 45 40 58 62 50 46 59 61 47 51 47 42 41 47 48 38 35 29 22 19 20 18 19 23 25 18 13 33 45 41 22 48 57 52 48 40 27 23 33 33 25 34 48 36 40 53 53 40 37 31 37 42 41 35 31 44 46 37 38 52 46 24 28 23 5 9 28 43 44
56 79 75 44 52 75 70 49 62 55 32 32 37 24 7 12 16 16 22 26 15 7 10 5 14 20 35 41 41 66 63 44 43 57 56 39 49 45 38 42 50 53 45 42 37 29 27 27 19 14 25 26 15 12 32 47 42 18 41 36 25 24 18 9 12 24 33 31 47 68 59 63 66 52 34 32 28 26 28 29 27 26 41 44 32 34 46 36 20 30 26 7 10 29 47 45
50 72 69 43 67 78 59 52 63 54 30 37 38 20 8 12 16 15 21 24 12 0 10 10 11 20 29 33 40 68 66 48 52 60 56 48 51 44 35 32 35 38 30 34 36 29 29 34 25 12 23 27 18 13 27 41 43 20 34 28 21 17 7 3 11 13 21 26 54 75 54 54 51 38 35 34 27 24 28 27 23 24 36 39 28 33 39 25 18 32 27 8 12 30 43 46
47 67 65 42 73 76 52 52 63 53 28 38 39 20 13 15 18 17 24 24 9 3 8 13 5 21 25 24 32 61 63 46 58 62 52 55 60 51 41 36 37 40 31 35 38 26 27 35 25 14 21 26 18 13 23 30 37 13 24 24 18 20 13 9 15 17 17 18 50 64 31 33 29 22 26 22 16 17 23 23 25 29 31 30 24 35 35 20 19 32 27 10 13 28 36 45
56 67 57 40 70 74 51 56 62 49 29 38 40 26 15 14 18 19 25 20 8 8 8 14 5 22 25 20 28 53 55 37 55 58 43 45 56 53 40 38 36 36 33 35 37 24 34 33 20 15 22 27 14 16 23 25 33 16 20 26 21 25 20 11 19 25 23 31 50 53 24 32 29 18 15 5 7 15 22 21 23 24 22 21 18 31 35 25 25 35 32 19 12 25 31 42
69 64 43 34 65 70 50 65 62 39 30 40 42 31 18 13 17 20 24 18 9 10 9 11 5 17 25 23 29 50 54 44 59 59 41 40 50 51 33 35 31 24 28 42 43 27 31 27 17 16 30 33 18 30 34 24 28 16 16 28 30 30 18 10 20 28 23 32 42 33 18 28 31 26 22 13 10 16 22 19 13 15 14 14 15 23 26 22 26 34 33 24 8 22 30 41
72 51 33 33 57 61 48 71 65 36 32 46 47 36 27 24 24 23 23 15 8 6 5 5 4 9 18 21 28 41 44 43 62 66 51 42 47 47 34 40 37 30 41 57 47 29 29 27 27 34 47 47 41 53 44 23 11 20 26 29 36 32 17 13 17 26 19 21 23 18 14 19 24 28 28 26 27 23 24 20 10 15 15 15 17 18 20 18 24 33 32 26 9 20 31 43
102 70 46 40 50 52 45 71 67 39 39 58 57 38 31 26 24 22 18 10 4 4 4 3 4 5 11 13 27 34 30 33 53 59 43 53 57 44 37 42 38 30 45 50 33 23 31 33 36 43 46 40 35 39 17 20 14 25 31 28 37 35 21 19 21 24 23 23 19 11 11 15 15 17 21 22 30 32 35 32 24 23 27 31 29 26 28 36 46 51 44 30 16 19 29 50
108 118 111 97 82 67 56 68 63 44 57 73 57 32 26 20 13 12 9 4 1 1 1 2 4 4 10 12 27 34 29 30 55 63 43 54 57 42 39 47 43 30 43 46 35 31 31 24 21 32 33 33 31 23 12 29 23 21 21 18 33 36 18 21 27 27 23 23 17 8 5 13 13 13 17 18 19 30 35 34 35 38 47 54 49 39 38 46 49 63 61 53 39 26 28 53
80 108 120 112 97 82 72 69 61 52 74 74 43 26 20 13 6 4 3 1 2 2 0 2 4 3 7 10 22 31 28 33 62 65 43 52 55 42 38 50 48 32 41 42 35 34 34 27 27 40 45 45 47 39 33 34 29 28 23 17 33 35 15 24 27 22 17 19 17 7 5 9 8 4 14 17 7 17 25 26 34 39 41 51 58 42 31 30 32 53 57 55 39 22 25 49
66 65 70 73 66 59 56 57 55 50 69 60 28 16 9 5 3 4 3 0 1 4 3 3 1 0 1 5 17 24 23 41 60 56 49 59 60 45 45 53 48 36 44 43 34 32 28 24 22 30 38 41 44 42 40 36 32 31 26 26 39 38 24 31 28 19 14 14 14 3 5 6 6 3 10 14 7 12 13 12 19 28 37 48 69 64 50 33 29 42 41 48 36 12 15 42
79 80 86 92 85 63 52 51 43 38 55 51 27 13 5 4 3 4 5 2 2 6 6 7 5 1 2 3 15 21 19 41 53 46 47 61 60 46 55 59 43 36 48 47 33 33 27 25 24 27 34 37 36 33 34 31 28 26 21 29 42 35 21 26 23 15 14 6 10 5 1 3 5 2 5 10 10 13 9 2 9 27 44 48 63 71 76 66 49 49 48 57 44 15 8 38
71 65 62 68 80 83 80 73 59 45 41 39 28 15 5 3 2 7 9 8 4 8 10 8 10 4 5 3 13 19 19 38 51 44 44 59 58 42 60 61 40 33 47 49 31 31 26 22 24 29 35 42 47 47 46 41 32 25 19 25 31 19 11 17 19 8 10 7 5 10 4 2 6 7 6 8 11 18 16 11 24 47 49 36 45 51 60 65 49 45 49 62 51 19 3 32
26 9 6 2 22 44 53 51 46 41 32 24 24 19 8 6 14 15 14 13 10 12 12 7 13 8 8 4 12 16 16 33 48 45 46 57 55 47 64 62 39 34 42 41 29 27 22 19 22 27 34 39 42 43 43 43 39 33 29 33 28 15 12 14 16 8 4 11 2 9 5 7 11 13 12 12 18 27 36 40 60 77 63 49 50 42 39 59 44 33 46 68 57 20 3 21
48 57 43 31 24 17 15 11 4 3 5 11 19 22 12 17 21 18 15 13 14 16 13 9 13 12 9 4 12 14 12 26 40 41 54 61 50 48 70 66 37 41 41 29 26 30 25 21 22 22 24 27 27 25 24 26 32 35 36 37 27 19 17 13 11 7 2 10 7 6 8 12 11 14 17 20 25 32 42 47 67 72 51 39 34 18 29 62 49 34 46 71 61 21 5 13
68 73 71 64 61 57 53 43 29 22 20 19 21 20 12 19 15 14 20 18 20 20 13 10 11 14 8 5 12 16 14 24 33 34 58 65 50 48 74 69 33 44 41 22 20 27 27 26 30 32 33 35 31 25 25 27 31 33 34 31 24 22 20 15 9 5 1 7 11 11 24 28 25 24 22 23 32 36 34 34 58 56 18 28 33 19 20 54 54 39 47 70 62 20 3 9
50 51 66 69 67 63 59 56 47 36 23 19 25 24 17 20 16 15 22 26 31 27 15 12 6 12 6 5 10 15 16 23 29 31 58 66 51 56 76 62 32 42 39 22 16 19 21 24 29 33 33 39 46 50 54 56 56 54 47 36 30 28 23 17 11 6 3 5 13 28 33 32 29 29 28 31 41 44 45 46 56 40 24 46 30 9 14 54 61 46 58 74 55 15 1 4
50 43 47 50 50 50 48 49 49 49 39 29 32 35 33 33 28 25 25 29 39 38 22 14 3 7 5 4 8 13 19 23 24 29 59 68 51 72 74 45 33 39 39 28 20 18 18 20 22 25 26 34 46 53 55 56 53 51 48 45 44 45 43 40 33 19 8 8 16 46 37 22 20 22 32 37 44 45 47 49 41 8 32 46 25 12 26 60 65 48 70 70 35 7 2 3
84 79 84 89 84 69 58 53 46 51 47 35 34 34 34 32 25 22 19 20 36 41 30 19 1 5 5 3 8 12 21 24 22 28 59 69 52 76 66 36 37 40 44 44 43 40 40 40 36 33 32 34 34 32 31 32 31 29 32 37 41 42 46 48 53 49 31 18 22 56 46 16 24 38 49 51 52 49 46 48 31 22 21 41 36 24 41 62 62 48 72 62 21 4 4 6
86 85 90 92 95 93 83 81 79 79 69 48 37 28 23 19 17 20 16 20 31 33 32 26 6 7 5 5 9 14 23 25 22 26 56 66 53 73 63 41 42 43 43 47 53 52 50 47 46 47 49 46 45 46 47 41 32 27 26 25 23 23 26 29 40 54 42 24 28 59 55 12 28 50 58 68 84 85 70 45 40 32 15 38 44 34 47 58 52 44 68 56 14 1 12 20
54 52 52 49 58 76 74 69 72 77 75 61 50 38 31 26 24 25 20 29 32 26 28 32 10 7 5 7 13 22 30 24 19 27 47 53 54 74 77 68 58 47 40 38 40 40 36 32 34 41 44 42 41 41 41 39 36 32 29 25 22 20 19 18 21 40 45 29 30 57 60 28 34 42 36 46 72 76 68 59 58 30 21 41 54 48 59 52 35 41 65 49 11 15 30 30
73 60 48 43 39 47 45 33 40 55 57 52 52 39 28 24 26 28 23 34 37 26 26 34 17 7 7 11 17 29 36 25 18 25 32 39 49 65 71 77 82 72 63 59 54 45 33 27 28 29 27 25 23 22 20 22 26 25 23 19 15 14 10 3 4 30 44 37 41 62 64 40 44 43 33 37 61 39 43 71 69 41 26 40 67 64 67 45 22 36 63 48 20 33 40 28
72 61 54 49 49 54 49 34 38 47 43 40 45 30 17 22 26 23 21 33 37 29 28 36 25 2 9 13 21 37 42 29 25 24 16 17 29 42 43 47 65 65 54 48 46 44 36 34 35 33 30 24 18 16 15 16 14 13 16 13 9 15 15 12 12 17 27 29 42 64 63 48 56 54 39 51 70 34 31 61 64 41 26 44 67 68 71 41 14 29 59 65 63 65 57 45
48 54 55 48 50 60 53 34 45 44 34 38 47 34 19 28 28 19 19 32 35 28 30 34 26 5 9 14 27 49 53 41 41 47 46 40 23 17 31 30 41 41 27 22 27 29 27 26 19 12 10 14 9 11 20 26 29 35 35 28 26 29 27 24 20 14 13 13 41 61 52 51 71 68 44 71 74 24 31 54 60 35 38 55 51 54 77 56 23 26 46 65 70 60 45 36
39 52 53 38 42 62 53 30 46 44 31 36 45 37 22 31 30 19 21 34 35 27 34 33 22 7 8 14 28 62 63 43 42 48 51 54 53 45 34 29 37 36 24 22 21 16 14 14 17 23 32 36 35 39 46 48 51 53 47 40 38 39 40 38 37 30 16 13 42 57 44 52 79 74 49 81 54 22 36 58 63 38 53 56 31 33 65 65 41 34 37 40 36 24 13 15
48 58 58 40 50 66 49 28 43 44 31 38 44 36 23 32 32 22 24 36 36 28 34 30 20 6 11 15 27 70 71 41 34 34 36 37 44 55 55 47 44 36 28 30 24 16 15 32 48 47 48 50 54 55 47 40 38 36 32 31 29 36 40 38 37 39 36 34 48 59 49 58 74 68 57 81 37 45 49 65 64 43 59 47 17 21 42 49 48 61 80 82 68 51 29 19
44 61 61 41 63 65 39 31 46 46 32 43 45 31 23 34 34 24 29 38 37 29 30 26 19 5 13 16 29 75 78 46 38 37 34 34 38 42 43 43 45 44 41 41 35 34 39 56 71 66 77 92 97 87 70 55 40 37 31 23 18 40 44 37 29 32 43 49 63 72 62 70 72 54 53 71 31 60 64 72 62 43 53 35 10 18 26 24 32 69 91 95 81 66 43 26
37 69 71 45 62 59 35 34 48 47 32 47 46 29 24 35 36 25 34 39 32 28 26 22 18 2 14 17 35 79 82 48 44 45 39 39 47 55 61 60 54 47 41 39 35 35 46 68 77 72 88 98 88 76 63 51 48 50 39 37 44 66 54 47 42 40 42 48 68 76 62 69 65 37 36 58 20 61 67 68 53 39 39 25 11 17 16 15 31 66 50 57 69 62 42 30
67 84 68 42 60 58 40 38 48 47 31 47 48 31 27 36 37 26 38 41 31 31 29 24 18 6 16 19 39 80 83 48 50 45 34 32 38 45 50 55 54 51 51 49 43 45 61 76 77 73 76 67 42 41 35 16 28 32 30 42 64 70 45 47 68 83 90 96 93 76 55 55 45 17 22 49 7 67 70 55 36 27 22 19 15 12 9 21 42 70 39 49 71 64 43 34
60 65 44 36 62 59 36 38 47 43 27 45 50 32 32 38 35 26 40 44 31 35 35 25 9 15 22 25 41 80 83 50 52 43 25 23 31 30 24 28 37 44 48 44 38 47 68 77 72 66 62 49 32 47 41 11 17 13 23 43 56 51 42 50 76 97 101 98 88 66 44 40 37 18 23 44 14 75 71 49 25 14 10 16 18 7 9 24 44 64 28 47 62 64 59 60
52 57 38 39 65 59 30 38 42 34 27 46 50 33 38 39 31 25 40 44 31 37 32 7 11 23 25 28 51 83 77 50 53 45 30 33 39 32 23 21 22 25 28 22 23 40 65 67 53 48 42 29 20 51 59 45 28 37 60 63 55 45 42 47 66 65 53 39 32 27 21 33 35 19 22 33 22 75 71 46 19 6 6 16 18 5 14 28 51 65 23 47 45 46 60 67
56 64 42 42 61 57 33 44 45 33 32 48 50 34 42 41 31 28 41 47 35 39 21 8 14 21 24 27 62 81 62 48 55 47 30 40 42 35 34 30 26 26 28 24 23 38 62 57 37 39 35 23 15 35 52 48 41 59 70 52 46 43 37 34 66 56 44 24 10 6 6 32 27 9 13 19 23 64 69 48 31 17 10 15 15 10 23 34 66 66 27 51 38 34 43 47
55 70 59 60 64 54 40 52 52 36 40 50 47 35 46 45 33 30 41 46 33 30 9 13 14 23 27 28 66 77 53 47 55 48 28 41 40 31 33 31 32 29 30 26 27 38 59 57 40 44 35 21 19 21 32 25 27 56 51 26 27 28 19 31 76 61 56 51 40 35 39 54 36 21 11 4 21 46 57 47 42 37 24 12 13 26 40 42 67 58 26 58 58 63 59 50
46 54 48 69 69 47 39 61 62 39 48 50 40 36 48 47 32 30 41 40 28 23 6 13 17 25 30 29 64 76 52 51 57 46 29 44 45 29 25 23 25 24 27 23 24 33 54 57 40 44 36 27 27 26 36 30 41 54 42 23 15 12 6 43 80 59 50 64 58 57 63 64 47 43 33 21 22 36 49 45 46 55 40 14 25 50 47 35 53 55 25 49 55 52 55 56
55 57 46 70 70 45 42 68 66 38 50 47 34 35 51 51 32 37 42 32 23 23 10 17 25 27 28 32 64 72 49 59 57 38 31 47 49 33 34 35 29 21 23 20 18 29 49 54 37 45 41 28 26 28 39 39 53 60 48 33 20 12 16 54 79 65 46 60 59 67 63 40 29 36 39 36 35 40 45 43 52 79 82 56 49 56 33 19 40 53 33 24 29 12 20 41
72 64 51 64 63 43 43 68 65 37 49 48 34 34 54 53 30 39 38 25 20 25 9 23 30 29 27 36 64 67 45 61 56 35 33 50 51 34 40 37 30 26 24 24 26 37 47 46 35 47 44 22 19 24 35 31 46 53 41 34 29 19 29 62 85 79 57 74 94 95 71 42 26 23 29 31 30 37 36 35 43 68 96 90 69 55 40 29 31 48 40 7 29 14 6 22
65 47 36 51 54 41 50 68 59 38 49 48 33 38 56 48 27 39 38 23 20 25 0 33 34 30 31 38 61 60 41 60 59 37 34 51 53 36 43 32 20 27 23 25 27 33 38 35 33 48 47 23 26 27 36 31 42 42 24 26 34 33 42 69 89 81 59 60 77 80 85 71 52 43 40 38 34 37 30 26 30 37 59 75 68 52 44 41 34 46 39 11 32 22 6 10
60 37 32 52 57 42 59 64 46 40 50 46 32 48 55 38 28 40 40 23 23 21 13 41 35 29 30 40 56 50 37 59 61 39 39 50 49 41 48 36 16 19 17 20 18 27 33 29 29 48 50 24 30 25 38 42 47 49 40 39 40 39 40 70 89 66 46 31 25 35 70 78 59 50 43 40 41 43 42 45 50 46 46 49 47 33 31 42 48 47 32 20 34 40 20 13
72 59 54 57 58 43 62 58 38 40 50 46 31 52 54 34 31 40 39 24 28 14 28 44 33 27 28 43 49 38 33 56 61 40 50 52 43 46 57 45 20 21 22 20 14 27 34 27 28 44 49 25 33 28 26 40 50 50 39 34 31 33 43 78 81 40 34 34 29 29 32 60 43 43 41 36 40 49 52 55 50 42 41 42 46 42 41 49 48 33 19 22 26 50 38 22
59 58 73 86 79 55 55 55 36 43 51 43 31 52 56 37 31 37 37 26 27 0 38 43 37 32 30 42 43 33 31 51 55 34 53 54 38 42 62 58 27 19 20 18 17 30 36 27 27 37 43 24 36 42 21 31 40 34 18 19 18 26 48 77 53 20 30 35 37 42 22 52 44 47 45 41 47 57 60 51 37 32 32 36 43 43 45 46 39 30 25 29 25 45 46 27
57 44 64 78 77 68 63 58 39 49 50 35 31 53 57 38 33 36 32 27 23 13 41 48 47 33 26 40 46 38 39 52 50 38 57 56 39 39 63 64 33 14 15 15 17 29 35 25 22 31 38 21 36 48 30 40 37 21 7 13 12 20 51 59 26 20 42 60 68 66 47 56 45 52 65 79 84 78 68 50 38 31 23 23 29 30 35 34 32 29 30 32 24 34 45 38
57 42 69 67 41 44 58 55 39 43 42 29 30 54 59 36 38 35 26 27 17 20 41 54 47 21 19 41 49 37 43 51 45 43 60 60 47 54 71 61 33 16 17 16 18 29 31 19 19 31 32 18 37 46 35 56 35 18 13 15 25 27 48 50 23 29 62 80 56 34 22 48 45 54 73 79 70 58 52 52 48 42 41 48 64 70 51 36 33 24 25 27 20 24 35 35
50 41 70 70 38 35 37 29 23 30 36 28 31 57 59 33 39 34 21 26 10 27 41 55 44 14 18 44 51 35 47 50 39 42 64 64 47 62 66 45 29 21 22 25 32 41 35 21 21 33 24 24 42 37 32 60 45 14 24 28 30 27 45 51 33 31 51 65 77 86 52 11 35 53 51 41 38 39 39 45 48 43 46 63 89 98 85 69 62 49 41 33 24 25 32 31
41 39 66 70 49 53 43 23 17 26 32 30 40 60 54 32 37 32 19 28 5 34 38 52 43 16 21 45 51 37 54 53 39 43 65 65 43 57 52 30 25 24 21 24 33 40 36 36 45 53 41 44 45 26 28 57 57 22 27 26 21 23 45 43 17 19 42 79 97 103 101 72 47 26 6 16 28 42 45 41 34 27 38 63 72 72 78 72 71 62 46 37 37 43 53 60
37 36 56 60 51 66 62 40 34 35 35 32 52 61 44 32 34 29 19 32 4 39 36 51 43 20 28 45 47 38 58 55 36 46 63 60 43 52 48 30 28 27 16 15 27 33 26 29 49 59 57 53 38 24 31 63 69 33 22 12 23 39 37 12 34 40 36 33 31 52 79 87 90 80 63 51 31 6 37 51 37 30 50 81 74 66 63 47 48 59 49 33 36 42 46 52
38 35 46 48 43 60 58 35 35 44 41 32 58 59 35 31 32 26 20 32 2 39 36 53 46 24 34 41 38 39 59 57 35 50 59 47 41 49 45 30 31 25 13 11 21 26 19 23 38 37 24 26 31 39 54 73 56 5 27 21 31 26 10 43 48 46 37 26 21 28 40 47 62 65 65 71 70 51 24 47 32 17 36 61 34 27 53 32 19 49 66 40 25 20 15 19
44 46 51 47 41 64 62 34 40 51 43 34 58 58 35 36 35 23 18 29 4 36 38 57 50 26 36 37 34 40 59 58 35 52 56 41 39 48 45 29 33 27 16 12 18 25 26 36 42 41 40 33 28 30 45 42 21 44 52 41 53 51 57 58 44 47 47 39 31 37 53 66 75 68 55 52 57 64 60 73 61 53 65 89 84 61 66 42 38 15 47 57 37 24 16 18
29 41 49 46 47 71 65 35 52 58 40 36 55 54 36 44 36 19 17 29 10 36 44 59 49 31 37 36 32 43 59 53 36 51 56 41 37 47 44 29 32 26 26 29 32 38 39 48 51 42 48 57 60 58 61 58 56 53 43 33 45 39 50 39 27 28 36 44 41 42 51 60 73 72 62 61 70 84 90 80 51 34 35 50 50 40 51 33 45 48 14 50 46 30 22 24
26 34 50 51 52 72 66 38 59 59 36 35 51 53 38 50 42 25 22 28 9 36 55 60 43 36 38 35 30 50 56 41 36 52 55 40 40 46 42 38 40 41 42 43 44 45 44 50 49 35 40 52 62 67 67 61 56 52 47 43 46 41 55 44 30 21 21 29 32 28 27 28 46 49 44 48 59 69 70 60 43 32 36 47 46 41 39 24 32 56 48 16 43 38 32 29
81 75 59 46 58 74 62 40 59 59 34 32 47 53 38 55 50 30 28 23 4 36 59 60 41 38 39 36 29 50 51 34 35 51 53 39 46 46 39 42 45 56 67 74 74 69 62 65 56 39 42 45 47 50 44 39 39 45 43 49 48 47 54 46 48 49 47 48 53 47 36 29 42 30 14 17 22 26 25 26 33 32 38 45 42 43 43 33 35 61 72 28 32 46 40 30
89 88 68 46 71 75 53 44 61 56 33 37 48 48 37 62 56 24 19 9 20 35 56 59 43 44 43 35 27 44 46 34 35 48 49 35 45 46 40 42 42 52 66 75 75 68 62 72 72 70 69 65 62 65 53 38 37 38 32 43 46 45 41 35 45 57 58 56 56 53 47 46 56 45 36 31 27 23 19 20 27 29 33 34 29 35 46 38 36 54 78 60 44 54 42 33
