data/Arrowhead/aspect.asc
ncols        461
nrows        576
xllcorner    -1620000.000000000000
yllcorner    438000.000000000000
cellsize     100.000000000000
NODATA_value -9999
[rows 234 to 272 of 576, columns 174 to 260 of 461]
5 8 12 14 10 359 358 359 355 357 355 349 4 13 12 43 58 52 65 150 165 165 156 128 21 10 328 318 325 323 308 302 310 47 78 78 85 90 79 67 81 88 97 104 99 90 74 90 95 98 92 85 82 80 124 177 107 92 56 275 -1 261 270 270 268 268 259 232 186 119 74 77 87 87 88 95 103 103 90 90 92 111 270 -1 -1 93 83
10 13 22 14 358 346 350 355 351 359 0 353 11 18 4 38 52 41 44 54 62 42 357 351 358 352 310 311 321 315 314 319 328 62 77 72 80 85 75 66 76 82 82 88 96 94 89 94 97 101 97 90 86 88 115 158 123 101 161 262 135 258 262 266 270 274 286 306 342 17 43 57 78 79 79 84 83 75 74 78 77 45 -1 -1 -1 83 80
9 17 26 14 344 334 344 346 333 343 355 359 19 20 5 43 52 34 37 44 36 17 11 10 348 333 304 305 313 300 303 329 0 68 77 69 74 73 58 58 72 78 78 87 95 100 101 98 97 98 99 98 95 92 96 122 121 106 186 252 162 244 245 247 265 283 307 321 350 29 59 52 71 71 66 73 74 68 70 73 71 58 -1 -1 -1 -1 94
15 23 22 12 346 337 353 351 324 322 342 9 35 32 25 63 59 38 48 49 28 22 23 5 343 335 323 324 332 313 309 346 43 81 80 70 76 77 62 58 72 77 76 80 79 79 94 91 86 79 88 95 94 86 78 89 105 104 214 255 161 226 234 243 264 280 311 320 358 37 45 40 68 71 67 74 79 79 85 86 79 70 63 -1 -1 118 115
23 16 12 10 354 340 355 353 328 327 346 17 45 47 52 71 69 61 70 61 33 35 31 354 332 319 318 326 338 332 327 9 59 74 70 67 77 81 85 93 89 82 74 76 72 66 80 86 79 65 76 84 88 91 91 90 98 101 244 259 135 227 243 254 264 268 287 300 6 47 35 54 86 87 78 78 79 71 77 83 80 76 78 -1 -1 103 108
5 353 359 12 3 343 344 340 328 330 354 34 55 48 53 69 66 56 59 54 39 48 42 332 313 297 297 308 321 334 350 37 67 72 68 69 73 74 70 89 91 80 72 74 71 64 76 83 75 62 76 84 89 95 101 89 87 97 199 233 169 209 248 260 266 268 272 267 149 70 30 80 106 109 92 84 82 70 74 87 105 111 107 -1 116 97 93
350 345 355 12 13 349 338 321 318 330 4 55 62 49 59 67 57 48 56 60 55 64 33 322 315 300 295 298 300 323 33 65 80 82 76 68 69 70 63 77 88 85 74 71 68 56 62 64 61 60 80 90 96 99 112 95 76 84 149 234 194 220 260 270 270 268 265 240 161 216 346 88 103 117 109 99 92 79 83 92 108 133 158 -1 129 116 105
339 337 354 15 13 354 348 329 326 352 25 63 70 68 75 72 62 63 74 76 72 73 358 309 308 300 298 301 303 336 41 62 78 79 71 73 81 79 71 82 91 92 84 79 69 53 62 65 53 50 74 84 88 91 108 124 81 81 90 247 226 262 277 274 268 259 236 199 156 204 197 110 104 115 108 104 97 88 94 96 97 94 -1 120 127 130 -1
323 322 353 11 4 353 351 333 331 13 40 62 70 67 76 80 79 78 79 78 76 76 318 289 291 288 291 298 301 345 55 66 73 69 53 65 76 73 70 78 80 79 85 85 72 61 72 72 52 65 85 85 79 83 100 153 139 113 122 242 250 280 288 275 261 244 216 196 161 185 188 133 113 126 111 103 103 101 101 103 108 139 180 138 127 135 -1
334 331 357 1 349 350 351 331 332 45 67 79 80 74 82 85 82 84 86 81 77 71 324 284 279 277 279 283 287 353 70 73 73 64 49 63 68 65 64 67 65 54 64 70 70 72 80 80 69 86 93 88 78 84 96 133 132 123 149 251 263 282 295 285 259 239 218 208 174 160 171 141 122 126 112 104 106 103 97 96 103 161 163 152 127 -1 -1
334 339 357 358 349 353 359 349 6 70 86 90 87 84 87 87 84 88 91 88 86 69 322 303 295 291 286 284 290 7 70 78 80 69 58 72 74 67 68 72 65 54 65 71 69 72 83 89 94 87 85 81 79 83 90 107 105 104 173 234 247 263 279 281 258 250 250 242 176 142 144 138 125 115 102 98 97 100 96 90 86 135 149 -1 -1 -1 -1
322 334 352 356 352 358 10 23 49 67 76 80 81 82 86 89 92 93 93 96 96 88 295 302 296 295 291 284 290 16 62 65 63 49 51 70 74 67 73 80 74 67 74 76 69 79 92 93 98 93 87 83 90 95 92 101 107 104 153 217 240 254 253 249 264 272 275 282 94 108 111 112 109 106 98 93 91 98 101 95 92 120 -1 -1 -1 -1 -1
320 329 345 1 9 22 63 80 77 67 78 84 86 92 97 94 94 97 98 100 96 35 285 290 282 280 282 278 278 13 61 58 52 44 54 69 71 61 66 62 47 51 68 76 74 87 92 87 81 89 88 87 94 98 91 88 98 101 113 240 247 239 225 237 265 276 280 304 40 67 80 89 96 99 96 95 97 100 106 111 109 -1 -1 -1 -1 -1 -1
333 343 5 34 44 50 93 104 100 85 86 86 84 90 96 97 96 97 98 99 88 322 294 296 286 280 278 277 281 18 74 69 67 66 71 77 76 70 69 56 42 51 66 69 63 75 75 70 75 83 83 82 84 84 82 83 89 96 96 251 227 220 228 257 280 294 297 321 34 53 74 92 103 103 103 102 102 103 108 118 122 -1 -1 -1 -1 -1 -1
359 25 78 97 115 133 118 113 120 110 90 84 80 86 91 96 98 95 94 94 82 302 290 289 281 276 272 274 281 82 104 95 90 90 98 99 89 69 62 57 56 73 80 73 64 72 70 66 81 93 81 67 68 71 71 75 82 90 142 150 185 234 258 271 283 298 301 329 35 49 72 85 100 105 107 105 100 99 103 114 135 -1 -1 -1 -1 -1 -1
103 126 131 137 142 144 130 123 130 129 105 92 87 91 95 100 98 94 92 92 81 281 278 278 274 273 272 271 270 102 115 112 108 105 94 84 60 39 50 61 64 82 90 85 78 81 79 74 83 91 82 69 69 69 63 74 87 94 147 135 159 263 280 283 282 287 293 332 36 63 81 83 87 96 101 108 106 98 99 111 -1 -1 -1 -1 -1 -1 -1
130 144 136 141 145 141 130 129 135 128 119 105 96 94 97 101 102 100 93 86 55 286 281 282 283 280 276 272 265 99 93 87 84 73 64 53 39 37 56 64 63 77 78 69 72 81 84 79 81 83 88 88 85 79 69 79 89 95 122 131 194 271 278 281 275 269 272 298 55 89 97 91 88 95 100 106 109 105 101 103 -1 -1 -1 -1 -1 -1 -1
138 158 148 150 158 156 153 149 146 132 129 121 108 100 100 103 101 100 93 82 35 283 277 278 282 281 278 275 275 84 76 73 61 45 54 57 51 59 73 69 65 76 74 59 60 69 73 71 78 81 89 94 91 87 80 81 83 84 95 108 274 272 267 261 254 255 257 260 86 88 87 87 93 99 103 106 101 99 96 81 -1 -1 -1 -1 -1 -1 -1
135 151 146 148 158 155 161 164 157 146 148 150 134 109 101 104 95 91 88 83 41 276 274 273 273 276 279 279 293 42 40 50 47 45 61 64 59 73 81 76 73 79 78 58 64 74 73 68 78 79 73 84 93 92 82 81 81 79 88 135 250 263 261 257 255 259 262 269 57 72 72 78 90 98 107 115 99 90 84 78 -1 -1 -1 -1 -1 -1 -1
141 144 134 136 150 142 149 159 154 142 145 153 147 129 116 113 100 94 85 83 93 266 270 272 274 279 279 277 291 20 34 48 48 55 69 72 67 76 78 74 77 83 84 55 67 76 72 69 79 78 61 72 87 93 91 89 87 83 90 143 229 243 255 258 261 270 279 291 12 66 78 84 94 102 104 103 95 90 87 84 -1 -1 -1 -1 -1 -1 -1
162 164 148 147 157 139 137 141 137 126 129 139 130 130 129 120 105 97 83 79 75 271 273 276 280 283 284 287 299 11 50 62 60 75 87 84 77 81 83 84 85 85 87 68 70 71 65 66 76 77 62 75 82 83 85 88 87 85 90 118 247 243 258 262 265 275 289 316 354 62 81 87 91 95 86 72 81 85 86 86 -1 -1 -1 -1 -1 -1 -1
169 172 155 155 165 150 148 151 146 135 130 135 116 112 124 119 106 97 84 80 61 283 278 277 279 283 282 289 313 5 46 60 64 82 91 91 89 91 92 93 98 96 90 101 102 91 81 78 77 67 46 60 62 55 65 79 81 80 86 102 255 251 265 266 268 272 281 310 352 74 88 91 83 74 57 64 80 86 86 86 -1 -1 -1 -1 -1 -1 -1
172 172 155 150 160 149 147 150 145 144 144 143 128 126 140 135 122 106 85 86 78 278 276 274 276 284 279 279 298 15 72 86 93 93 93 94 96 95 95 95 97 99 91 91 111 110 109 98 84 60 46 55 56 54 67 82 83 77 80 96 235 271 278 274 272 271 273 284 4 90 93 90 79 71 61 69 80 82 79 79 -1 -1 -1 -1 -1 -1 -1
184 182 160 146 144 128 127 133 126 133 143 141 129 127 139 133 130 129 124 100 22 297 294 285 280 285 281 280 273 140 120 113 111 102 100 101 97 96 99 105 99 94 85 72 84 93 101 105 111 96 73 77 83 80 82 88 86 80 82 88 235 271 280 279 273 269 268 268 125 104 95 78 78 79 75 83 88 82 74 74 53 -1 -1 -1 -1 -1 -1
191 188 171 167 166 145 136 136 118 118 127 124 113 114 125 117 120 136 134 125 315 305 302 301 300 300 288 280 199 131 125 118 109 101 100 106 110 110 109 106 97 92 81 78 87 80 63 80 103 150 129 99 98 100 91 87 82 79 82 86 244 262 266 269 270 267 265 252 122 106 89 68 78 83 80 86 90 83 77 77 67 -1 -1 -1 -1 -1 -1
171 169 162 168 171 158 151 149 128 126 137 136 125 120 122 118 121 131 125 285 296 298 291 296 306 304 290 284 59 92 106 119 116 104 101 106 108 106 93 74 78 81 85 99 97 81 61 73 81 114 150 123 98 90 85 80 71 81 94 106 225 263 266 267 270 270 267 248 110 95 76 70 77 77 68 75 76 67 68 69 67 -1 -1 -1 -1 -1 -1
34 58 81 108 137 149 152 148 128 123 135 130 129 134 133 126 125 114 353 325 308 298 285 284 291 295 296 303 55 85 93 102 101 89 83 77 75 63 47 56 72 79 88 96 88 75 77 81 77 76 102 124 92 85 86 79 70 84 95 120 210 260 264 264 271 274 269 247 105 95 81 81 80 71 59 70 72 63 62 67 72 -1 -1 -1 -1 -1 -1
31 48 56 56 77 101 127 129 115 111 119 109 111 129 135 125 119 318 322 327 324 311 293 290 298 296 299 334 116 100 86 69 69 77 72 61 63 58 59 78 87 84 79 81 76 71 75 80 77 70 80 110 111 95 96 86 77 81 83 86 216 258 260 257 261 266 259 222 119 98 78 79 77 66 57 68 70 62 72 84 88 -1 -1 -1 -1 -1 -1
81 96 97 90 87 94 114 125 120 120 127 109 102 104 111 104 346 303 297 304 317 312 295 292 301 293 295 62 74 72 60 46 63 76 69 62 72 79 83 90 93 87 77 76 75 78 90 91 79 65 74 96 146 116 105 93 88 87 85 79 -1 264 264 256 258 260 252 218 129 88 55 59 58 46 43 55 58 53 70 81 78 51 -1 -1 -1 -1 -1
117 121 129 129 111 110 122 126 124 128 140 120 112 112 107 38 326 310 293 293 298 300 295 292 292 285 293 53 45 54 53 54 69 67 53 56 74 84 87 87 87 85 83 84 88 92 98 101 90 78 79 86 120 124 118 108 99 93 86 75 40 271 263 257 264 266 260 240 135 71 42 58 63 45 42 55 56 46 53 55 43 38 41 -1 -1 -1 -1
123 114 117 122 110 108 117 117 117 123 130 120 119 126 116 311 324 328 303 301 306 300 298 295 289 283 274 94 86 83 80 82 84 80 73 87 94 92 91 93 93 93 94 102 113 108 92 93 103 107 98 91 94 107 116 113 95 87 82 71 62 257 255 257 266 268 263 253 271 68 74 95 91 74 76 80 65 47 55 54 43 52 64 -1 -1 -1 -1
133 131 138 139 125 120 126 112 108 114 111 104 108 117 283 296 313 325 302 297 301 290 289 296 295 290 299 66 84 96 97 95 92 95 105 104 103 99 97 98 99 103 107 113 127 141 114 114 123 124 117 106 101 102 111 118 93 83 81 75 79 241 255 258 265 266 260 255 264 64 68 88 90 83 90 88 69 59 68 65 53 66 76 -1 -1 -1 -1
124 129 143 141 135 129 132 117 115 130 131 122 118 109 286 291 306 307 290 287 289 282 284 293 291 286 308 35 60 72 78 81 85 89 94 94 95 100 99 95 92 86 85 85 80 92 101 106 113 107 105 97 84 88 104 133 128 108 93 85 88 258 261 268 271 265 249 251 255 68 54 71 79 88 89 83 71 66 68 63 52 69 75 51 -1 -1 -1
115 116 129 124 123 121 119 113 115 130 126 122 125 342 301 295 308 308 304 302 295 284 282 287 287 283 283 62 72 69 66 70 81 85 86 89 92 92 86 81 74 58 67 67 55 53 74 82 85 87 88 88 85 89 99 123 129 128 116 100 95 239 256 270 272 261 244 249 250 239 83 87 85 84 88 85 80 84 78 63 45 63 69 54 45 -1 -1
122 122 134 122 115 115 111 103 102 113 105 96 8 310 300 293 299 296 300 308 302 289 288 296 296 289 294 67 78 77 78 90 96 93 86 88 88 83 83 84 77 68 80 82 79 91 96 89 81 83 82 77 74 78 80 86 99 112 125 111 97 270 260 265 263 248 237 235 234 243 102 93 80 73 84 85 84 94 97 72 50 67 72 66 61 -1 -1
128 126 131 122 117 118 117 114 111 112 101 90 310 294 288 285 291 283 284 297 298 288 288 297 291 270 244 127 112 106 104 104 106 102 92 90 87 83 88 92 88 83 87 90 92 95 93 77 62 63 58 45 52 67 68 68 78 81 88 105 116 282 277 266 260 244 235 234 239 245 129 75 57 62 78 93 107 102 105 110 91 83 81 77 75 -1 -1
121 122 118 111 112 116 113 116 119 118 102 64 310 296 294 299 306 288 286 293 294 292 289 288 273 248 204 147 127 123 123 105 101 103 100 93 88 84 83 82 82 87 89 85 74 74 72 63 59 61 60 59 74 80 74 70 74 72 69 84 117 239 253 260 253 241 244 252 252 248 233 65 54 74 89 98 112 110 116 145 141 97 86 83 85 -1 -1
123 124 115 107 106 110 104 105 114 119 104 346 310 295 296 303 312 300 297 307 298 297 300 298 282 267 188 127 121 117 116 101 94 94 101 100 93 82 81 78 70 69 71 62 52 69 73 65 64 70 75 81 87 87 84 82 84 83 76 79 94 222 220 248 245 231 243 254 252 250 259 27 54 81 91 92 93 99 105 128 143 115 91 84 82 -1 -1
131 141 130 124 123 125 114 111 118 119 135 295 297 288 291 298 303 297 297 307 293 288 295 295 284 301 57 99 108 105 93 88 87 85 93 97 93 86 86 85 80 82 79 59 52 65 65 62 77 91 91 87 87 89 94 94 90 86 78 83 88 234 223 253 254 244 252 252 248 253 259 301 47 71 78 78 81 88 92 97 112 119 98 85 79 -1 -1
