data/Arrowhead/aspect.asc
ncols        461
nrows        576
xllcorner    -1620000.000000000000
yllcorner    438000.000000000000
cellsize     100.000000000000
NODATA_value -9999
[rows 156 to 194 of 576, columns 174 to 260 of 461]
216 220 199 130 93 80 90 92 89 89 88 69 50 45 37 31 35 51 49 36 48 50 42 56 71 63 45 56 59 52 61 73 70 58 66 69 66 71 82 85 83 83 80 72 67 75 77 74 81 84 -1 -1 -1 -1 -1 -1 -1 -1 -1 -1 -1 -1 -1 -1 -1 -1 239 236 234 244 253 253 260 269 275 286 292 290 283 190 237 253 263 278 282 276 272
205 221 217 189 154 132 114 108 108 95 89 80 73 69 63 55 63 68 54 45 56 55 45 61 67 52 44 53 52 45 63 76 70 63 72 76 76 88 93 84 70 74 75 67 73 81 76 64 71 68 38 -1 -1 -1 -1 -1 -1 -1 -1 -1 -1 -1 -1 -1 -1 -1 225 228 224 237 241 238 246 253 257 255 266 285 304 48 265 257 270 278 278 275 271
207 230 230 217 175 139 118 117 123 102 91 89 84 75 73 62 68 72 73 79 81 71 54 64 63 51 51 59 59 55 69 69 56 51 62 67 68 87 99 96 85 83 80 74 82 86 75 62 68 67 56 59 -1 -1 -1 -1 -1 -1 -1 -1 -1 -1 -1 -1 -1 -1 -1 225 212 236 235 228 233 243 239 214 232 245 248 57 306 286 282 270 269 274 271
203 225 237 238 200 130 116 118 133 122 115 114 109 92 80 74 86 91 92 93 88 71 53 64 64 54 54 70 81 84 81 72 52 45 60 65 62 73 75 69 69 77 79 77 82 83 77 72 76 77 72 71 -1 -1 -1 -1 -1 -1 -1 -1 -1 -1 -1 -1 -1 -1 -1 -1 -1 244 232 227 240 250 237 217 237 250 244 229 293 283 264 255 262 265 263
187 203 226 232 202 153 124 117 126 124 129 143 140 118 87 79 89 94 95 91 85 69 65 74 70 59 68 82 80 73 76 74 64 71 80 73 63 68 63 51 64 81 79 67 70 70 62 64 74 77 76 78 -1 -1 -1 -1 -1 -1 -1 -1 -1 -1 -1 -1 -1 -1 -1 -1 -1 231 224 231 247 252 242 236 253 260 247 239 272 269 221 245 256 256 258
182 203 232 233 205 171 149 138 133 115 117 141 145 145 111 86 85 86 82 77 71 69 82 89 89 88 92 90 66 48 58 59 52 73 84 75 63 69 66 54 71 82 75 59 62 61 55 68 82 77 60 54 50 -1 -1 -1 -1 -1 -1 -1 -1 -1 -1 -1 -1 -1 -1 -1 -1 -1 225 236 245 242 230 231 240 242 230 246 266 261 176 249 261 263 261
183 223 242 235 214 182 160 154 144 121 112 124 137 160 166 146 125 114 102 86 82 85 89 92 96 104 101 94 59 46 61 64 56 66 65 52 49 59 56 47 67 72 62 57 65 66 60 73 82 72 47 53 64 -1 -1 -1 -1 -1 -1 -1 -1 -1 -1 -1 -1 -1 -1 -1 -1 -1 -1 233 248 246 235 234 240 237 220 219 226 201 182 254 258 254 252
183 219 234 229 219 198 171 159 135 123 119 120 122 142 164 148 138 144 149 136 135 135 131 119 108 106 104 106 133 112 101 93 78 72 63 46 44 57 57 53 67 63 46 42 53 59 58 70 71 58 43 58 65 50 -1 -1 -1 -1 -1 -1 -1 -1 -1 -1 -1 -1 -1 -1 -1 -1 -1 234 259 255 248 258 264 248 218 222 220 205 223 254 250 239 239
184 217 227 218 209 205 196 169 150 130 124 123 113 115 136 122 119 138 148 141 143 150 142 139 135 124 114 119 155 137 124 109 85 77 72 63 71 80 74 67 70 63 47 51 63 62 54 62 61 43 36 52 57 51 45 -1 -1 -1 -1 -1 -1 -1 -1 -1 -1 -1 -1 -1 -1 -1 -1 -1 254 246 240 254 262 242 220 233 229 215 232 241 242 237 238
182 223 231 215 214 228 214 165 167 158 134 124 116 113 121 111 108 118 122 117 124 139 131 133 143 138 125 124 144 132 129 135 115 92 85 89 99 97 84 73 76 76 65 72 77 67 55 62 63 47 51 61 57 49 43 47 -1 -1 -1 -1 -1 -1 -1 -1 -1 -1 -1 -1 -1 -1 -1 -1 245 241 239 246 246 230 228 237 231 221 235 240 244 249 252
182 229 238 216 230 242 204 160 178 194 142 113 109 108 111 106 105 111 116 118 121 132 129 128 139 142 132 123 124 119 124 140 137 117 106 109 108 103 96 86 83 81 72 73 69 59 60 71 71 62 72 77 65 57 60 68 -1 -1 -1 -1 -1 -1 -1 -1 -1 -1 -1 -1 -1 -1 -1 -1 241 247 243 247 249 247 259 257 243 232 238 242 240 242 248
186 222 223 196 215 222 193 163 188 218 183 111 101 101 103 101 102 106 107 110 109 104 104 108 121 126 127 123 118 114 116 127 130 129 122 112 104 103 102 102 101 94 84 83 79 71 69 74 70 61 73 78 73 78 83 85 -1 -1 -1 -1 -1 -1 -1 -1 -1 -1 -1 -1 -1 -1 -1 -1 225 244 245 252 253 250 260 273 263 246 246 248 241 244 250
203 234 218 184 212 221 191 170 190 212 206 162 118 110 106 97 95 98 96 96 95 87 86 88 85 85 95 105 105 109 128 151 134 133 131 114 100 97 96 99 103 100 91 91 93 93 94 92 80 69 73 71 64 78 83 74 45 -1 -1 -1 -1 -1 -1 -1 -1 -1 -1 -1 -1 -1 -1 -1 -1 241 246 252 247 240 244 255 263 259 257 254 243 251 256
235 249 198 176 224 226 183 178 191 215 227 198 142 136 132 119 109 102 95 95 99 104 104 96 80 80 83 85 87 95 111 147 136 132 139 126 110 108 114 99 91 86 85 88 91 93 96 97 89 78 76 71 53 68 72 51 33 11 5 13 12 15 -1 -1 -1 -1 -1 -1 -1 -1 -1 -1 -1 228 265 266 255 244 246 245 243 235 242 244 236 249 253
218 213 181 183 227 227 171 180 196 231 245 218 149 140 126 121 113 102 94 93 94 96 96 86 74 82 85 84 93 97 95 103 114 124 142 132 119 114 114 101 88 71 66 75 75 68 78 80 76 74 76 71 49 65 69 47 38 26 15 18 23 41 65 -1 -1 -1 -1 -1 -1 -1 -1 -1 -1 -1 274 273 269 260 257 251 231 232 244 246 239 249 249
208 196 184 191 214 209 175 179 209 244 246 216 181 142 102 101 100 97 93 91 89 87 82 73 73 82 87 88 93 95 90 83 89 102 129 123 116 112 106 97 91 73 73 81 76 67 75 75 67 73 79 70 47 68 72 65 71 60 31 20 41 55 52 54 -1 -1 -1 -1 -1 -1 -1 -1 -1 -1 264 262 262 265 265 264 249 255 262 261 255 254 248
204 190 182 196 211 204 181 188 222 236 223 196 196 193 157 125 105 105 101 94 87 87 88 86 84 85 87 93 90 85 81 83 90 97 117 117 113 112 112 104 103 105 92 86 75 69 77 79 74 81 84 73 52 65 68 66 75 64 31 27 55 50 32 42 45 -1 -1 -1 -1 -1 -1 -1 -1 -1 255 253 252 253 260 264 268 269 269 271 269 262 254
193 188 180 201 215 207 187 200 227 229 211 187 200 206 199 183 132 112 106 99 93 92 91 92 97 99 96 95 93 91 89 98 106 107 115 116 118 120 118 110 113 137 109 85 69 65 74 78 76 83 84 80 65 67 69 68 67 47 48 53 64 54 31 48 53 -1 -1 -1 -1 -1 -1 -1 -1 -1 252 254 254 260 270 270 261 271 273 267 262 258 245
182 182 182 194 201 202 194 205 230 235 214 181 201 220 225 215 155 110 97 95 96 96 96 98 101 105 102 96 94 94 95 99 104 110 115 116 121 128 124 117 117 138 131 107 88 83 83 76 70 81 88 94 114 115 99 83 61 51 69 83 90 90 84 78 76 74 -1 -1 -1 -1 -1 -1 -1 -1 280 275 269 271 275 270 258 268 268 257 252 249 231
167 169 179 190 196 204 202 203 217 214 199 186 200 231 237 219 192 132 104 97 96 96 97 102 100 100 104 105 104 109 121 114 116 131 135 125 127 134 126 123 123 133 143 130 115 107 104 96 90 96 108 130 113 78 70 50 49 68 91 114 111 101 75 90 98 111 -1 -1 -1 -1 -1 -1 -1 -1 273 273 273 270 266 260 262 268 269 258 251 242 222
148 144 153 191 205 207 204 199 204 203 200 199 204 225 218 201 196 185 170 113 108 110 107 104 99 100 108 115 119 121 128 123 126 144 151 141 146 156 146 148 149 141 155 155 145 130 126 126 120 110 111 142 351 36 39 36 59 75 84 109 102 57 15 77 92 -1 -1 -1 -1 -1 -1 -1 -1 -1 258 260 265 266 257 238 241 254 253 243 252 245 222
7 4 17 34 338 209 199 192 198 203 215 213 209 220 208 204 202 196 191 172 154 144 145 125 108 106 113 113 119 124 124 118 119 136 145 144 151 157 150 160 168 157 166 169 165 159 160 156 141 118 75 329 2 54 60 61 71 74 73 90 -1 35 -1 90 91 -1 -1 -1 -1 -1 -1 -1 -1 -1 242 253 260 263 250 229 237 246 242 237 240 225 205
0 0 19 24 3 8 29 71 186 209 230 222 214 222 216 222 212 192 188 185 178 174 180 151 125 120 130 117 122 136 137 126 121 131 132 138 149 150 140 150 163 153 162 171 168 166 176 181 106 28 351 343 32 63 68 78 83 75 68 72 -1 -1 105 100 96 -1 -1 -1 -1 -1 -1 -1 -1 -1 229 260 266 268 261 244 249 252 250 247 232 211 196
1 1 23 21 6 17 35 41 35 90 225 213 203 209 217 224 199 182 189 195 196 202 199 163 138 126 132 117 120 133 141 137 137 147 141 146 163 163 144 144 152 142 147 170 101 356 341 338 349 353 351 3 52 61 50 60 65 56 58 64 45 -1 108 111 111 -1 -1 -1 -1 -1 -1 -1 -1 -1 -1 259 260 263 269 262 257 254 251 254 243 200 201
7 1 21 20 16 26 39 40 32 46 132 196 194 203 215 209 186 181 190 190 196 212 206 171 157 140 131 112 112 122 130 137 142 148 140 143 164 171 161 154 144 10 354 358 359 351 348 347 351 353 12 55 71 62 46 53 54 51 61 62 52 -1 105 112 135 -1 -1 -1 -1 -1 -1 -1 -1 -1 -1 245 262 270 282 279 264 251 241 238 198 187 211
7 2 17 19 14 20 33 34 31 43 44 37 140 201 205 197 189 188 191 188 199 210 198 183 181 173 156 126 117 123 123 127 133 128 119 124 148 168 180 306 332 332 342 3 7 356 354 359 18 28 55 84 89 76 60 60 58 53 55 59 64 93 95 92 -1 -1 -1 -1 -1 -1 -1 -1 -1 -1 -1 248 267 269 265 253 260 250 241 231 193 210 225
6 9 25 28 11 12 18 17 17 25 27 28 41 78 172 188 205 206 197 194 206 208 196 194 197 189 167 137 129 133 124 126 142 141 119 115 124 324 326 332 328 321 328 8 19 16 19 35 59 70 75 73 59 46 43 51 53 48 57 72 76 74 87 86 -1 -1 -1 -1 -1 -1 -1 -1 -1 -1 -1 246 254 247 230 229 251 254 249 234 201 221 220
12 23 44 38 7 359 4 13 16 29 37 33 35 35 26 20 282 200 197 199 200 204 204 213 215 198 173 141 130 133 125 127 144 151 135 102 346 324 331 342 343 338 342 8 36 54 57 62 65 55 41 47 40 41 47 59 64 60 72 79 74 65 85 87 -1 -1 -1 -1 -1 -1 -1 -1 -1 -1 -1 -1 237 233 225 222 242 235 226 219 194 214 217
17 26 45 34 3 352 348 20 29 50 55 33 35 38 26 22 36 73 191 195 186 194 198 205 209 196 178 151 128 125 119 120 130 137 135 335 328 317 325 345 1 11 4 13 40 56 55 57 51 37 34 60 81 91 84 80 79 76 80 80 78 83 98 70 19 45 -1 -1 -1 -1 -1 -1 -1 -1 -1 -1 227 233 229 233 243 220 215 212 191 201 195
30 43 46 15 6 3 353 24 45 65 58 33 48 55 38 33 43 43 26 60 148 183 195 203 206 195 184 168 149 140 126 119 123 120 317 315 313 304 304 336 38 46 26 29 60 66 47 40 35 34 40 65 83 95 96 93 88 84 87 90 91 91 77 349 23 55 -1 -1 -1 -1 -1 -1 -1 -1 -1 -1 -1 239 238 246 248 221 213 218 202 182 173
69 70 26 359 15 12 10 34 53 61 45 27 36 37 31 37 44 37 23 34 43 53 163 210 206 195 189 173 157 147 130 124 122 303 310 316 312 300 294 348 77 77 63 68 79 66 31 39 45 47 53 75 86 95 99 96 85 72 77 80 77 75 49 327 56 78 74 -1 -1 -1 -1 -1 -1 -1 -1 -1 -1 229 235 250 253 231 204 231 232 146 123
78 48 353 6 32 19 30 40 54 55 34 17 29 38 37 37 32 25 21 36 40 42 59 164 195 195 197 174 153 146 135 128 94 299 304 312 314 312 310 23 62 55 41 45 58 47 27 58 69 74 81 87 90 95 93 87 78 65 64 58 48 53 58 263 91 84 79 -1 -1 -1 -1 -1 -1 -1 -1 -1 -1 -1 229 256 256 234 189 230 237 158 104
49 5 355 14 12 19 38 43 63 65 28 12 43 55 40 37 34 28 21 36 41 36 42 34 21 -1 185 168 158 144 133 56 324 298 298 305 306 318 348 19 42 50 41 48 51 38 30 56 67 75 94 103 97 85 80 83 78 66 62 54 45 52 59 38 69 74 74 -1 -1 -1 -1 -1 -1 -1 -1 -1 -1 -1 225 259 252 230 181 209 228 206 103
15 357 7 10 14 37 48 51 53 28 5 17 51 50 31 45 55 39 29 49 43 27 35 31 21 19 41 73 90 67 356 336 334 317 308 311 304 313 6 23 51 70 68 66 52 36 39 65 78 83 87 88 74 50 57 68 66 56 61 58 48 57 57 39 48 85 90 -1 -1 -1 -1 -1 -1 -1 -1 -1 -1 -1 -1 250 240 228 189 188 222 216 132
354 2 26 16 43 62 57 52 27 6 5 32 46 32 29 48 52 18 29 45 22 19 35 40 29 31 43 35 26 17 328 322 324 324 325 328 328 336 13 36 60 66 50 60 69 74 76 83 85 68 59 57 48 47 59 62 42 35 48 50 46 57 56 48 56 75 83 -1 -1 -1 -1 -1 -1 -1 -1 -1 -1 -1 -1 241 231 218 194 180 209 218 169
183 190 60 21 53 63 59 44 12 5 22 52 50 40 46 57 47 5 26 31 11 21 38 41 32 44 54 48 51 9 304 300 298 307 323 330 341 2 38 58 67 58 41 58 70 79 92 89 69 35 52 61 61 63 71 63 28 45 63 66 63 67 62 51 58 74 101 -1 -1 -1 -1 -1 -1 -1 -1 -1 -1 -1 -1 258 235 214 202 182 195 214 199
180 207 227 246 69 60 41 26 20 31 43 68 75 71 70 67 42 3 29 36 26 37 54 54 43 53 52 46 50 351 303 296 288 289 296 303 348 51 62 64 58 46 39 52 56 54 71 68 45 39 61 64 62 69 77 61 24 68 84 91 89 82 70 55 67 79 105 -1 -1 -1 -1 -1 -1 -1 -1 -1 -1 -1 -1 273 258 223 220 180 176 217 218
186 226 230 201 140 94 37 39 50 52 46 64 65 48 45 46 28 12 46 64 63 74 85 82 65 65 63 58 57 338 301 301 295 296 294 280 322 52 54 59 51 39 38 53 63 66 73 60 49 56 66 69 68 72 70 40 28 73 81 78 78 75 68 69 79 79 62 -1 -1 -1 -1 -1 -1 -1 -1 -1 -1 -1 -1 245 218 188 196 174 151 235 237
200 225 219 193 176 191 161 102 92 76 61 68 61 40 45 48 33 30 60 70 67 80 88 84 73 79 84 86 79 310 293 296 296 299 303 274 270 50 48 42 33 20 37 63 72 71 80 90 87 75 79 82 81 77 64 37 52 79 78 61 59 64 66 67 72 73 66 -1 -1 -1 -1 -1 -1 -1 -1 -1 -1 -1 -1 217 195 175 177 171 149 231 229
