data/Arrowhead/aspect.asc
ncols        461
nrows        576
xllcorner    -1620000.000000000000
yllcorner    438000.000000000000
cellsize     100.000000000000
NODATA_value -9999
[rows 390 to 428 of 576, columns 174 to 260 of 461]
-9999 -9999 -9999 -9999 -9999 -9999 -9999 -9999 -9999 -9999 -9999 -9999 -9999 -9999 -9999 -9999 -9999 -9999 -9999 -9999 -9999 -9999 -9999 -9999 -9999 -9999 -9999 -9999 -9999 -9999 -9999 -9999 -9999 -9999 -9999 -9999 -1 343 62 69 64 74 82 77 68 78 83 86 92 95 90 83 83 82 79 78 73 70 60 70 77 78 78 85 93 118 111 117 203 212 186 223 248 257 254 217 158 70 62 57 68 80 70 58 74 72 38
-9999 -9999 -9999 -9999 -9999 -9999 -9999 -9999 -9999 -9999 -9999 -9999 -9999 -9999 -9999 -9999 -9999 -9999 -9999 -9999 -9999 -9999 -9999 -9999 -9999 -9999 -9999 -9999 -9999 -9999 -9999 -9999 -9999 -9999 -9999 -9999 -9999 323 66 69 65 75 76 70 73 84 86 83 86 90 84 77 82 81 73 73 76 73 67 77 77 67 76 88 85 86 97 97 154 199 204 233 240 251 254 236 251 49 56 56 66 74 63 51 64 63 54
-9999 -9999 -9999 -9999 -9999 -9999 -9999 -9999 -9999 -9999 -9999 -9999 -9999 -9999 -9999 -9999 -9999 -9999 -9999 -9999 -9999 -9999 -9999 -9999 -9999 -9999 -9999 -9999 -9999 -9999 -9999 -9999 -9999 -9999 -9999 -9999 -9999 254 87 81 82 86 83 74 74 82 84 77 80 82 78 77 81 79 63 59 57 55 67 80 85 81 84 93 100 102 102 98 103 159 225 233 228 248 253 255 287 350 40 49 64 73 69 88 93 87 85
-9999 -9999 -9999 -9999 -9999 -9999 -9999 -9999 -9999 -9999 -9999 -9999 -9999 -9999 -9999 -9999 -9999 -9999 -9999 -9999 -9999 -9999 -9999 -9999 -9999 -9999 -9999 -9999 -9999 -9999 -9999 -9999 -9999 -9999 -9999 -9999 -9999 149 122 99 94 91 86 77 89 96 91 83 88 90 90 94 95 88 67 62 58 57 66 74 82 94 96 93 90 82 81 84 90 113 225 236 230 254 255 252 275 316 29 52 72 76 66 95 113 118 116
-9999 -9999 -9999 -9999 -9999 -9999 -9999 -9999 -9999 -9999 -9999 -9999 -9999 -9999 -9999 -9999 -9999 -9999 -9999 -9999 -9999 -9999 -9999 -9999 -9999 -9999 -9999 -9999 -9999 -9999 -9999 -9999 -9999 -9999 -9999 -9999 -9999 108 135 108 96 92 91 100 106 107 104 98 95 96 102 103 102 92 74 74 75 70 71 82 90 91 94 92 87 91 101 111 117 120 209 234 227 256 256 250 266 292 23 63 79 78 66 83 95 106 119
-9999 -9999 -9999 -9999 -9999 -9999 -9999 -9999 -9999 -9999 -9999 -9999 -9999 -9999 -9999 -9999 -9999 -9999 -9999 -9999 -9999 -9999 -9999 -9999 -9999 -9999 -9999 -9999 -9999 -9999 -9999 -9999 -9999 -9999 -9999 -9999 -9999 -1 116 97 88 87 88 90 92 93 93 93 92 90 87 82 74 59 58 71 77 67 76 86 77 60 69 77 84 100 114 126 125 118 193 226 241 264 264 271 282 302 8 72 85 79 67 75 78 74 69
-9999 -9999 -9999 -9999 -9999 -9999 -9999 -9999 -9999 -9999 -9999 -9999 -9999 -9999 -9999 -9999 -9999 -9999 -9999 -9999 -9999 -9999 -9999 -9999 -9999 -9999 -9999 -9999 -9999 -9999 -9999 -9999 -9999 -9999 -9999 -9999 -9999 -9999 -1 90 94 95 88 79 85 89 92 99 103 98 82 75 72 65 67 71 59 41 60 66 52 59 74 79 83 90 95 106 109 106 161 232 261 269 268 274 282 301 4 73 79 66 57 64 70 69 69
-9999 -9999 -9999 -9999 -9999 -9999 -9999 -9999 -9999 -9999 -9999 -9999 -9999 -9999 -9999 -9999 -9999 -9999 -9999 -9999 -9999 -9999 -9999 -9999 -9999 -9999 -9999 -9999 -9999 -9999 -9999 -9999 -9999 -9999 -9999 -9999 -9999 -9999 -1 118 100 92 87 87 92 96 104 106 108 110 108 100 95 93 88 74 51 41 64 71 63 74 80 70 62 74 82 91 109 113 146 254 265 263 259 262 271 285 6 73 69 58 61 68 69 64 64
-9999 -9999 -9999 -9999 -9999 -9999 -9999 -9999 -9999 -9999 -9999 -9999 -9999 -9999 -9999 -9999 -9999 -9999 -9999 -9999 -9999 -9999 -9999 -9999 -9999 -9999 -9999 -9999 -9999 -9999 -9999 -9999 -9999 -9999 -9999 -9999 -9999 -9999 -1 111 91 83 82 86 91 93 95 93 90 84 84 90 93 82 62 57 55 62 80 83 77 81 75 58 60 71 75 70 88 115 183 249 255 257 260 272 282 290 11 81 77 69 73 76 75 69 71
-9999 -9999 -9999 -9999 -9999 -9999 -9999 -9999 -9999 -9999 -9999 -9999 -9999 -9999 -9999 -9999 -9999 -9999 -9999 -9999 -9999 -9999 -9999 -9999 -9999 -9999 -9999 -9999 -9999 -9999 -9999 -9999 -9999 -9999 -9999 -9999 -9999 -9999 -9999 288 110 94 86 95 97 92 85 85 84 81 79 63 36 17 28 42 45 53 75 77 62 67 64 66 76 79 76 66 84 105 221 247 246 250 258 271 278 293 75 84 76 68 80 87 86 74 80
-9999 -9999 -9999 -9999 -9999 -9999 -9999 -9999 -9999 -9999 -9999 -9999 -9999 -9999 -9999 -9999 -9999 -9999 -9999 -9999 -9999 -9999 -9999 -9999 -9999 -9999 -9999 -9999 -9999 -9999 -9999 -9999 -9999 -9999 -9999 -9999 -9999 -9999 -9999 -1 111 93 82 90 93 89 87 91 91 79 54 16 6 17 40 52 45 54 66 53 33 42 56 72 81 82 78 72 85 90 258 246 246 261 270 271 270 281 85 90 80 67 79 82 69 63 77
-9999 -9999 -9999 -9999 -9999 -9999 -9999 -9999 -9999 -9999 -9999 -9999 -9999 -9999 -9999 -9999 -9999 -9999 -9999 -9999 -9999 -9999 -9999 -9999 -9999 -9999 -9999 -9999 -9999 -9999 -9999 -9999 -9999 -9999 -9999 -9999 -9999 -9999 -9999 -9999 315 81 81 84 84 83 78 65 50 30 14 357 2 36 59 59 42 54 58 41 35 48 61 62 81 99 104 96 89 87 230 221 239 264 275 276 275 289 85 90 85 73 75 70 57 69 81
-9999 -9999 -9999 -9999 -9999 -9999 -9999 -9999 -9999 -9999 -9999 -9999 -9999 -9999 -9999 -9999 -9999 -9999 -9999 -9999 -9999 -9999 -9999 -9999 -9999 -9999 -9999 -9999 -9999 -9999 -9999 -9999 -9999 -9999 -9999 -9999 -9999 -9999 -9999 -9999 -1 119 99 88 83 67 44 28 26 19 7 1 8 28 49 49 32 50 55 40 40 54 59 44 67 87 112 118 99 90 135 206 241 268 275 276 273 259 100 85 80 77 78 74 73 88 96
-9999 -9999 -9999 -9999 -9999 -9999 -9999 -9999 -9999 -9999 -9999 -9999 -9999 -9999 -9999 -9999 -9999 -9999 -9999 -9999 -9999 -9999 -9999 -9999 -9999 -9999 -9999 -9999 -9999 -9999 -9999 -9999 -9999 -9999 -9999 -9999 -9999 -9999 -9999 -9999 -1 102 84 80 73 47 27 23 28 21 11 5 11 30 44 37 24 42 43 21 31 50 51 33 57 67 64 79 83 75 74 185 252 267 271 272 269 220 116 73 70 69 81 84 85 91 96
-9999 -9999 -9999 -9999 -9999 -9999 -9999 -9999 -9999 -9999 -9999 -9999 -9999 -9999 -9999 -9999 -9999 -9999 -9999 -9999 -9999 -9999 -9999 -9999 -9999 -9999 -9999 -9999 -9999 -9999 -9999 -9999 -9999 -9999 -9999 -9999 -9999 -9999 -9999 -9999 -9999 288 65 69 62 37 28 30 29 26 19 7 16 40 44 35 35 49 40 23 27 26 21 17 33 46 42 52 63 59 60 65 253 261 266 269 267 207 180 84 77 81 88 85 76 75 83
-9999 -9999 -9999 -9999 -9999 -9999 -9999 -9999 -9999 -9999 -9999 -9999 -9999 -9999 -9999 -9999 -9999 -9999 -9999 -9999 -9999 -9999 -9999 -9999 -9999 -9999 -9999 -9999 -9999 -9999 -9999 -9999 -9999 -9999 -9999 -9999 -9999 -9999 -9999 -9999 -9999 -1 60 70 62 30 25 24 20 16 9 7 17 39 48 56 69 64 48 36 10 6 15 19 37 49 47 57 59 39 49 55 232 258 270 277 278 164 186 145 104 99 91 82 68 74 81
-9999 -9999 -9999 -9999 -9999 -9999 -9999 -9999 -9999 -9999 -9999 -9999 -9999 -9999 -9999 -9999 -9999 -9999 -9999 -9999 -9999 -9999 -9999 -9999 -9999 -9999 -9999 -9999 -9999 -9999 -9999 -9999 -9999 -9999 -9999 -9999 -9999 -9999 -9999 -9999 -9999 -9999 288 99 70 20 20 20 14 8 3 9 17 38 55 52 41 37 47 30 344 353 18 29 51 59 53 61 61 30 49 60 82 250 262 268 261 165 172 147 112 103 96 83 75 83 85
-9999 -9999 -9999 -9999 -9999 -9999 -9999 -9999 -9999 -9999 -9999 -9999 -9999 -9999 -9999 -9999 -9999 -9999 -9999 -9999 -9999 -9999 -9999 -9999 -9999 -9999 -9999 -9999 -9999 -9999 -9999 -9999 -9999 -9999 -9999 -9999 -9999 -9999 -9999 -9999 -9999 -9999 135 95 47 4 13 17 11 5 3 8 16 46 53 29 26 44 43 3 343 354 15 27 51 59 54 65 70 49 69 78 85 249 257 255 233 186 194 115 104 104 106 99 91 91 88
-9999 -9999 -9999 -9999 -9999 -9999 -9999 -9999 -9999 -9999 -9999 -9999 -9999 -9999 -9999 -9999 -9999 -9999 -9999 -9999 -9999 -9999 -9999 -9999 -9999 -9999 -9999 -9999 -9999 -9999 -9999 -9999 -9999 -9999 -9999 -9999 -9999 -9999 -9999 -9999 -9999 -9999 -1 14 3 351 2 8 8 8 8 5 18 53 47 19 46 64 24 348 342 357 24 48 69 67 57 66 69 43 77 94 92 245 260 256 237 215 247 72 90 100 110 126 115 101 91
-9999 -9999 -9999 -9999 -9999 -9999 -9999 -9999 -9999 -9999 -9999 -9999 -9999 -9999 -9999 -9999 -9999 -9999 -9999 -9999 -9999 -9999 -9999 -9999 -9999 -9999 -9999 -9999 -9999 -9999 -9999 -9999 -9999 -9999 -9999 -9999 -9999 -9999 -9999 -9999 -9999 -9999 -1 323 342 331 345 359 9 11 7 10 20 43 39 26 56 54 354 336 340 16 63 85 90 80 71 75 75 53 75 86 86 194 259 251 231 234 262 79 96 102 114 133 123 110 99
-9999 -9999 -9999 -9999 -9999 -9999 -9999 -9999 -9999 -9999 -9999 -9999 -9999 -9999 -9999 -9999 -9999 -9999 -9999 -9999 -9999 -9999 -9999 -9999 -9999 -9999 -9999 -9999 -9999 -9999 -9999 -9999 -9999 -9999 -9999 -9999 -9999 -9999 -9999 -9999 -9999 -9999 -9999 288 305 292 308 344 8 2 4 21 33 42 36 30 49 35 347 341 0 44 72 82 84 85 89 89 85 71 74 73 69 73 259 250 235 238 233 150 125 119 125 143 124 114 104
-9999 -9999 -9999 -9999 -9999 -9999 -9999 -9999 -9999 -9999 -9999 -9999 -9999 -9999 -9999 -9999 -9999 -9999 -9999 -9999 -9999 -9999 -9999 -9999 -9999 -9999 -9999 -9999 -9999 -9999 -9999 -9999 -9999 -9999 -9999 -9999 -9999 -9999 -9999 -9999 -9999 -9999 -9999 -1 270 271 283 329 340 341 10 47 49 40 29 28 44 27 342 341 28 66 72 82 90 100 106 106 98 78 78 75 62 69 262 258 242 234 217 154 128 120 123 145 119 107 101
-9999 -9999 -9999 -9999 -9999 -9999 -9999 -9999 -9999 -9999 -9999 -9999 -9999 -9999 -9999 -9999 -9999 -9999 -9999 -9999 -9999 -9999 -9999 -9999 -9999 -9999 -9999 -9999 -9999 -9999 -9999 -9999 -9999 -9999 -9999 -9999 -9999 -9999 -9999 -9999 -9999 -9999 -9999 -9999 108 271 255 271 317 353 36 44 30 24 17 27 47 29 333 352 76 85 80 88 98 109 109 111 110 97 98 94 83 79 269 259 235 234 223 145 118 115 114 116 108 107 109
-9999 -9999 -9999 -9999 -9999 -9999 -9999 -9999 -9999 -9999 -9999 -9999 -9999 -9999 -9999 -9999 -9999 -9999 -9999 -9999 -9999 -9999 -9999 -9999 -9999 -9999 -9999 -9999 -9999 -9999 -9999 -9999 -9999 -9999 -9999 -9999 -9999 -9999 -9999 -9999 -9999 -9999 -9999 -9999 -1 260 242 269 294 45 66 11 359 1 4 15 36 25 338 30 83 93 95 96 99 104 94 91 96 101 104 111 119 106 232 240 213 223 215 151 114 111 118 102 97 100 111
-9999 -9999 -9999 -9999 -9999 -9999 -9999 -9999 -9999 -9999 -9999 -9999 -9999 -9999 -9999 -9999 -9999 -9999 -9999 -9999 -9999 -9999 -9999 -9999 -9999 -9999 -9999 -9999 -9999 -9999 -9999 -9999 -9999 -9999 -9999 -9999 -9999 -9999 -9999 -9999 -9999 -9999 -9999 -9999 -9999 108 285 270 255 116 70 322 310 331 354 25 50 15 342 57 89 105 118 111 101 89 86 87 88 91 94 104 122 112 190 228 206 220 215 156 114 105 110 98 92 96 118
-9999 -9999 -9999 -9999 -9999 -9999 -9999 -9999 -9999 -9999 -9999 -9999 -9999 -9999 -9999 -9999 -9999 -9999 -9999 -9999 -9999 -9999 -9999 -9999 -9999 -9999 -9999 -9999 -9999 -9999 -9999 -9999 -9999 -9999 -9999 -9999 -9999 -9999 -9999 -9999 -9999 -9999 -9999 -9999 -9999 -1 236 228 229 208 83 267 277 290 333 73 87 312 328 85 97 108 112 112 104 92 90 90 95 110 117 118 123 105 152 236 229 245 226 148 115 107 104 92 92 95 124
-9999 -9999 -9999 -9999 -9999 -9999 -9999 -9999 -9999 -9999 -9999 -9999 -9999 -9999 -9999 -9999 -9999 -9999 -9999 -9999 -9999 -9999 -9999 -9999 -9999 -9999 -9999 -9999 -9999 -9999 -9999 -9999 -9999 -9999 -9999 -9999 -9999 -9999 -9999 -9999 -9999 -9999 -9999 -9999 -9999 -9999 108 222 220 204 191 222 261 260 242 93 89 268 202 102 102 105 97 96 100 100 95 94 104 116 128 143 142 114 142 212 231 242 201 150 113 97 78 97 104 103 114
-9999 -9999 -9999 -9999 -9999 -9999 -9999 -9999 -9999 -9999 -9999 -9999 -9999 -9999 -9999 -9999 -9999 -9999 -9999 -9999 -9999 -9999 -9999 -9999 -9999 -9999 -9999 -9999 -9999 -9999 -9999 -9999 -9999 -9999 -9999 -9999 -9999 -9999 -9999 -9999 -9999 -9999 -9999 -9999 -9999 -9999 -1 187 210 203 205 226 253 245 201 123 119 208 155 125 114 107 95 92 91 91 93 96 107 109 116 145 143 114 125 201 230 219 182 161 144 138 126 108 109 105 100
-9999 -9999 -9999 -9999 -9999 -9999 -9999 -9999 -9999 -9999 -9999 -9999 -9999 -9999 -9999 -9999 -9999 -9999 -9999 -9999 -9999 -9999 -9999 -9999 -9999 -9999 -9999 -9999 -9999 -9999 -9999 -9999 -9999 -9999 -9999 -9999 -9999 -9999 -9999 -9999 -9999 -9999 -9999 -9999 -9999 -9999 -9999 108 213 208 211 232 243 222 179 132 142 166 137 131 127 114 102 101 104 107 108 105 105 104 109 131 131 115 112 199 238 216 180 161 167 192 149 120 120 119 129
-9999 -9999 -9999 -9999 -9999 -9999 -9999 -9999 -9999 -9999 -9999 -9999 -9999 -9999 -9999 -9999 -9999 -9999 -9999 -9999 -9999 -9999 -9999 -9999 -9999 -9999 -9999 -9999 -9999 -9999 -9999 -9999 -9999 -9999 -9999 -9999 -9999 -9999 -9999 -9999 -9999 -9999 -9999 -9999 -9999 -9999 -9999 -1 166 190 194 223 220 191 173 142 146 141 112 112 125 118 107 107 114 112 113 111 101 98 106 137 130 123 116 172 230 211 168 158 183 201 158 136 137 128 112
-9999 -9999 -9999 -9999 -9999 -9999 -9999 -9999 -9999 -9999 -9999 -9999 -9999 -9999 -9999 -9999 -9999 -9999 -9999 -9999 -9999 -9999 -9999 -9999 -9999 -9999 -9999 -9999 -9999 -9999 -9999 -9999 -9999 -9999 -9999 -9999 -9999 -9999 -9999 -9999 -9999 -9999 -9999 -9999 -9999 -9999 -9999 -9999 108 185 185 207 197 182 178 166 161 138 103 101 115 115 102 96 97 96 97 99 93 91 98 125 117 117 122 148 206 194 166 161 190 190 164 158 192 23 28
-9999 -9999 -9999 -9999 -9999 -9999 -9999 -9999 -9999 -9999 -9999 -9999 -9999 -9999 -9999 -9999 -9999 -9999 -9999 -9999 -9999 -9999 -9999 -9999 -9999 -9999 -9999 -9999 -9999 -9999 -9999 -9999 -9999 -9999 -9999 -9999 -9999 -9999 -9999 -9999 -9999 -9999 -9999 -9999 -9999 -9999 -9999 -9999 -1 105 171 182 178 178 185 187 173 144 96 90 95 106 105 97 88 87 87 83 87 96 101 114 107 106 117 133 189 187 169 165 190 184 168 204 225 191 320
-9999 -9999 -9999 -9999 -9999 -9999 -9999 -9999 -9999 -9999 -9999 -9999 -9999 -9999 -9999 -9999 -9999 -9999 -9999 -9999 -9999 -9999 -9999 -9999 -9999 -9999 -9999 -9999 -9999 -9999 -9999 -9999 -9999 -9999 -9999 -9999 -9999 -9999 -9999 -9999 -9999 -9999 -9999 -9999 -9999 -9999 -9999 -9999 -9999 -1 105 151 156 171 209 223 174 143 95 84 80 90 99 100 96 95 98 115 124 130 135 127 109 105 109 113 -1 -1 -1 -1 -1 -1 -1 225 201 201 272
-9999 -9999 -9999 -9999 -9999 -9999 -9999 -9999 -9999 -9999 -9999 -9999 -9999 -9999 -9999 -9999 -9999 -9999 -9999 -9999 -9999 -9999 -9999 -9999 -9999 -9999 -9999 -9999 -9999 -9999 -9999 -9999 -9999 -9999 -9999 -9999 -9999 -9999 -9999 -9999 -9999 -9999 -9999 -9999 -9999 -9999 -9999 -9999 -9999 -9999 -1 143 171 172 205 222 174 151 106 84 73 79 85 91 100 104 112 134 138 149 173 164 136 125 124 121 -1 -1 -1 -1 -1 -1 -1 -1 -1 244 266
-9999 -9999 -9999 -9999 -9999 -9999 -9999 -9999 -9999 -9999 -9999 -9999 -9999 -9999 -9999 -9999 -9999 -9999 -9999 -9999 -9999 -9999 -9999 -9999 -9999 -9999 -9999 -9999 -9999 -9999 -9999 -9999 -9999 -9999 -9999 -9999 -9999 -9999 -9999 -9999 -9999 -9999 -9999 -9999 -9999 -9999 -9999 -9999 -9999 -9999 -9999 108 177 173 200 206 178 167 146 114 84 80 81 84 97 107 111 118 123 145 186 177 150 136 142 -1 -1 -1 -1 -1 -1 -1 -1 -1 -1 225 248
-9999 -9999 -9999 -9999 -9999 -9999 -9999 -9999 -9999 -9999 -9999 -9999 -9999 -9999 -9999 -9999 -9999 -9999 -9999 -9999 -9999 -9999 -9999 -9999 -9999 -9999 -9999 -9999 -9999 -9999 -9999 -9999 -9999 -9999 -9999 -9999 -9999 -9999 -9999 -9999 -9999 -9999 -9999 -9999 -9999 -9999 -9999 -9999 -9999 -9999 -9999 -1 103 165 194 197 180 167 159 154 108 79 74 71 85 95 98 98 105 123 188 180 152 126 -1 -1 -1 -1 -1 -1 -1 -1 -1 -1 -1 -1 236
-9999 -9999 -9999 -9999 -9999 -9999 -9999 -9999 -9999 -9999 -9999 -9999 -9999 -9999 -9999 -9999 -9999 -9999 -9999 -9999 -9999 -9999 -9999 -9999 -9999 -9999 -9999 -9999 -9999 -9999 -9999 -9999 -9999 -9999 -9999 -9999 -9999 -9999 -9999 -9999 -9999 -9999 -9999 -9999 -9999 -9999 -9999 -9999 -9999 -9999 -9999 -9999 -1 143 190 196 179 157 150 172 125 80 74 72 81 84 83 89 95 102 191 183 156 -1 -1 -1 -1 -1 -1 -1 -1 -1 -1 -1 -1 -1 225
-9999 -9999 -9999 -9999 -9999 -9999 -9999 -9999 -9999 -9999 -9999 -9999 -9999 -9999 -9999 -9999 -9999 -9999 -9999 -9999 -9999 -9999 -9999 -9999 -9999 -9999 -9999 -9999 -9999 -9999 -9999 -9999 -9999 -9999 -9999 -9999 -9999 -9999 -9999 -9999 -9999 -9999 -9999 -9999 -9999 -9999 -9999 -9999 -9999 -9999 -9999 -9999 -9999 108 188 190 180 170 164 203 163 88 82 82 84 85 84 88 89 89 -1 -1 -1 -1 -1 -1 -1 -1 -1 -1 -1 -1 -1 -1 -1 -1 -1
-9999 -9999 -9999 -9999 -9999 -9999 -9999 -9999 -9999 -9999 -9999 -9999 -9999 -9999 -9999 -9999 -9999 -9999 -9999 -9999 -9999 -9999 -9999 -9999 -9999 -9999 -9999 -9999 -9999 -9999 -9999 -9999 -9999 -9999 -9999 -9999 -9999 -9999 -9999 -9999 -9999 -9999 -9999 -9999 -9999 -9999 -9999 -9999 -9999 -9999 -9999 -9999 -9999 -1 148 184 183 185 189 196 187 100 84 80 80 82 83 90 96 105 -1 -1 -1 -1 -1 -1 -1 -1 -1 -1 -1 -1 -1 -1 -1 -1 -1
