data/Arrowhead/aspect.asc
ncols        461
nrows        576
xllcorner    -1620000.000000000000
yllcorner    438000.000000000000
cellsize     100.000000000000
NODATA_value -9999
[rows 468 to 506 of 576, columns 348 to 434 of 461]
233 257 269 275 241 136 142 143 132 113 92 88 87 77 66 65 55 39 47 58 49 23 330 298 292 290 285 279 276 273 271 270 270 274 353 74 82 94 118 118 107 96 74 355 304 298 300 292 303 348 358 352 339 306 189 179 177 130 124 203 218 227 213 148 122 107 90 45 38 23 353 351 357 4 9 1 5 346 310 171 149 154 126 118 122 119 124
284 278 277 280 103 112 131 134 122 101 76 69 57 37 30 33 28 25 49 59 45 31 337 299 294 288 288 283 275 270 267 262 268 277 345 76 68 59 56 82 105 109 94 297 292 288 280 273 276 306 350 4 0 29 114 161 191 173 153 167 198 223 215 166 133 124 134 158 182 352 348 314 339 53 97 145 176 185 178 162 155 161 149 138 143 129 122
306 299 289 282 80 85 71 68 83 91 71 57 39 26 27 35 29 20 44 50 39 31 349 309 293 279 278 283 281 278 276 272 273 279 15 74 59 49 46 59 67 51 15 315 298 288 287 284 278 272 242 140 152 135 110 110 179 188 182 164 175 210 203 174 152 143 149 161 207 223 162 189 188 156 136 140 176 182 156 161 165 153 152 151 156 144 137
293 298 300 297 44 58 34 43 50 37 34 38 35 40 53 58 32 13 50 61 51 42 354 308 298 284 281 284 283 276 270 265 267 269 15 66 57 60 60 61 54 19 354 329 303 288 287 291 294 290 154 147 157 147 118 75 79 153 178 174 169 181 188 174 155 152 156 165 208 205 171 182 186 167 155 137 167 194 134 140 174 146 131 148 160 138 137
281 282 289 294 18 43 29 34 30 24 24 14 22 40 55 48 11 16 69 76 62 62 24 286 290 285 288 298 299 295 288 284 277 279 332 36 50 59 60 58 47 17 359 345 307 293 281 280 285 289 112 127 149 151 161 147 126 136 166 184 169 160 175 170 138 139 151 172 203 195 178 183 189 175 159 143 163 192 165 144 167 167 143 142 162 135 127
286 285 287 279 328 41 33 36 40 47 30 2 13 33 49 51 45 103 93 78 60 65 37 288 282 276 279 290 293 300 306 300 288 287 316 58 81 83 73 56 36 17 18 7 322 313 285 272 257 177 127 130 153 160 170 162 141 133 160 186 174 162 165 170 149 142 151 175 195 194 183 181 192 189 144 128 147 179 182 163 153 161 158 152 161 150 143
300 282 244 216 210 199 35 57 78 82 18 343 21 62 80 91 120 128 106 81 65 65 39 296 287 278 276 276 275 282 295 296 287 288 315 90 97 98 87 55 28 13 11 356 340 341 315 275 206 173 153 141 157 172 182 161 134 135 160 185 176 166 153 158 154 152 158 170 189 190 181 182 196 200 144 101 97 129 186 174 147 142 151 159 158 147 147
279 222 183 189 201 203 194 116 65 31 358 355 86 110 109 102 92 86 88 82 73 66 43 303 291 288 282 279 276 280 295 304 302 301 356 72 77 70 60 29 11 356 344 342 345 352 344 205 164 167 164 154 162 176 182 181 147 135 174 197 160 159 148 137 144 155 152 160 186 191 179 187 201 198 171 139 125 128 171 177 146 135 137 153 153 136 134
193 180 172 188 206 211 210 208 12 9 12 58 97 97 82 69 57 71 77 75 74 70 52 309 286 287 289 291 286 283 287 290 296 303 29 74 65 40 21 14 3 339 329 329 351 80 133 147 148 150 158 159 162 168 172 185 166 148 184 192 167 168 165 138 141 159 150 146 182 199 174 185 202 197 173 154 146 137 162 178 158 145 149 161 161 147 134
182 176 180 196 220 236 239 243 249 302 55 81 81 68 62 58 56 69 68 55 53 52 40 338 282 277 280 283 281 280 279 274 272 243 154 92 51 17 8 12 3 343 335 167 166 153 141 145 147 139 141 152 154 155 158 176 166 156 180 186 172 175 175 153 151 166 167 160 184 201 172 181 203 195 164 152 148 132 146 170 163 149 150 160 163 160 143
177 178 190 204 224 222 219 229 229 228 120 81 60 56 65 68 67 68 62 46 53 61 48 350 288 274 267 273 283 285 284 277 265 179 168 167 111 23 9 16 12 25 123 143 167 160 148 153 155 151 150 159 162 161 159 160 150 149 171 180 171 173 171 158 155 164 169 165 187 195 176 182 191 181 169 163 154 134 133 154 154 138 133 137 140 155 350
171 172 196 219 225 212 222 229 218 211 191 68 32 50 66 70 68 66 59 46 66 73 50 352 290 277 271 274 280 282 278 274 258 144 162 181 189 186 183 178 161 147 131 128 155 154 146 153 154 150 150 158 166 169 166 166 156 156 173 172 166 169 163 152 152 159 160 163 181 184 177 182 184 170 171 174 163 149 144 155 152 139 136 128 356 340 342
167 171 219 238 234 233 247 235 205 210 227 260 17 61 65 50 39 42 42 32 53 55 24 1 306 284 279 274 272 271 273 270 247 113 126 161 190 189 182 180 168 154 149 141 145 146 140 146 145 141 140 147 155 161 164 164 157 157 176 172 159 168 161 143 138 135 142 163 169 165 173 179 174 151 157 169 163 156 153 163 155 84 6 353 341 341 347
171 186 216 228 239 251 246 215 197 231 253 249 216 80 62 35 33 45 42 31 47 41 11 6 342 309 296 281 279 282 281 268 202 132 109 110 171 178 174 176 168 151 156 159 150 149 151 157 153 154 153 147 145 142 146 142 136 123 130 125 80 33 25 26 13 24 41 46 83 128 153 171 168 142 139 149 147 140 66 10 343 338 345 345 336 339 346
175 193 217 235 241 232 206 195 200 233 242 232 218 100 54 31 48 57 38 32 47 44 13 12 353 323 309 288 288 299 289 233 171 166 145 123 135 138 149 165 163 141 144 156 153 144 146 156 150 159 170 151 136 91 38 43 33 359 359 3 6 1 3 6 1 9 28 33 37 71 114 158 169 141 126 87 3 357 359 353 339 333 338 338 325 329 341
170 204 242 254 238 213 195 201 215 236 236 217 204 199 105 26 38 36 27 33 56 64 45 26 337 319 304 284 285 296 298 141 153 170 164 147 145 132 139 161 164 140 135 143 144 137 135 140 128 137 195 37 355 355 359 12 8 353 354 357 0 5 9 3 359 7 36 51 53 74 90 121 157 144 5 346 337 350 0 350 344 341 344 346 343 341 341
172 223 257 260 226 205 214 239 249 251 238 212 209 217 216 214 26 39 45 51 66 61 36 20 323 304 288 275 276 284 356 96 114 137 156 153 141 115 117 146 158 145 145 152 145 144 145 140 120 358 341 342 341 347 354 0 358 352 348 350 357 10 11 0 3 15 49 70 77 83 86 87 52 330 330 334 321 337 356 347 344 340 335 339 352 356 350
191 241 249 228 190 204 236 255 257 249 234 218 230 231 216 212 224 73 64 66 69 52 34 25 358 303 288 283 278 275 83 95 111 124 139 147 139 113 111 127 138 135 141 152 140 136 128 33 344 338 344 342 347 358 359 342 340 347 338 339 352 8 12 10 24 64 93 98 102 99 93 47 344 336 342 340 319 326 348 340 339 338 311 305 335 356 355
221 246 231 203 191 228 249 239 218 218 222 211 216 218 214 221 241 263 60 61 55 37 31 30 30 352 291 286 276 248 152 129 141 145 155 160 160 132 123 130 127 123 126 134 118 19 345 349 333 331 339 335 354 12 3 338 336 348 349 343 349 17 63 109 130 120 117 117 115 107 90 344 323 327 346 345 328 333 349 346 347 0 338 296 310 347 358
241 246 216 200 229 260 256 217 209 229 229 203 214 230 232 237 250 248 58 49 42 35 38 48 56 3 288 278 261 209 154 146 153 147 150 151 156 142 136 144 135 129 124 115 2 325 334 334 328 329 327 321 348 16 7 334 326 343 12 38 159 145 134 139 151 130 116 115 114 103 59 319 305 308 331 336 324 328 344 343 346 11 5 306 305 338 356
225 219 209 226 257 261 246 201 236 255 229 202 238 256 253 257 258 239 214 54 54 57 65 75 62 354 295 283 252 176 140 139 148 136 130 129 136 133 136 148 134 111 56 19 336 331 339 335 338 348 333 315 341 25 13 327 309 331 97 123 152 150 141 141 150 133 118 113 107 79 345 328 308 306 320 322 309 309 326 330 334 14 11 310 298 317 344
209 216 234 248 247 237 217 206 233 229 208 222 260 268 267 263 248 223 219 221 76 70 71 66 29 352 309 297 331 113 126 144 158 140 133 131 130 126 126 135 115 15 357 352 332 329 336 331 338 355 338 316 341 22 10 344 326 118 115 120 135 130 129 131 129 114 105 95 77 6 325 329 318 315 327 328 325 328 332 334 343 4 4 306 288 288 307
214 239 248 234 225 223 223 230 234 232 237 258 268 264 241 222 211 213 226 240 89 72 64 40 5 355 325 316 9 71 95 122 143 128 133 137 131 128 130 108 337 330 340 341 326 321 324 324 335 346 327 318 343 20 21 30 119 133 122 123 137 128 121 125 119 100 81 61 42 346 316 315 312 314 323 317 321 339 340 344 355 4 358 314 296 286 291
214 237 239 216 228 249 259 245 238 252 258 265 267 245 200 202 216 225 232 238 229 59 42 23 2 0 341 332 19 70 73 53 87 110 121 130 120 112 88 342 327 329 343 342 335 336 326 323 342 336 310 310 352 57 90 116 133 132 125 122 129 127 128 134 114 93 65 37 25 348 320 312 305 303 307 296 301 328 334 347 0 12 6 313 299 295 289
216 233 231 212 231 235 220 212 232 250 250 258 255 213 185 216 240 233 236 243 244 320 22 18 8 6 357 358 28 69 73 71 102 110 109 107 97 68 340 330 318 322 342 339 335 348 338 328 346 347 320 264 165 137 118 121 131 120 116 116 116 118 126 149 99 85 36 10 8 347 330 326 327 327 320 294 295 315 319 343 11 31 23 310 295 296 286
245 249 237 222 232 227 219 229 249 248 233 234 215 189 193 230 240 226 245 256 254 249 292 1 11 14 9 16 48 77 87 103 111 115 115 96 61 9 335 331 315 310 327 329 332 347 333 328 346 359 40 145 167 159 133 133 151 141 133 132 124 122 133 207 81 46 2 347 336 332 329 325 334 345 338 297 288 299 298 325 11 33 28 321 299 295 285
289 265 248 234 239 246 250 259 261 243 218 217 203 195 218 245 247 244 256 250 234 231 249 287 356 27 38 60 84 90 94 105 106 107 106 49 0 344 338 339 334 323 318 320 333 347 308 312 11 103 117 125 150 150 137 135 149 145 146 155 148 142 167 235 329 1 356 347 314 311 319 313 326 354 350 300 283 282 276 282 347 31 23 343 320 307 171
0 290 233 223 236 241 235 244 246 227 214 217 216 226 255 266 265 258 252 242 231 241 259 270 300 32 56 75 98 102 98 96 93 86 36 353 329 328 332 337 346 336 315 309 330 350 303 276 125 128 120 126 142 129 126 128 131 129 134 155 160 157 218 268 305 334 346 351 333 312 313 312 324 355 353 313 289 292 288 266 270 13 19 350 331 12 129
27 37 255 225 236 235 225 231 224 208 210 226 248 267 270 264 246 228 239 251 253 260 265 260 250 128 86 86 94 99 94 87 83 69 1 336 317 311 311 322 349 344 320 314 329 345 306 160 138 138 123 127 148 136 133 142 135 123 121 128 135 -1 284 287 301 321 335 349 348 319 300 299 325 359 355 332 307 305 317 286 270 299 16 10 112 130 128
39 46 27 325 261 243 226 229 229 228 241 255 255 246 245 239 224 226 252 262 262 262 258 243 226 176 125 104 92 83 76 72 66 46 352 323 316 314 308 314 342 352 327 319 326 179 166 141 136 140 131 126 136 132 134 153 150 131 123 116 325 348 336 311 304 309 321 346 1 327 296 281 302 359 4 339 306 300 335 329 278 269 140 149 150 135 134
35 45 34 23 302 260 246 252 256 254 258 259 249 243 252 257 257 272 278 270 251 246 235 219 215 184 132 112 97 75 63 57 48 28 359 324 315 318 311 304 325 354 353 127 156 169 169 141 128 128 129 130 126 115 116 139 150 144 111 330 320 342 349 329 320 320 331 0 16 346 309 285 279 323 11 348 309 295 338 3 288 196 136 151 160 135 134
33 40 27 29 21 301 247 253 252 238 241 248 256 260 264 268 271 274 273 260 235 231 221 209 218 216 115 82 72 60 54 48 41 26 8 322 308 312 309 297 301 343 70 113 142 166 171 154 142 127 127 138 140 121 112 117 117 333 327 329 315 329 350 322 316 320 331 18 41 5 308 299 282 276 341 348 323 303 335 17 291 129 123 138 164 130 121
33 37 30 41 44 19 313 261 244 224 240 246 238 236 248 250 243 254 255 240 222 226 224 212 231 243 281 46 48 44 33 36 38 31 17 325 312 314 300 289 262 190 115 100 109 141 152 154 151 128 123 132 138 131 121 81 355 334 339 334 312 320 351 299 296 305 321 47 62 6 298 299 300 273 298 336 340 305 198 147 171 140 128 138 166 135 108
18 39 45 58 57 38 11 274 234 224 243 244 229 239 252 245 231 241 237 210 208 226 227 222 248 255 262 12 44 32 12 33 45 37 16 325 320 334 318 277 191 175 141 99 92 111 123 131 141 121 113 119 121 125 120 344 332 327 340 339 325 339 359 326 300 296 315 54 61 357 295 298 331 281 283 310 35 152 159 156 167 150 138 145 168 159 131
5 34 46 54 53 44 38 10 243 245 253 249 238 254 258 242 228 235 226 198 216 234 232 235 252 253 248 264 36 16 6 45 59 41 7 323 318 333 355 105 155 167 167 125 98 99 113 126 133 118 114 119 109 97 320 318 314 311 323 323 319 335 358 351 317 292 304 56 48 355 308 311 356 294 283 251 131 142 146 148 155 143 138 142 162 162 145
12 56 92 75 61 38 30 30 352 266 253 248 242 253 250 232 229 239 231 206 237 246 240 239 248 244 232 226 223 329 9 61 64 38 352 319 309 299 106 116 138 155 165 150 132 115 117 129 133 123 121 129 111 13 320 324 319 309 307 299 297 311 347 12 349 293 300 46 36 352 313 323 4 296 285 138 129 138 147 152 150 137 134 133 152 152 134
158 28 81 116 90 24 34 41 30 352 261 249 239 246 243 226 234 245 232 219 248 253 241 232 239 236 222 222 225 234 196 88 84 70 293 224 196 182 155 143 149 149 153 150 146 128 119 124 129 129 127 131 129 313 316 325 335 333 315 298 295 303 329 23 26 296 298 21 30 350 315 328 0 288 256 120 119 124 142 160 157 147 142 138 160 161 134
-9999 -9999 -1 45 21 356 66 80 69 45 289 255 243 252 255 250 253 243 214 209 227 227 213 222 237 231 218 227 231 228 214 103 98 119 149 169 174 173 162 162 168 155 156 157 151 134 123 123 119 121 124 113 299 301 310 314 335 359 331 293 288 294 312 27 40 322 301 349 20 358 340 358 351 287 174 120 114 109 121 150 155 153 145 132 153 164 148
-9999 -9999 -9999 -9999 -9999 -1 45 21 27 12 254 265 267 271 282 286 275 248 195 201 220 223 212 224 226 211 208 219 223 223 223 115 92 99 119 138 156 162 157 161 168 155 154 162 157 137 129 131 120 112 92 354 318 310 312 309 330 17 350 297 281 280 293 22 45 347 293 317 12 2 1 20 9 102 144 138 128 119 111 119 139 148 147 130 138 154 149
