data/Arrowhead/elevation.asc
ncols	461
nrows	576
xllcorner	-1620000
yllcorner	438000
cellsize	100
NODATA_value	-9999
[rows 432 to 467 of 576, columns 328 to 409 of 461]
552 550 558 561 565 572 586 595 602 608 625 631 635 662 668 676 687 697 704 695 711 725 735 738 750 761 764 769 767 767 773 793 813 829 846 854 864 869 861 858 878 962 1005 1050 1093 1205 1268 1350 1513 1559 1593 1643 1717 1757 1776 1788 1808 1810 1811 1788 1755 1707 1653 1513 1449 1393 1303 1274 1269 1294 1404 1485 1562 1673 1704 1748 1796 1891 1946 2000 1997 1956
575 577 585 574 580 585 595 601 607 620 635 644 645 666 675 682 701 709 717 725 734 745 755 763 760 759 759 762 765 779 800 827 843 861 872 879 892 895 891 878 872 946 984 1021 1060 1174 1232 1341 1463 1509 1570 1640 1752 1783 1803 1840 1846 1847 1852 1831 1792 1744 1623 1563 1508 1444 1350 1308 1290 1307 1396 1468 1555 1697 1740 1768 1805 1902 1958 2015 1991 1966
587 591 601 607 612 616 619 620 620 625 638 647 654 673 681 688 704 714 726 734 743 745 747 753 756 760 765 786 805 835 865 853 872 897 913 919 932 932 922 917 896 930 970 1005 1058 1164 1211 1273 1410 1483 1543 1597 1717 1769 1822 1866 1873 1881 1888 1861 1816 1754 1645 1592 1539 1480 1364 1326 1301 1352 1409 1482 1590 1725 1783 1836 1871 1909 1964 2022 2012 2002
599 605 615 620 624 626 625 622 619 619 627 643 654 670 680 689 711 720 730 738 742 744 746 758 762 772 783 809 832 858 903 941 974 993 1024 1030 1030 1013 960 966 948 916 968 1011 1107 1172 1239 1297 1425 1503 1580 1634 1726 1774 1825 1908 1921 1927 1932 1900 1831 1770 1687 1639 1576 1513 1380 1345 1318 1362 1422 1508 1605 1730 1786 1844 1943 1987 2028 2074 2129 2117
613 617 626 627 628 629 624 618 615 635 637 638 672 682 696 708 718 726 733 737 758 770 751 774 787 793 820 855 871 891 949 993 1028 1052 1080 1088 1083 1058 1064 1040 1012 939 968 1008 1097 1159 1217 1266 1408 1485 1570 1721 1764 1800 1842 1930 1945 1951 1931 1910 1868 1818 1690 1627 1570 1517 1424 1368 1341 1377 1430 1513 1608 1742 1804 1849 1942 1998 2051 2100 2184 2177
627 630 632 631 631 618 618 614 619 644 654 659 668 681 694 711 726 731 738 758 773 791 801 826 849 873 918 952 932 956 1011 1044 1074 1100 1122 1133 1122 1092 1090 1065 1039 956 969 1007 1083 1136 1196 1263 1415 1500 1582 1742 1781 1815 1857 1941 1965 1969 1927 1895 1841 1783 1672 1624 1580 1487 1446 1410 1385 1427 1476 1541 1688 1750 1815 1866 1952 2004 2053 2106 2202 2196
630 631 631 631 627 614 613 620 633 659 669 685 690 697 702 709 725 737 755 779 794 814 830 865 892 914 948 988 1033 1075 1186 1214 1217 1212 1204 1159 1149 1127 1123 1100 1023 977 980 1020 1097 1141 1194 1256 1392 1463 1542 1683 1683 1758 1831 1943 1971 1970 1907 1864 1812 1761 1677 1649 1619 1516 1477 1441 1412 1448 1494 1550 1684 1751 1822 1886 2001 2051 2096 2177 2202 2183
629 629 627 624 618 613 615 625 655 667 679 696 718 725 726 735 759 770 783 805 828 849 869 900 936 967 995 1033 1088 1131 1233 1264 1259 1275 1268 1252 1226 1187 1174 1144 1066 999 986 1030 1095 1135 1193 1301 1368 1426 1497 1602 1677 1766 1885 1941 1978 1953 1858 1835 1814 1808 1774 1698 1672 1553 1512 1474 1445 1469 1512 1561 1684 1744 1824 1886 2016 2065 2115 2198 2175 2142
623 615 611 612 611 617 624 632 662 675 688 701 724 733 739 767 787 806 826 878 911 942 979 975 1024 1012 1055 1083 1143 1188 1279 1310 1311 1320 1312 1298 1266 1208 1185 1155 1090 1043 1013 1035 1103 1147 1200 1288 1339 1396 1457 1607 1696 1785 1849 1915 1966 1964 1891 1865 1850 1849 1835 1815 1746 1634 1586 1541 1477 1497 1523 1569 1706 1768 1834 1899 2031 2078 2132 2179 2144 2108
614 608 615 619 624 634 642 657 676 678 693 707 730 744 757 789 812 841 868 906 963 1000 1041 1023 1051 1105 1168 1189 1213 1362 1386 1355 1360 1359 1349 1333 1268 1233 1194 1160 1113 1072 1030 1053 1107 1156 1205 1324 1376 1433 1491 1626 1697 1705 1827 1905 1964 1988 1924 1892 1890 1902 1893 1853 1791 1675 1621 1571 1494 1507 1540 1589 1707 1768 1828 1969 2047 2096 2145 2138 2105 2071
606 614 622 628 637 642 651 665 691 703 713 716 738 757 781 812 835 873 909 953 1011 1055 1099 1079 1083 1131 1217 1236 1273 1412 1426 1438 1440 1429 1409 1386 1319 1281 1209 1175 1130 1091 1044 1094 1124 1165 1212 1320 1359 1408 1545 1586 1604 1644 1798 1855 1925 1998 1995 1985 1944 1962 1947 1892 1837 1715 1651 1597 1512 1514 1547 1596 1704 1765 1824 1947 2019 2092 2162 2124 2074 2034
606 622 628 632 645 651 662 675 701 716 733 751 764 782 797 852 892 945 1063 1097 1093 1120 1160 1142 1114 1156 1260 1302 1351 1452 1462 1465 1468 1458 1437 1412 1340 1304 1263 1214 1157 1115 1067 1103 1130 1160 1196 1277 1333 1393 1491 1523 1576 1652 1802 1877 1941 2056 2044 2041 2067 2033 1984 1926 1798 1750 1689 1618 1527 1524 1555 1601 1711 1774 1843 1973 2030 2099 2172 2146 2115 2071
615 632 639 640 652 662 672 683 703 724 748 771 782 807 833 896 925 988 1134 1157 1155 1161 1245 1237 1219 1237 1311 1371 1392 1481 1488 1496 1500 1479 1458 1437 1365 1332 1292 1243 1165 1125 1079 1101 1150 1206 1259 1338 1360 1393 1471 1513 1576 1642 1778 1861 1949 2070 2102 2082 2055 1993 1943 1881 1765 1731 1690 1649 1561 1550 1569 1655 1712 1770 1842 1963 2030 2098 2200 2171 2151 2115
619 629 638 634 667 679 689 699 733 755 775 822 816 856 890 954 981 1056 1204 1217 1208 1209 1287 1288 1269 1265 1325 1398 1472 1546 1551 1552 1532 1523 1506 1462 1395 1356 1305 1229 1172 1130 1083 1115 1165 1219 1331 1389 1427 1455 1532 1562 1583 1613 1754 1824 1916 2090 2094 2046 2005 1956 1898 1832 1749 1724 1701 1668 1571 1558 1574 1656 1709 1770 1836 1953 2009 2080 2214 2212 2198 2169
628 635 639 642 671 686 700 720 738 762 794 845 898 957 1089 1135 1159 1167 1257 1277 1265 1254 1333 1339 1317 1330 1365 1422 1516 1575 1577 1577 1545 1535 1517 1487 1412 1369 1322 1243 1190 1138 1093 1131 1184 1244 1372 1429 1484 1515 1585 1617 1657 1697 1770 1844 1951 2085 2033 1982 1965 1910 1879 1825 1761 1739 1711 1669 1581 1566 1586 1659 1704 1759 1822 1947 2010 2081 2214 2248 2198 2137
649 659 670 668 681 682 700 731 739 769 810 894 923 993 1160 1218 1247 1256 1290 1353 1373 1404 1440 1446 1415 1373 1421 1470 1547 1603 1603 1596 1560 1546 1519 1490 1414 1373 1332 1252 1196 1150 1106 1162 1222 1276 1401 1466 1534 1588 1658 1699 1743 1720 1777 1861 1959 2088 2030 1990 1961 1934 1910 1885 1853 1810 1749 1644 1607 1584 1589 1659 1707 1766 1832 1966 2025 2082 2205 2231 2169 2116
654 664 675 687 709 725 736 742 756 771 816 945 992 1007 1157 1218 1268 1307 1323 1387 1436 1468 1489 1501 1460 1436 1493 1559 1656 1660 1652 1615 1579 1557 1526 1459 1422 1385 1343 1259 1205 1156 1114 1170 1237 1305 1421 1489 1565 1647 1790 1844 1844 1779 1791 1862 1956 2102 2044 2013 1985 1964 1949 1964 1899 1839 1770 1657 1619 1595 1600 1670 1716 1768 1892 1953 2001 2063 2201 2236 2185 2104
657 666 677 707 721 737 753 759 766 785 830 959 1072 1137 1172 1178 1243 1304 1367 1417 1482 1531 1551 1549 1506 1480 1530 1589 1673 1680 1669 1649 1605 1572 1533 1472 1435 1390 1350 1256 1197 1152 1147 1186 1253 1330 1460 1530 1593 1718 1784 1851 1884 1833 1857 1906 1983 2160 2126 2096 2029 2003 2001 2031 1931 1859 1785 1669 1632 1607 1609 1668 1713 1774 1896 1965 2031 2093 2220 2278 2303 2207
665 668 679 710 727 746 763 794 798 801 890 949 1027 1121 1236 1265 1284 1353 1418 1472 1564 1682 1609 1583 1537 1522 1573 1626 1699 1699 1685 1668 1611 1567 1523 1453 1414 1371 1329 1231 1191 1151 1187 1235 1275 1353 1492 1563 1631 1753 1799 1855 1911 1866 1879 1935 2090 2173 2194 2153 2161 2133 2141 2022 1965 1908 1835 1680 1646 1619 1621 1678 1723 1782 1913 1979 2028 2083 2203 2263 2328 2271
685 693 700 720 731 762 765 809 827 824 919 985 1062 1140 1290 1326 1351 1386 1430 1505 1574 1736 1693 1622 1580 1621 1666 1699 1720 1712 1697 1647 1603 1548 1500 1419 1386 1354 1321 1243 1194 1155 1191 1248 1311 1368 1486 1571 1648 1772 1833 1883 1928 1903 1897 1932 2080 2160 2232 2220 2220 2197 2194 2063 2007 1932 1849 1715 1668 1639 1667 1697 1739 1782 1898 1950 2003 2111 2167 2233 2304 2339
727 736 739 768 788 809 828 850 853 871 984 1052 1077 1189 1286 1326 1374 1442 1483 1525 1619 1787 1729 1653 1634 1682 1725 1740 1760 1745 1705 1613 1563 1507 1458 1396 1369 1349 1309 1254 1200 1162 1195 1251 1321 1438 1505 1574 1643 1777 1837 1898 1956 1996 1965 1962 2015 2122 2202 2256 2263 2234 2199 2084 2007 1926 1857 1727 1680 1650 1681 1714 1757 1803 1918 1981 2049 2158 2200 2243 2303 2357
747 765 780 823 857 873 896 910 919 893 967 1033 1083 1145 1173 1229 1277 1386 1463 1546 1622 1809 1765 1694 1701 1745 1774 1775 1774 1736 1689 1594 1542 1490 1454 1420 1416 1427 1336 1274 1222 1173 1206 1261 1317 1445 1521 1589 1664 1804 1865 1919 2046 2069 2022 2005 2059 2130 2200 2198 2163 2137 2106 2076 2013 1935 1862 1731 1683 1661 1693 1728 1767 1816 1913 1966 2027 2135 2172 2215 2266 2340
829 835 873 890 929 955 980 983 974 957 945 990 1027 1082 1125 1187 1255 1378 1442 1519 1671 1763 1822 1840 1834 1797 1813 1801 1772 1726 1680 1579 1522 1491 1471 1465 1469 1466 1353 1290 1231 1203 1217 1263 1321 1444 1512 1601 1676 1819 1879 1934 2050 2104 2085 2072 2118 2187 2219 2154 2112 2078 2053 1994 1951 1901 1772 1716 1681 1676 1712 1751 1777 1855 1897 1949 1999 2101 2143 2192 2241 2329
880 885 912 1052 1101 1147 1173 1138 1087 1025 992 1023 1062 1114 1132 1179 1225 1351 1425 1496 1620 1695 1754 1857 1891 1890 1883 1807 1747 1685 1646 1575 1550 1525 1514 1517 1523 1492 1374 1316 1264 1194 1222 1265 1318 1447 1525 1615 1699 1806 1830 1877 2004 2056 2127 2155 2189 2242 2219 2122 2076 2039 2014 1952 1914 1863 1755 1711 1681 1678 1733 1772 1812 1868 1892 1933 1987 2071 2115 2168 2271 2316
942 949 997 1074 1140 1208 1233 1201 1159 1162 1109 1119 1172 1252 1241 1231 1283 1345 1405 1466 1582 1683 1767 1880 1935 1916 1879 1782 1723 1677 1645 1617 1610 1606 1624 1618 1586 1528 1385 1330 1282 1208 1234 1266 1318 1452 1525 1614 1724 1751 1791 1857 1963 2014 2085 2204 2263 2246 2200 2104 2061 2030 2002 1934 1888 1834 1740 1703 1683 1689 1751 1794 1834 1891 1909 1938 1962 2026 2071 2122 2216 2278
1010 1019 1010 1069 1139 1208 1290 1253 1241 1223 1176 1150 1192 1295 1297 1289 1351 1425 1476 1528 1629 1685 1765 1917 1947 1906 1854 1751 1711 1682 1662 1639 1635 1657 1673 1652 1596 1533 1422 1361 1305 1225 1249 1286 1325 1449 1518 1580 1669 1719 1772 1831 1934 1988 2055 2183 2232 2201 2164 2088 2054 2006 1922 1874 1829 1791 1731 1705 1692 1737 1778 1821 1860 1914 1933 1938 1953 2017 2049 2093 2184 2251
1122 1127 1133 1124 1144 1201 1321 1312 1313 1271 1225 1225 1220 1342 1370 1351 1385 1412 1458 1518 1618 1680 1754 1877 1913 1867 1808 1725 1708 1698 1677 1660 1674 1704 1710 1675 1611 1494 1429 1367 1314 1234 1249 1283 1332 1439 1488 1556 1686 1746 1803 1850 1961 2006 2062 2191 2197 2154 2108 2036 2002 1966 1892 1845 1805 1776 1735 1718 1716 1769 1814 1874 1927 1940 1952 1945 1998 2017 2030 2067 2153 2218
1179 1173 1192 1179 1191 1263 1334 1402 1416 1340 1350 1351 1269 1369 1420 1408 1445 1459 1500 1532 1640 1701 1766 1888 1902 1852 1793 1732 1727 1730 1717 1728 1772 1803 1747 1688 1632 1509 1443 1378 1329 1247 1259 1283 1391 1453 1512 1592 1725 1775 1828 1950 2003 2047 2089 2123 2076 2097 2051 1987 1958 1929 1862 1826 1789 1764 1734 1725 1733 1794 1834 1905 1952 1998 1979 1994 2024 2021 2019 2071 2136 2182
1230 1232 1248 1227 1250 1294 1341 1409 1442 1392 1406 1411 1400 1454 1537 1536 1577 1571 1563 1619 1675 1742 1798 1900 1894 1838 1787 1751 1750 1742 1740 1773 1824 1846 1748 1685 1625 1522 1460 1405 1356 1260 1276 1295 1388 1453 1520 1604 1750 1773 1829 1911 1966 2024 2070 2091 2041 2005 1943 1926 1897 1871 1835 1820 1786 1747 1741 1742 1760 1822 1862 1944 1984 2030 1999 2006 2033 2037 2036 2073 2140 2153
1342 1347 1354 1290 1311 1352 1362 1410 1470 1450 1463 1465 1483 1483 1545 1584 1624 1629 1623 1730 1820 1879 1894 1951 1909 1831 1784 1780 1771 1761 1767 1811 1861 1794 1743 1686 1627 1521 1468 1420 1373 1288 1288 1315 1385 1441 1491 1579 1683 1711 1759 1857 1912 1978 2049 2098 2053 2017 1952 1931 1905 1866 1824 1801 1778 1767 1775 1801 1829 1891 1898 1977 2045 2059 2028 2024 2048 2045 2064 2131 2135 2139
1375 1413 1421 1447 1467 1472 1468 1483 1510 1505 1516 1531 1558 1548 1589 1634 1683 1691 1680 1757 1867 1939 1958 1984 1942 1899 1849 1844 1833 1824 1860 1862 1868 1781 1733 1686 1633 1533 1486 1435 1334 1292 1294 1320 1406 1460 1514 1624 1676 1730 1791 1936 1974 2021 2058 2123 2076 2042 1984 1963 1937 1882 1813 1796 1782 1785 1802 1832 1859 1916 1947 2006 2124 2141 2128 2102 2076 2083 2113 2133 2131 2138
1401 1463 1486 1515 1543 1536 1538 1546 1606 1622 1638 1654 1695 1687 1718 1699 1732 1753 1743 1783 1860 1925 1991 2020 1980 1943 1900 1888 1878 1877 1926 1945 1899 1792 1737 1695 1661 1554 1504 1446 1339 1299 1304 1328 1409 1463 1522 1636 1698 1760 1833 1962 2007 2049 2150 2178 2148 2097 2068 2057 1971 1848 1817 1800 1789 1804 1827 1857 1882 1945 1966 2016 2168 2192 2156 2123 2156 2188 2234 2185 2177 2176
1420 1489 1515 1532 1543 1557 1562 1567 1609 1616 1626 1636 1696 1728 1757 1803 1816 1833 1855 1941 1996 2049 2067 2063 2028 1992 1954 1940 1932 1955 1984 1950 1903 1802 1740 1683 1634 1544 1494 1445 1347 1317 1328 1352 1419 1474 1528 1634 1689 1748 1819 1952 2012 2068 2175 2184 2162 2135 2084 2042 1978 1864 1823 1799 1800 1836 1848 1875 1936 1957 1971 2020 2171 2220 2178 2171 2207 2248 2297 2208 2200 2212
1424 1439 1445 1452 1458 1449 1516 1527 1567 1578 1585 1589 1671 1700 1725 1760 1776 1794 1824 1926 1998 2049 2128 2161 2149 2114 2072 2061 1988 2004 1978 1926 1873 1788 1743 1685 1567 1528 1492 1445 1350 1326 1340 1395 1439 1493 1554 1671 1730 1786 1839 1968 2028 2084 2176 2149 2127 2111 2046 1999 1948 1867 1827 1803 1800 1846 1876 1911 1982 2003 2019 2047 2147 2240 2226 2241 2273 2289 2300 2255 2242 2261
1378 1379 1383 1394 1396 1394 1408 1424 1466 1475 1481 1561 1642 1661 1682 1715 1729 1760 1805 1920 1976 2003 2080 2136 2177 2159 2136 2111 2083 1995 1934 1858 1796 1698 1661 1649 1547 1514 1486 1442 1364 1339 1353 1417 1452 1495 1545 1658 1705 1752 1876 1935 2000 2079 2125 2067 2039 2067 2020 1972 1931 1864 1831 1816 1813 1859 1893 1934 2019 2039 2054 2076 2142 2232 2314 2346 2301 2263 2234 2298 2319 2356
1328 1334 1338 1335 1334 1341 1356 1374 1413 1431 1453 1523 1551 1578 1594 1664 1709 1753 1828 1904 1934 1958 2045 2104 2169 2193 2143 2098 2051 1976 1923 1853 1789 1687 1642 1607 1553 1517 1483 1456 1405 1357 1362 1431 1469 1508 1559 1667 1713 1767 1882 1947 2014 2088 2125 2077 2029 1983 1977 1944 1917 1877 1859 1835 1842 1877 1922 1960 2062 2077 2092 2115 2148 2223 2297 2324 2303 2254 2214 2218 2271 2332
