data/Arrowhead/elevation.asc
ncols	461
nrows	576
xllcorner	-1620000
yllcorner	438000
cellsize	100
NODATA_value	-9999
[rows 72 to 107 of 576, columns 328 to 409 of 461]
1576 1538 1513 1491 1501 1503 1513 1592 1639 1705 1781 1812 1851 1899 2025 2114 2173 2286 2262 2212 2218 2247 2259 2244 2195 2195 2205 2218 2201 2195 2170 2058 2019 1986 1965 1964 1939 1929 1885 1846 1792 1791 1890 1980 2071 2123 2150 2218 2239 2204 2164 2154 2159 2126 2057 2010 1961 1934 1899 1892 1833 1817 1789 1735 1694 1642 1604 1541 1520 1507 1509 1501 1496 1505 1543 1578 1621 1686 1764 1820 1837 1933
1586 1548 1527 1513 1518 1514 1518 1585 1631 1699 1767 1803 1840 1879 1991 2055 2116 2225 2263 2289 2318 2251 2242 2227 2202 2191 2195 2209 2170 2149 2135 2051 2017 1984 1959 1943 1920 1905 1891 1856 1841 1869 2018 2072 2135 2262 2269 2261 2230 2163 2128 2118 2115 2102 2045 2000 1948 1929 1897 1861 1796 1770 1747 1662 1619 1610 1573 1503 1490 1481 1477 1481 1503 1529 1578 1617 1668 1763 1800 1863 1926 2019
1642 1603 1579 1576 1559 1525 1545 1586 1632 1685 1773 1822 1848 1917 1970 2029 2081 2183 2217 2257 2307 2248 2214 2193 2207 2200 2179 2184 2144 2106 2095 2063 2024 1993 1959 1921 1902 1889 1872 1854 1869 1903 2084 2189 2268 2393 2291 2217 2169 2116 2092 2090 2073 2066 2038 1993 1932 1922 1894 1819 1783 1743 1717 1644 1596 1545 1476 1456 1447 1446 1490 1491 1522 1580 1633 1691 1744 1852 1908 1918 1979 2096
1677 1639 1634 1619 1590 1568 1589 1629 1668 1710 1778 1852 1867 1916 1968 2020 2059 2131 2184 2245 2320 2259 2214 2191 2206 2201 2156 2082 2055 2027 2005 1984 1977 1971 1953 1905 1886 1874 1853 1859 1891 1930 2111 2269 2362 2378 2275 2204 2151 2059 2031 2009 2018 2053 2035 1988 1913 1903 1887 1814 1786 1734 1682 1614 1569 1522 1449 1437 1433 1448 1516 1553 1600 1688 1742 1767 1808 1909 1970 2009 2093 2166
1703 1679 1689 1655 1623 1598 1612 1657 1708 1745 1784 1855 1907 1959 1989 2030 2062 2101 2174 2253 2340 2274 2221 2201 2201 2182 2127 2070 2044 2022 2001 1987 1972 1970 1944 1928 1906 1887 1876 1908 1912 2020 2173 2316 2357 2345 2286 2194 2079 2035 2004 1980 1993 2027 2035 2031 1917 1883 1854 1788 1746 1699 1672 1582 1542 1500 1437 1423 1430 1463 1549 1594 1648 1774 1849 1892 1921 1959 1984 2025 2160 2229
1737 1756 1724 1696 1665 1636 1650 1700 1736 1757 1783 1843 1908 2012 2037 2095 2101 2110 2152 2222 2349 2291 2254 2244 2197 2166 2121 2074 2050 2027 2014 2013 2001 1998 1987 1974 1948 1924 1933 1978 2011 2152 2222 2239 2265 2234 2272 2194 2067 2021 1986 1963 1970 1982 2000 1999 1937 1889 1850 1790 1751 1694 1605 1556 1510 1453 1409 1419 1443 1486 1593 1661 1712 1790 1849 1915 1967 2050 2067 2080 2190 2248
1792 1808 1831 1805 1776 1727 1701 1727 1723 1745 1768 1821 1874 2010 2072 2135 2115 2128 2163 2250 2353 2298 2265 2243 2214 2164 2131 2094 2074 2057 2065 2034 2035 2040 2053 2040 2017 2006 1989 2002 2017 2079 2139 2178 2226 2188 2169 2177 2074 2014 1973 1949 1929 1950 1963 1976 1964 1927 1864 1779 1747 1707 1607 1556 1505 1452 1401 1419 1462 1574 1639 1705 1764 1868 1885 1925 2038 2104 2147 2148 2247 2313
1829 1847 1862 1824 1786 1745 1706 1722 1710 1736 1757 1787 1836 1959 2013 2102 2166 2164 2197 2284 2351 2315 2285 2237 2211 2174 2142 2109 2097 2089 2130 2195 2213 2210 2225 2209 2177 2064 2015 1998 2005 2024 2074 2125 2193 2155 2129 2130 2084 2016 1976 1950 1901 1888 1879 1874 1881 1893 1899 1792 1736 1681 1587 1544 1495 1444 1399 1426 1467 1583 1646 1708 1763 1871 1925 1988 2110 2180 2266 2293 2345 2370
1841 1861 1862 1826 1788 1754 1706 1708 1704 1729 1759 1777 1821 1926 1983 2037 2154 2218 2272 2339 2384 2351 2331 2232 2208 2178 2148 2132 2132 2138 2219 2314 2319 2297 2226 2199 2164 2064 2023 1989 1967 1944 1940 2048 2148 2114 2086 2084 2072 2030 1991 1919 1896 1872 1848 1830 1838 1852 1857 1829 1781 1718 1596 1532 1476 1431 1398 1435 1472 1578 1641 1691 1745 1854 1924 1994 2126 2196 2267 2324 2351 2357
1911 1930 1845 1797 1762 1707 1705 1704 1704 1726 1765 1779 1848 1900 1962 2031 2159 2223 2288 2385 2364 2358 2338 2279 2255 2232 2214 2231 2184 2228 2323 2364 2363 2310 2231 2196 2153 2062 2021 1989 1967 1927 1900 1918 1996 2037 2004 2010 2008 1997 1987 1917 1888 1864 1830 1806 1806 1816 1820 1801 1760 1710 1583 1520 1463 1377 1393 1426 1476 1595 1654 1707 1805 1861 1937 2006 2139 2196 2256 2341 2314 2302
1892 1910 1852 1804 1768 1712 1703 1703 1703 1738 1767 1769 1834 1882 1948 2022 2158 2227 2301 2356 2325 2305 2291 2256 2240 2226 2257 2293 2313 2317 2320 2335 2339 2297 2240 2209 2163 2063 2026 1997 1969 1917 1884 1878 1939 1978 1955 1969 1954 1949 1937 1902 1867 1822 1783 1768 1780 1781 1787 1769 1727 1684 1566 1504 1447 1371 1395 1427 1469 1589 1642 1698 1799 1869 1942 2019 2166 2245 2294 2313 2284 2266
1903 1934 1878 1832 1796 1729 1707 1704 1704 1752 1767 1774 1839 1881 1932 1994 2130 2212 2312 2318 2278 2254 2236 2215 2199 2191 2226 2244 2249 2252 2256 2259 2276 2294 2279 2249 2208 2080 2035 1992 1940 1914 1878 1851 1871 1903 1911 1918 1898 1891 1896 1887 1850 1806 1750 1747 1734 1721 1721 1710 1664 1608 1546 1487 1428 1367 1397 1434 1479 1601 1664 1721 1818 1883 1972 2039 2182 2268 2315 2245 2213 2200
1980 2055 1983 1867 1834 1742 1716 1706 1730 1756 1762 1781 1852 1884 1925 1974 2116 2194 2258 2270 2235 2209 2180 2148 2148 2164 2201 2205 2204 2208 2204 2199 2200 2233 2246 2246 2201 2091 2036 1988 1923 1888 1855 1827 1769 1753 1769 1870 1851 1856 1860 1861 1834 1794 1735 1724 1714 1700 1685 1678 1634 1530 1483 1436 1385 1372 1397 1430 1521 1581 1640 1690 1804 1871 1946 2029 2207 2274 2298 2228 2200 2168
2045 2147 2066 2021 1970 1812 1780 1757 1745 1740 1751 1780 1854 1871 1904 2012 2093 2170 2229 2256 2221 2192 2145 2142 2142 2143 2168 2169 2157 2142 2139 2158 2148 2167 2183 2197 2186 2088 2037 1996 1916 1876 1844 1810 1759 1725 1718 1746 1750 1777 1786 1789 1788 1797 1717 1694 1686 1673 1654 1644 1608 1498 1451 1407 1365 1371 1398 1436 1548 1602 1654 1698 1809 1893 1977 2124 2193 2259 2270 2193 2180 2168
2086 2229 2170 2125 2054 1867 1830 1799 1782 1766 1745 1746 1811 1843 1881 2002 2072 2136 2189 2218 2195 2174 2146 2142 2142 2143 2157 2154 2144 2122 2123 2103 2083 2061 2068 2090 2118 2079 2033 1993 1910 1870 1833 1776 1753 1715 1679 1681 1703 1740 1759 1750 1747 1740 1705 1661 1625 1611 1577 1610 1562 1461 1417 1379 1342 1373 1402 1446 1567 1622 1680 1735 1824 1894 1964 2111 2191 2236 2207 2133 2109 2146
2120 2270 2236 2168 1995 1905 1883 1841 1783 1761 1744 1743 1792 1827 1870 1970 2018 2066 2103 2133 2147 2150 2158 2144 2144 2159 2146 2133 2123 2128 2113 2083 2057 2026 2021 2034 2074 2068 2024 1979 1905 1866 1832 1759 1734 1708 1664 1632 1657 1696 1720 1706 1698 1700 1684 1645 1608 1553 1531 1497 1457 1385 1350 1315 1362 1382 1420 1465 1587 1638 1689 1748 1863 1921 1991 2126 2196 2218 2181 2105 2085 2080
2189 2309 2260 2188 2049 1989 1913 1856 1776 1756 1746 1753 1780 1818 1864 1949 1996 2043 2093 2116 2143 2184 2199 2185 2176 2172 2136 2121 2117 2128 2100 2067 2033 2000 1987 1988 2013 2027 2024 1991 1902 1861 1817 1753 1719 1677 1640 1571 1585 1627 1679 1666 1652 1653 1650 1626 1595 1512 1483 1452 1415 1348 1317 1307 1369 1409 1451 1501 1618 1661 1703 1815 1876 1956 2010 2130 2196 2197 2112 2083 2067 2057
2232 2257 2268 2169 2056 2010 1954 1901 1815 1802 1809 1761 1776 1809 1849 1922 1967 2017 2087 2130 2176 2236 2228 2211 2193 2161 2140 2121 2110 2101 2076 2046 1988 1949 1955 1950 1962 1968 1975 1964 1909 1863 1819 1727 1707 1672 1628 1554 1562 1590 1616 1591 1574 1567 1556 1542 1570 1496 1447 1406 1374 1316 1291 1314 1381 1422 1471 1526 1639 1711 1766 1848 1926 2009 2107 2247 2196 2143 2089 2061 2048 2036
2269 2276 2257 2193 2063 2034 1991 1938 1864 1866 1840 1774 1790 1815 1842 1916 1967 2022 2113 2154 2223 2287 2248 2225 2202 2165 2140 2119 2105 2076 2055 2037 1975 1928 1887 1869 1895 1890 1879 1875 1876 1878 1828 1713 1663 1639 1569 1530 1532 1550 1566 1558 1540 1515 1511 1496 1481 1428 1389 1363 1332 1277 1289 1331 1410 1456 1500 1548 1668 1747 1820 1897 1944 2037 2153 2234 2172 2116 2029 2009 2000 1989
2199 2211 2207 2213 2095 2057 2023 1954 1928 1913 1857 1782 1799 1830 1891 1935 1987 2040 2112 2172 2240 2310 2282 2241 2203 2160 2139 2113 2090 2051 2040 2025 1969 1928 1882 1854 1865 1868 1855 1827 1824 1811 1789 1711 1657 1598 1521 1505 1498 1511 1511 1501 1491 1464 1465 1456 1451 1408 1348 1318 1273 1276 1319 1368 1476 1519 1561 1713 1752 1748 1835 1970 1989 2055 2252 2216 2150 2096 2003 1987 1973 1957
2165 2184 2170 2168 2141 2128 2112 2003 1955 1918 1861 1785 1815 1862 1925 1965 2007 2043 2107 2161 2227 2323 2284 2253 2227 2163 2144 2122 2066 2040 2017 2028 1971 1935 1906 1863 1840 1841 1832 1795 1782 1772 1749 1679 1631 1579 1493 1455 1413 1402 1384 1380 1377 1416 1414 1412 1415 1378 1330 1287 1257 1296 1349 1411 1527 1581 1616 1716 1786 1854 1880 2024 2102 2180 2249 2203 2140 2083 1991 1968 1948 1909
2142 2171 2154 2140 2127 2111 2094 2019 1975 1911 1856 1793 1830 1878 1961 1984 2017 2035 2088 2142 2204 2322 2286 2253 2226 2168 2142 2121 2074 2044 2013 1994 1976 1940 1907 1836 1803 1820 1808 1777 1755 1742 1678 1639 1599 1549 1456 1417 1382 1336 1332 1329 1324 1312 1317 1323 1328 1306 1276 1271 1268 1322 1383 1449 1581 1652 1703 1774 1813 1861 1922 2056 2133 2224 2238 2189 2128 2072 1981 1946 1922 1893
2115 2124 2135 2122 2106 2085 2064 2028 1992 1918 1815 1801 1835 1882 1951 1970 1985 2004 2093 2138 2199 2324 2307 2270 2233 2174 2145 2117 2078 2049 2023 1997 1955 1943 1911 1845 1824 1788 1774 1747 1705 1691 1620 1583 1562 1516 1420 1380 1349 1288 1284 1280 1277 1273 1281 1285 1280 1266 1241 1203 1277 1333 1407 1580 1664 1730 1762 1849 1883 1917 1963 2093 2171 2253 2233 2185 2123 2071 1974 1935 1912 1864
2131 2094 2067 2066 2058 2050 2051 2012 1983 1942 1822 1814 1849 1892 1942 1964 1990 2070 2118 2179 2217 2346 2385 2317 2233 2202 2171 2140 2072 2045 2022 2003 1954 1927 1911 1851 1833 1790 1738 1723 1693 1668 1626 1581 1543 1493 1383 1330 1288 1228 1242 1238 1233 1237 1242 1244 1237 1222 1200 1178 1256 1308 1379 1558 1639 1717 1752 1823 1883 1940 2059 2140 2201 2271 2228 2179 2121 2013 1967 1924 1897 1848
2111 2090 2053 2036 2033 2029 2019 1994 1978 1947 1850 1842 1872 1894 1942 1975 2012 2121 2156 2181 2225 2381 2428 2379 2273 2235 2183 2147 2083 2056 2025 1965 1940 1915 1900 1835 1814 1782 1676 1665 1658 1648 1637 1596 1545 1500 1394 1341 1290 1250 1217 1189 1184 1186 1178 1172 1195 1185 1170 1162 1230 1273 1341 1514 1577 1642 1694 1780 1841 1904 2036 2128 2199 2248 2199 2165 2115 1988 1965 1923 1882 1834
2101 2073 2037 2006 2003 2000 1993 1979 1958 1931 1866 1859 1888 1934 1997 2041 2085 2127 2170 2204 2279 2407 2430 2401 2349 2286 2233 2167 2095 2066 2036 1986 1946 1912 1880 1806 1770 1735 1638 1607 1592 1613 1630 1609 1564 1467 1407 1351 1318 1290 1252 1207 1180 1172 1165 1158 1145 1141 1139 1153 1173 1209 1262 1457 1512 1572 1623 1752 1799 1876 2023 2093 2167 2227 2176 2146 2105 1980 1933 1895 1862 1792
2141 2090 2039 1987 1981 1977 1969 1978 1959 1919 1877 1879 1910 1991 2025 2063 2092 2161 2214 2278 2288 2302 2305 2307 2302 2275 2230 2190 2124 2092 2057 2004 1964 1932 1897 1823 1782 1738 1648 1618 1597 1584 1573 1570 1561 1526 1482 1395 1356 1303 1267 1237 1211 1205 1195 1187 1160 1143 1137 1141 1153 1186 1228 1348 1395 1447 1621 1702 1773 1870 1980 2050 2136 2192 2155 2117 2077 1989 1940 1896 1856 1780
2127 2085 2040 1972 1960 1956 1971 1981 1980 1957 1891 1904 1935 2016 2056 2085 2123 2207 2224 2239 2255 2254 2256 2259 2296 2346 2319 2320 2292 2264 2205 2021 1993 1962 1879 1845 1810 1769 1684 1645 1621 1604 1579 1570 1564 1542 1509 1480 1460 1413 1369 1334 1315 1257 1249 1236 1202 1181 1148 1136 1144 1169 1208 1299 1356 1427 1576 1656 1730 1788 1950 2029 2098 2171 2146 2102 2059 1983 1950 1900 1813 1775
2121 2071 2026 1976 1960 1955 1976 2007 2045 2024 1989 1976 1998 2092 2190 2205 2191 2173 2187 2206 2213 2215 2221 2227 2291 2347 2374 2409 2389 2358 2264 2139 2069 2025 1947 1908 1872 1845 1733 1699 1674 1639 1621 1605 1587 1567 1551 1538 1530 1523 1451 1392 1382 1400 1389 1364 1299 1264 1218 1132 1136 1157 1194 1268 1331 1394 1532 1614 1685 1759 1939 2000 2054 2142 2143 2107 2062 1974 1939 1909 1817 1783
2105 2058 1988 1974 1968 1956 1981 2019 2059 2059 2028 2006 2019 2137 2210 2188 2161 2133 2132 2136 2141 2150 2194 2199 2290 2298 2328 2367 2350 2322 2283 2249 2172 2088 1991 1956 1932 1902 1850 1834 1817 1760 1744 1738 1651 1609 1609 1600 1605 1584 1520 1451 1447 1444 1424 1369 1335 1299 1254 1146 1129 1144 1190 1221 1270 1329 1471 1551 1660 1852 1914 1945 1995 2120 2138 2102 2080 1991 1954 1914 1834 1797
2106 2066 1978 1966 1936 1939 1986 2025 2063 2072 2041 2024 2039 2176 2203 2180 2128 2113 2100 2092 2095 2116 2144 2221 2235 2242 2268 2313 2310 2279 2232 2228 2228 2194 2080 2041 2008 1977 1928 1912 1885 1816 1808 1800 1791 1758 1759 1745 1664 1623 1550 1492 1491 1479 1450 1392 1360 1330 1284 1178 1138 1131 1173 1208 1250 1293 1463 1544 1624 1747 1792 1890 1985 2118 2148 2107 2047 2005 1958 1925 1851 1820
2104 2067 1973 1953 1934 1931 1987 2025 2054 2100 2082 2076 2101 2161 2189 2173 2105 2086 2060 2046 2072 2103 2131 2206 2213 2223 2251 2290 2234 2209 2153 2135 2137 2133 2141 2141 2089 2051 2021 1991 1926 1868 1879 1873 1861 1863 1832 1776 1692 1646 1618 1600 1555 1519 1485 1432 1400 1350 1307 1204 1160 1128 1165 1195 1224 1276 1438 1515 1585 1723 1807 1897 1978 2098 2157 2163 2072 2025 1981 1930 1871 1843
2089 2058 1974 1952 1932 1942 1974 2020 2060 2089 2080 2089 2108 2169 2189 2177 2108 2065 2020 2023 2057 2083 2114 2193 2204 2207 2229 2272 2214 2182 2137 2113 2100 2093 2080 2089 2100 2113 2110 2060 2000 1936 1964 1950 1937 1917 1865 1818 1740 1711 1688 1613 1567 1530 1499 1441 1412 1375 1297 1257 1214 1167 1143 1179 1211 1257 1405 1484 1565 1750 1834 1920 1996 2099 2122 2156 2105 2052 2006 1964 1922 1907
2045 2013 1985 1955 1920 1930 1961 2012 2064 2066 2067 2091 2145 2166 2167 2166 2115 2057 1997 1992 2032 2054 2088 2154 2170 2191 2200 2262 2190 2159 2123 2100 2076 2061 2042 2039 2044 2065 2075 2052 2013 1982 1973 1959 1945 1933 1918 1871 1800 1764 1718 1622 1575 1538 1507 1448 1416 1382 1311 1273 1234 1186 1126 1155 1190 1299 1369 1449 1520 1732 1837 1918 2018 2048 2072 2118 2141 2091 2039 1984 1969 1953
2002 1986 1977 1943 1908 1902 1949 2001 2035 2074 2066 2092 2155 2153 2144 2142 2109 2047 1989 1962 1999 2010 2069 2132 2145 2151 2160 2193 2165 2114 2075 2058 2054 2027 2015 2005 1998 2007 2025 2034 1958 1935 1929 1916 1915 1902 1893 1888 1846 1796 1745 1646 1602 1560 1512 1450 1419 1386 1319 1282 1245 1198 1112 1139 1180 1285 1360 1426 1486 1641 1731 1839 1911 1959 2024 2079 2180 2144 2099 2064 2036 2021
1952 1949 1969 1939 1907 1899 1942 1983 2012 2091 2094 2110 2146 2121 2105 2089 2110 2074 2012 1954 1957 1975 2047 2109 2120 2127 2128 2149 2168 2120 2056 2035 2018 1985 1969 1959 1947 1927 1972 1992 1927 1888 1871 1871 1875 1860 1854 1844 1841 1814 1766 1665 1623 1584 1491 1452 1421 1390 1326 1288 1245 1205 1111 1136 1174 1270 1335 1413 1487 1678 1757 1800 1890 1960 2019 2076 2214 2243 2222 2197 2198 2177
