data/Arrowhead/elevation.asc
ncols	461
nrows	576
xllcorner	-1620000
yllcorner	438000
cellsize	100
NODATA_value	-9999
[rows 144 to 179 of 576, columns 246 to 327 of 461]
712 730 769 797 847 856 868 894 916 931 927 946 954 954 957 941 925 898 945 946 926 891 882 872 915 901 883 878 880 909 934 963 1032 1046 1047 1069 1112 1139 1185 1238 1259 1323 1359 1428 1452 1499 1655 1761 1828 1871 1929 1933 1926 1891 1873 1855 1852 1858 1846 1813 1762 1740 1754 1786 1808 1796 1803 1846 1905 1951 1975 1942 1939 1961 1974 1956 1933 1904 1852 1815 1776 1746
689 710 735 760 814 827 837 841 887 898 893 898 897 896 899 884 873 853 879 879 867 844 843 835 833 842 870 896 936 967 960 995 1094 1120 1112 1161 1196 1205 1257 1311 1329 1357 1441 1530 1539 1564 1611 1658 1730 1788 1891 1917 1924 1889 1866 1842 1829 1822 1810 1788 1732 1708 1706 1723 1797 1790 1786 1806 1828 1847 1834 1824 1816 1863 1927 1906 1879 1855 1808 1772 1732 1677
663 684 703 722 767 784 795 800 805 810 815 806 799 799 790 829 822 821 822 813 811 808 813 815 829 867 902 935 984 1018 1054 1163 1231 1267 1303 1316 1324 1295 1341 1397 1443 1441 1579 1604 1630 1655 1683 1730 1748 1830 1864 1879 1879 1841 1832 1817 1794 1770 1751 1755 1700 1681 1680 1690 1757 1759 1744 1756 1761 1778 1762 1751 1771 1836 1856 1826 1798 1780 1732 1704 1671 1637
642 654 666 701 721 728 734 752 769 781 787 779 772 768 761 762 769 777 781 783 786 795 799 815 842 906 934 975 1038 1083 1125 1266 1318 1326 1372 1404 1417 1429 1485 1569 1599 1625 1692 1673 1723 1720 1755 1793 1811 1857 1856 1846 1838 1825 1801 1787 1748 1744 1721 1696 1659 1649 1646 1639 1644 1715 1699 1696 1695 1709 1695 1692 1759 1832 1829 1804 1780 1761 1692 1663 1638 1553
682 692 694 677 672 689 704 731 747 764 765 761 757 753 750 752 756 776 780 781 785 807 838 872 955 1041 1079 1027 1119 1163 1227 1357 1390 1413 1428 1476 1499 1502 1525 1633 1678 1705 1776 1795 1834 1818 1857 1882 1890 1881 1863 1839 1812 1793 1776 1756 1726 1714 1692 1671 1650 1639 1628 1610 1599 1587 1577 1574 1580 1583 1580 1644 1705 1790 1801 1779 1760 1711 1676 1642 1609 1543
691 705 715 723 720 700 693 709 708 716 727 730 745 739 741 745 749 771 782 797 810 847 885 937 1053 1143 1162 1197 1307 1359 1439 1491 1514 1535 1496 1543 1570 1584 1622 1669 1733 1770 1820 1854 1882 1879 1871 1865 1859 1835 1822 1809 1785 1719 1696 1681 1693 1678 1664 1654 1626 1615 1603 1586 1571 1556 1538 1534 1538 1546 1528 1541 1591 1620 1710 1723 1715 1669 1663 1626 1591 1527
702 722 733 757 768 762 737 723 719 724 728 740 753 756 769 777 793 816 804 828 850 909 967 1032 1171 1246 1228 1266 1376 1422 1485 1541 1560 1582 1593 1648 1688 1717 1776 1790 1775 1833 1878 1885 1876 1863 1846 1833 1824 1809 1791 1772 1739 1703 1679 1664 1635 1614 1598 1581 1585 1586 1584 1556 1547 1534 1517 1498 1496 1502 1475 1482 1519 1560 1657 1687 1679 1629 1614 1585 1555 1500
706 724 737 779 806 813 794 783 778 777 765 782 794 815 822 826 840 868 909 953 1012 1059 1131 1212 1269 1314 1288 1332 1440 1481 1519 1566 1585 1607 1626 1677 1709 1751 1829 1861 1891 1904 1856 1848 1840 1815 1824 1808 1797 1781 1762 1737 1711 1684 1664 1647 1611 1591 1579 1561 1555 1557 1551 1501 1481 1475 1451 1440 1463 1463 1436 1426 1447 1540 1593 1643 1643 1581 1573 1556 1514 1485
700 723 746 792 817 832 840 833 832 808 815 822 834 871 884 910 920 980 1018 1034 1067 1126 1192 1246 1364 1391 1402 1475 1517 1546 1564 1584 1606 1627 1667 1692 1722 1761 1847 1892 1907 1857 1829 1817 1812 1791 1776 1758 1740 1724 1702 1678 1643 1654 1638 1625 1590 1568 1553 1531 1522 1515 1513 1477 1453 1449 1416 1406 1412 1426 1395 1361 1365 1408 1453 1570 1587 1540 1528 1517 1496 1467
695 728 769 794 813 828 848 836 836 833 847 860 882 914 933 947 986 1071 1107 1123 1127 1169 1235 1290 1382 1405 1425 1488 1523 1555 1575 1619 1647 1667 1691 1707 1730 1761 1854 1883 1887 1838 1806 1792 1786 1769 1755 1736 1707 1694 1670 1648 1620 1610 1595 1566 1553 1535 1514 1496 1492 1487 1482 1444 1423 1420 1398 1377 1387 1404 1378 1341 1328 1363 1390 1434 1475 1478 1440 1425 1443 1452
683 723 768 791 812 825 854 852 848 850 860 871 888 916 939 974 1044 1085 1130 1166 1212 1225 1266 1311 1394 1416 1436 1494 1526 1554 1579 1643 1667 1682 1708 1720 1730 1760 1836 1840 1836 1785 1754 1766 1761 1744 1731 1709 1677 1665 1644 1624 1598 1584 1566 1541 1530 1514 1490 1457 1444 1437 1410 1393 1366 1395 1388 1354 1355 1363 1344 1309 1294 1320 1337 1361 1416 1441 1418 1380 1399 1409
665 718 779 797 813 825 843 851 854 857 866 875 889 914 941 980 1050 1090 1135 1173 1221 1252 1297 1368 1393 1412 1430 1497 1524 1545 1613 1653 1676 1690 1702 1711 1717 1742 1809 1809 1803 1761 1730 1709 1694 1679 1665 1645 1610 1630 1616 1601 1576 1559 1538 1516 1506 1489 1468 1440 1430 1419 1390 1368 1337 1316 1337 1315 1282 1287 1278 1273 1253 1276 1293 1301 1385 1391 1383 1346 1350 1370
652 721 785 805 818 824 844 844 843 861 862 876 889 913 941 981 1049 1091 1134 1171 1221 1255 1294 1370 1388 1400 1418 1476 1500 1525 1594 1620 1649 1658 1679 1692 1711 1764 1779 1775 1766 1733 1705 1687 1654 1640 1628 1612 1580 1565 1554 1539 1528 1516 1499 1475 1486 1472 1454 1427 1409 1400 1380 1359 1325 1293 1311 1292 1263 1246 1243 1221 1180 1188 1177 1180 1235 1250 1325 1318 1288 1320
641 720 791 805 823 837 849 845 843 854 862 878 904 915 948 978 1041 1075 1130 1165 1218 1250 1284 1361 1385 1391 1408 1456 1487 1517 1570 1594 1616 1628 1659 1680 1694 1707 1706 1697 1725 1697 1675 1657 1625 1609 1594 1578 1551 1541 1533 1515 1510 1501 1486 1460 1453 1445 1425 1406 1383 1355 1362 1341 1312 1266 1279 1268 1247 1204 1210 1198 1160 1118 1137 1142 1163 1175 1202 1215 1158 1192
615 653 782 792 813 840 849 848 845 850 865 882 895 917 946 972 1033 1065 1107 1168 1198 1227 1257 1322 1375 1380 1424 1446 1477 1501 1544 1564 1585 1604 1656 1665 1669 1677 1676 1665 1654 1629 1618 1607 1581 1564 1564 1545 1511 1513 1508 1488 1481 1477 1462 1438 1434 1428 1412 1395 1371 1343 1319 1301 1278 1212 1227 1225 1229 1178 1176 1181 1107 1071 1089 1105 1106 1110 1126 1139 1113 1106
582 632 717 752 777 826 842 851 845 861 871 877 899 924 950 972 1021 1052 1091 1153 1177 1206 1233 1300 1328 1348 1410 1432 1454 1467 1505 1544 1565 1616 1634 1635 1640 1636 1634 1622 1614 1610 1598 1582 1561 1544 1524 1503 1462 1455 1449 1425 1416 1445 1430 1409 1408 1400 1386 1375 1355 1330 1294 1283 1260 1190 1201 1206 1194 1169 1153 1126 1107 1056 998 1054 1066 1048 1055 1073 1061 1041
542 638 679 723 757 829 838 845 850 858 864 869 892 914 938 968 1010 1035 1068 1129 1152 1179 1210 1272 1303 1328 1404 1428 1443 1456 1492 1505 1524 1554 1552 1542 1549 1594 1590 1586 1589 1585 1574 1561 1540 1526 1507 1462 1443 1433 1420 1392 1382 1370 1351 1350 1346 1338 1323 1347 1331 1289 1265 1249 1230 1181 1165 1177 1180 1158 1144 1128 1076 1050 996 953 987 973 941 936 930 985
507 614 654 699 744 821 834 840 850 865 857 862 889 914 936 967 985 1002 1027 1079 1108 1153 1220 1249 1277 1307 1392 1413 1428 1444 1475 1487 1501 1519 1506 1497 1505 1521 1523 1528 1533 1531 1526 1539 1516 1504 1490 1443 1428 1413 1395 1363 1349 1337 1321 1322 1317 1310 1289 1283 1276 1244 1214 1183 1162 1163 1134 1139 1151 1140 1125 1110 1044 1035 999 919 956 945 898 888 878 875
456 565 610 653 692 770 821 838 849 861 854 854 885 912 929 957 972 989 1011 1059 1085 1117 1180 1219 1246 1282 1365 1382 1412 1446 1460 1468 1475 1482 1466 1459 1471 1475 1487 1497 1506 1506 1502 1494 1474 1462 1449 1397 1376 1359 1366 1333 1321 1310 1291 1291 1292 1283 1260 1250 1244 1225 1202 1172 1139 1104 1082 1074 1087 1075 1065 1050 1017 1003 993 892 922 928 885 844 842 835
444 544 593 643 677 748 769 801 832 837 848 856 876 903 921 949 964 979 998 1046 1065 1102 1166 1197 1225 1263 1343 1364 1370 1408 1424 1434 1438 1422 1434 1430 1427 1430 1447 1461 1468 1475 1476 1461 1450 1442 1427 1371 1351 1334 1309 1288 1272 1262 1242 1232 1258 1252 1231 1221 1215 1205 1187 1164 1133 1069 1050 1050 1055 1044 1028 1010 959 938 908 834 870 874 870 799 803 800
441 520 570 625 706 732 742 768 816 822 839 855 866 885 902 931 949 966 1014 1039 1061 1092 1152 1177 1207 1243 1317 1339 1346 1387 1402 1413 1415 1402 1398 1391 1359 1353 1351 1359 1420 1435 1443 1434 1427 1420 1404 1348 1330 1313 1287 1270 1253 1239 1215 1201 1193 1181 1170 1158 1155 1157 1175 1151 1092 1057 1024 1015 1029 1020 1002 953 930 914 891 809 835 840 812 743 714 719
441 470 528 599 690 712 725 743 790 804 822 845 859 877 893 920 940 960 1006 1029 1045 1061 1104 1131 1170 1256 1290 1309 1318 1365 1381 1392 1390 1382 1373 1361 1335 1320 1309 1309 1323 1339 1356 1364 1376 1369 1348 1323 1305 1293 1266 1246 1228 1211 1183 1169 1159 1143 1133 1126 1116 1123 1117 1106 1060 1035 1001 961 958 997 981 931 905 887 872 797 792 800 749 719 696 683
441 453 506 549 655 699 720 731 759 789 809 837 852 871 890 913 929 948 998 1017 1035 1052 1088 1116 1151 1221 1236 1246 1276 1317 1334 1370 1368 1363 1348 1336 1320 1297 1277 1272 1270 1288 1304 1312 1332 1331 1300 1279 1257 1240 1215 1194 1174 1181 1150 1138 1122 1111 1099 1088 1082 1078 1078 1068 1030 1010 980 944 917 921 909 879 853 838 824 789 772 767 709 689 675 665
441 441 479 527 626 692 723 741 756 772 791 824 841 858 874 907 916 932 982 999 1015 1035 1078 1106 1133 1192 1208 1232 1260 1292 1309 1323 1323 1319 1311 1294 1276 1277 1248 1238 1236 1251 1251 1258 1274 1286 1273 1255 1234 1215 1187 1169 1153 1110 1096 1083 1069 1018 1009 1048 1037 1032 1038 1030 999 981 959 927 866 876 869 850 831 816 800 758 728 697 668 658 651 654
441 441 455 510 598 664 715 740 755 771 784 819 835 851 878 892 903 912 953 966 980 1022 1063 1091 1118 1162 1180 1210 1254 1270 1286 1302 1305 1299 1286 1266 1249 1230 1206 1176 1192 1203 1196 1176 1205 1223 1240 1231 1212 1193 1164 1145 1125 1086 1072 1056 1043 1007 986 974 953 948 949 951 927 912 931 876 844 824 832 820 805 789 756 727 703 681 660 653 644 625
441 441 442 486 567 607 691 736 752 770 778 811 825 839 872 886 895 900 937 949 965 1003 1027 1062 1089 1132 1153 1170 1227 1243 1260 1278 1282 1274 1262 1235 1229 1210 1185 1149 1164 1176 1166 1159 1147 1136 1154 1164 1156 1143 1137 1117 1096 1066 1049 1027 1011 987 971 941 913 906 905 902 885 871 861 828 815 799 779 779 783 765 729 698 680 668 653 646 638 616
441 441 441 521 561 603 655 722 740 753 764 789 819 829 868 880 886 893 925 936 953 991 1011 1034 1060 1109 1128 1149 1191 1200 1211 1225 1232 1223 1235 1212 1203 1185 1165 1114 1129 1144 1142 1143 1131 1111 1105 1113 1121 1102 1085 1069 1054 1025 1003 979 961 946 930 914 883 874 869 866 855 842 835 812 801 785 762 760 749 736 684 660 649 643 645 640 632 611
441 441 441 507 557 601 649 715 729 741 770 782 806 821 856 863 867 883 904 927 941 972 996 1020 1035 1080 1103 1129 1169 1176 1187 1204 1209 1199 1183 1146 1132 1132 1125 1080 1073 1106 1118 1118 1112 1093 1068 1062 1070 1073 1061 1047 1032 1002 984 960 911 886 865 848 815 810 811 837 832 828 816 788 783 774 740 739 736 721 667 648 640 636 628 624 615 616
441 441 441 496 552 598 643 716 730 739 765 781 808 818 849 859 862 871 890 905 915 944 970 988 1025 1065 1086 1109 1145 1154 1166 1187 1185 1173 1158 1117 1106 1104 1102 1067 1045 1058 1070 1063 1053 1038 1006 1025 1025 1040 1033 1022 1009 978 964 940 892 869 844 819 781 775 771 787 787 776 752 722 707 746 717 717 712 693 642 619 629 625 618 612 619 636
441 441 441 458 526 577 621 712 729 741 768 784 807 815 844 849 854 859 877 892 901 932 955 972 998 1027 1053 1071 1083 1097 1112 1163 1161 1151 1136 1082 1078 1079 1070 1051 1023 1025 1042 1026 1012 998 975 958 945 936 937 939 933 949 938 917 873 850 822 795 753 731 724 737 737 733 717 681 666 667 655 649 635 620 607 606 610 613 616 650 670 671
441 441 441 462 522 565 668 706 725 742 769 780 800 817 830 839 843 845 862 875 885 921 941 954 978 1000 1023 1038 1034 1041 1058 1099 1102 1094 1081 1031 1030 1055 1049 1034 1011 988 1007 986 976 965 942 929 915 880 875 878 889 877 855 844 829 807 778 743 720 703 679 685 673 672 658 640 636 639 634 626 620 613 607 620 626 649 694 738 753 712
441 441 441 475 524 563 661 696 723 740 770 777 792 809 823 824 831 820 827 842 865 884 922 935 955 968 980 986 985 985 999 1046 1057 1053 1043 1003 999 1010 992 980 960 926 922 911 936 913 902 891 876 836 823 820 825 821 803 791 787 770 735 671 656 637 626 609 605 603 616 607 607 620 620 617 611 604 612 626 638 683 735 775 810 803
441 441 441 470 527 569 657 694 721 740 771 776 788 802 812 817 827 814 811 822 845 860 875 889 904 904 909 926 951 947 946 989 1005 1007 997 974 959 972 961 950 935 893 887 878 861 836 825 816 802 767 783 777 760 755 744 740 730 716 685 632 624 618 607 606 610 623 641 639 637 626 627 616 605 607 620 637 651 693 758 818 854 845
441 441 441 453 514 572 626 655 688 734 757 767 784 799 805 809 818 805 796 801 825 835 846 861 876 877 876 890 899 887 884 891 897 894 957 936 908 923 931 922 905 855 853 847 828 802 790 785 753 733 714 699 662 646 636 625 665 655 639 608 607 602 620 646 660 674 684 683 680 669 661 651 653 668 684 701 724 740 781 859 899 889
441 441 441 442 498 576 620 638 669 720 749 765 772 783 787 792 798 793 783 792 799 801 813 834 833 832 827 834 851 846 849 852 859 846 857 849 825 842 848 847 839 836 821 814 796 770 759 751 721 700 683 669 630 618 606 595 598 599 599 615 637 653 728 689 716 747 734 731 717 698 695 689 693 713 727 748 815 785 842 918 983 982
441 441 441 441 498 580 616 630 655 707 742 761 769 773 776 779 784 781 774 749 694 695 712 751 739 776 768 777 793 808 790 804 818 810 811 810 781 796 797 797 796 786 769 740 729 702 689 711 686 668 657 644 609 600 592 600 604 606 611 657 683 718 808 826 823 834 821 801 794 738 737 732 737 760 779 806 845 845 903 960 1010 1020
