data/Arrowhead/elevation.asc
ncols	461
nrows	576
xllcorner	-1620000
yllcorner	438000
cellsize	100
NODATA_value	-9999
[rows 72 to 107 of 576, columns 0 to 81 of 461]
-9999 -9999 -9999 -9999 -9999 -9999 -9999 -9999 -9999 -9999 -9999 -9999 -9999 -9999 -9999 -9999 -9999 -9999 -9999 1183 1263 1306 1359 1416 1507 1564 1606 1641 1603 1575 1529 1496 1448 1441 1393 1329 1267 1196 1151 1140 1120 1105 1092 1089 1090 1098 1106 1122 1134 1185 1196 1203 1245 1265 1289 1309 1363 1381 1412 1508 1526 1536 1562 1601 1616 1630 1630 1637 1639 1644 1639 1588 1592 1659 1673 1644 1623 1621 1656 1624 1706 1698
-9999 -9999 -9999 -9999 -9999 -9999 -9999 -9999 -9999 -9999 -9999 -9999 -9999 -9999 -9999 -9999 -9999 -9999 -9999 -9999 1288 1296 1349 1391 1517 1571 1615 1682 1671 1628 1606 1560 1514 1492 1405 1376 1328 1311 1243 1211 1184 1148 1137 1104 1096 1095 1099 1104 1117 1156 1167 1182 1217 1234 1253 1270 1310 1340 1379 1424 1424 1431 1459 1483 1489 1560 1558 1567 1567 1563 1562 1525 1553 1586 1590 1576 1566 1548 1576 1566 1573 1585
-9999 -9999 -9999 -9999 -9999 -9999 -9999 -9999 -9999 -9999 -9999 -9999 -9999 -9999 -9999 -9999 -9999 -9999 -9999 -9999 1299 1344 1390 1443 1542 1593 1630 1699 1738 1716 1686 1621 1581 1548 1481 1424 1410 1370 1277 1254 1212 1195 1175 1167 1147 1125 1115 1113 1119 1133 1144 1155 1186 1203 1219 1256 1265 1300 1334 1372 1381 1395 1425 1430 1431 1428 1436 1430 1437 1441 1437 1470 1502 1510 1512 1506 1513 1491 1512 1513 1514 1526
-9999 -9999 -9999 -9999 -9999 -9999 -9999 -9999 -9999 -9999 -9999 -9999 -9999 -9999 -9999 -9999 -9999 -9999 -9999 -9999 -9999 1353 1396 1499 1549 1596 1638 1723 1763 1792 1805 1752 1683 1626 1549 1494 1478 1411 1316 1285 1259 1258 1231 1217 1183 1162 1153 1135 1132 1139 1143 1141 1144 1155 1166 1189 1240 1263 1286 1320 1337 1358 1373 1377 1383 1379 1385 1383 1389 1392 1394 1396 1400 1390 1399 1409 1410 1448 1464 1462 1467 1483
-9999 -9999 -9999 -9999 -9999 -9999 -9999 -9999 -9999 -9999 -9999 -9999 -9999 -9999 -9999 -9999 -9999 -9999 -9999 -9999 -9999 1365 1410 1514 1566 1608 1650 1737 1778 1816 1835 1798 1732 1691 1650 1603 1531 1426 1390 1359 1318 1316 1294 1267 1239 1201 1188 1160 1149 1153 1158 1154 1144 1147 1151 1175 1185 1198 1215 1245 1257 1279 1329 1329 1335 1335 1336 1338 1346 1353 1364 1364 1355 1351 1357 1368 1377 1374 1376 1384 1393 1405
-9999 -9999 -9999 -9999 -9999 -9999 -9999 -9999 -9999 -9999 -9999 -9999 -9999 -9999 -9999 -9999 -9999 -9999 -9999 -9999 -9999 -9999 1412 1518 1567 1611 1658 1749 1797 1842 1864 1850 1806 1776 1654 1585 1551 1461 1422 1400 1420 1415 1399 1404 1371 1329 1240 1213 1178 1178 1179 1156 1151 1151 1149 1161 1173 1184 1193 1214 1227 1244 1257 1255 1259 1256 1258 1266 1305 1322 1336 1337 1324 1317 1328 1340 1350 1348 1348 1350 1368 1376
-9999 -9999 -9999 -9999 -9999 -9999 -9999 -9999 -9999 -9999 -9999 -9999 -9999 -9999 -9999 -9999 -9999 -9999 -9999 -9999 -9999 -9999 1414 1516 1562 1609 1666 1753 1791 1847 1919 1893 1877 1819 1697 1639 1599 1488 1458 1434 1458 1470 1455 1466 1462 1410 1376 1344 1279 1243 1241 1210 1167 1166 1167 1165 1177 1181 1197 1207 1216 1226 1234 1236 1238 1246 1253 1260 1271 1285 1299 1301 1302 1303 1310 1314 1327 1331 1335 1340 1348 1356
-9999 -9999 -9999 -9999 -9999 -9999 -9999 -9999 -9999 -9999 -9999 -9999 -9999 -9999 -9999 -9999 -9999 -9999 -9999 -9999 -9999 -9999 -9999 1506 1555 1607 1713 1756 1797 1850 1954 1986 1955 1875 1811 1743 1692 1528 1494 1472 1488 1520 1516 1529 1526 1476 1435 1389 1323 1279 1287 1272 1259 1243 1232 1223 1222 1224 1223 1212 1220 1230 1238 1241 1244 1261 1275 1282 1290 1298 1310 1316 1317 1319 1325 1333 1352 1358 1369 1375 1375 1355
-9999 -9999 -9999 -9999 -9999 -9999 -9999 -9999 -9999 -9999 -9999 -9999 -9999 -9999 -9999 -9999 -9999 -9999 -9999 -9999 -9999 -9999 -9999 -9999 1555 1611 1715 1760 1807 1858 1980 2012 2004 1906 1838 1782 1727 1592 1553 1539 1568 1632 1648 1588 1578 1528 1478 1388 1361 1326 1339 1337 1326 1307 1294 1263 1261 1262 1256 1260 1263 1269 1307 1331 1335 1303 1328 1338 1339 1344 1343 1357 1364 1362 1361 1369 1382 1383 1393 1405 1408 1411
-9999 -9999 -9999 -9999 -9999 -9999 -9999 -9999 -9999 -9999 -9999 -9999 -9999 -9999 -9999 -9999 -9999 -9999 -9999 -9999 -9999 -9999 -9999 -9999 1558 1617 1719 1769 1813 1863 1970 2006 2016 1916 1851 1784 1723 1612 1578 1562 1600 1654 1699 1724 1646 1589 1535 1456 1423 1382 1396 1402 1410 1383 1339 1316 1307 1312 1297 1287 1299 1337 1369 1403 1414 1430 1422 1435 1465 1462 1465 1403 1424 1418 1418 1426 1422 1435 1432 1448 1456 1468
-9999 -9999 -9999 -9999 -9999 -9999 -9999 -9999 -9999 -9999 -9999 -9999 -9999 -9999 -9999 -9999 -9999 -9999 -9999 -9999 -9999 -9999 -9999 -9999 -9999 1623 1725 1777 1824 1933 1980 2011 2033 1928 1853 1769 1715 1633 1610 1587 1630 1675 1725 1760 1672 1620 1559 1480 1449 1445 1470 1512 1523 1511 1453 1422 1371 1368 1350 1326 1346 1389 1425 1463 1501 1518 1499 1523 1537 1546 1531 1521 1581 1582 1583 1571 1525 1553 1484 1494 1522 1554
-9999 -9999 -9999 -9999 -9999 -9999 -9999 -9999 -9999 -9999 -9999 -9999 -9999 -9999 -9999 -9999 -9999 -9999 -9999 -9999 -9999 -9999 -9999 -9999 -9999 -9999 1731 1784 1829 1937 1981 2020 2046 1957 1910 1855 1742 1696 1675 1658 1652 1695 1751 1783 1729 1668 1599 1509 1488 1476 1490 1533 1568 1568 1507 1472 1485 1504 1450 1425 1449 1466 1466 1498 1536 1599 1597 1606 1623 1635 1587 1572 1647 1662 1662 1622 1594 1626 1587 1610 1639 1665
-9999 -9999 -9999 -9999 -9999 -9999 -9999 -9999 -9999 -9999 -9999 -9999 -9999 -9999 -9999 -9999 -9999 -9999 -9999 -9999 -9999 -9999 -9999 -9999 -9999 -9999 -9999 1787 1839 1937 1977 2025 2056 2020 1953 1900 1773 1736 1718 1695 1700 1740 1791 1901 1887 1816 1686 1552 1525 1509 1526 1548 1587 1614 1548 1533 1540 1538 1492 1469 1481 1498 1512 1537 1572 1662 1723 1745 1698 1698 1647 1617 1686 1714 1727 1664 1661 1692 1641 1649 1674 1721
-9999 -9999 -9999 -9999 -9999 -9999 -9999 -9999 -9999 -9999 -9999 -9999 -9999 -9999 -9999 -9999 -9999 -9999 -9999 -9999 -9999 -9999 -9999 -9999 -9999 -9999 -9999 -9999 1821 1923 1963 2021 2058 2082 2009 1945 1830 1788 1765 1732 1732 1765 1814 1929 1905 1824 1735 1641 1606 1589 1585 1595 1630 1636 1597 1587 1599 1582 1543 1523 1511 1538 1547 1578 1651 1674 1719 1762 1795 1792 1767 1723 1753 1780 1778 1721 1729 1745 1696 1735 1752 1762
-9999 -9999 -9999 -9999 -9999 -9999 -9999 -9999 -9999 -9999 -9999 -9999 -9999 -9999 -9999 -9999 -9999 -9999 -9999 -9999 -9999 -9999 -9999 -9999 -9999 -9999 -9999 -9999 -9999 1902 1949 1993 2053 2078 2084 2055 1941 1867 1811 1747 1762 1794 1850 1959 1934 1844 1810 1679 1654 1639 1624 1640 1668 1685 1697 1686 1706 1687 1634 1562 1547 1552 1584 1620 1681 1706 1729 1759 1826 1838 1822 1762 1783 1808 1833 1830 1823 1831 1850 1849 1873 1831
-9999 -9999 -9999 -9999 -9999 -9999 -9999 -9999 -9999 -9999 -9999 -9999 -9999 -9999 -9999 -9999 -9999 -9999 -9999 -9999 -9999 -9999 -9999 -9999 -9999 -9999 -9999 -9999 -9999 1876 1926 1970 2025 2051 2069 2074 2028 1949 1879 1821 1842 1875 1917 2016 2002 1957 1800 1731 1709 1682 1687 1709 1712 1731 1729 1728 1745 1744 1680 1654 1640 1648 1649 1639 1697 1720 1737 1758 1814 1857 1875 1803 1830 1855 1872 1899 1880 1887 1904 1913 1930 1952
-9999 -9999 -9999 -9999 -9999 -9999 -9999 -9999 -9999 -9999 -9999 -9999 -9999 -9999 -9999 -9999 -9999 -9999 -9999 -9999 -9999 -9999 -9999 -9999 -9999 -9999 -9999 -9999 -9999 1851 1896 1941 1996 2027 2047 2058 2056 1979 1937 1859 1905 1967 2031 2138 2121 2036 1921 1858 1799 1768 1769 1780 1779 1759 1757 1757 1774 1805 1734 1700 1701 1698 1691 1678 1695 1719 1748 1806 1831 1843 1865 1862 1898 1914 1921 1975 1954 1935 1948 1960 1969 1985
-9999 -9999 -9999 -9999 -9999 -9999 -9999 -9999 -9999 -9999 -9999 -9999 -9999 -9999 -9999 -9999 -9999 -9999 -9999 -9999 -9999 -9999 -9999 -9999 -9999 -9999 -9999 -9999 -9999 -9999 1830 1867 1921 1961 2023 2036 2044 2032 2008 1895 1948 2033 2096 2158 2097 2056 1990 1879 1832 1818 1858 1888 1947 1873 1834 1821 1797 1854 1816 1747 1758 1757 1746 1716 1698 1728 1760 1813 1824 1835 1866 1907 1933 1954 2038 2071 2099 2047 2000 2005 2012 2029
-9999 -9999 -9999 -9999 -9999 -9999 -9999 -9999 -9999 -9999 -9999 -9999 -9999 -9999 -9999 -9999 -9999 -9999 -9999 -9999 -9999 -9999 -9999 -9999 -9999 -9999 -9999 -9999 -9999 -9999 -9999 1805 1879 1920 1955 1983 1984 1988 1992 1971 1981 2057 2133 2154 2160 2136 2056 1943 1877 1863 1883 1919 1951 1944 1883 1868 1849 1875 1872 1835 1781 1793 1793 1774 1733 1744 1774 1809 1824 1853 1884 1917 1935 1961 2047 2087 2119 2133 2069 2076 2091 2112
-9999 -9999 -9999 -9999 -9999 -9999 -9999 -9999 -9999 -9999 -9999 -9999 -9999 -9999 -9999 -9999 -9999 -9999 -9999 -9999 -9999 -9999 -9999 -9999 -9999 -9999 -9999 -9999 -9999 -9999 -9999 -9999 1837 1882 1909 1942 1940 1953 1956 1950 1964 1991 2051 2092 2136 2179 2138 2026 1936 1900 1905 1942 1973 1998 1946 1953 1874 1863 1856 1846 1785 1797 1812 1854 1849 1852 1850 1838 1834 1864 1894 1967 1970 1972 2056 2105 2135 2158 2098 2101 2121 2148
-9999 -9999 -9999 -9999 -9999 -9999 -9999 -9999 -9999 -9999 -9999 -9999 -9999 -9999 -9999 -9999 -9999 -9999 -9999 -9999 -9999 -9999 -9999 -9999 -9999 -9999 -9999 -9999 -9999 -9999 -9999 -9999 -9999 1838 1867 1909 1906 1918 1918 1916 1925 1946 2009 2046 2097 2144 2147 2088 2050 2005 1994 2004 2018 2030 2057 2028 1890 1857 1844 1828 1792 1790 1799 1845 1860 1879 1884 1908 1942 1970 2009 1998 2033 2059 2109 2130 2170 2148 2154 2160 2159 2192
-9999 -9999 -9999 -9999 -9999 -9999 -9999 -9999 -9999 -9999 -9999 -9999 -9999 -9999 -9999 -9999 -9999 -9999 -9999 -9999 -9999 -9999 -9999 -9999 -9999 -9999 -9999 -9999 -9999 -9999 -9999 -9999 -9999 -9999 1813 1859 1870 1893 1883 1883 1890 1914 1984 2022 2061 2115 2218 2173 2095 2069 2039 2038 2041 2072 2115 2104 1958 1926 1909 1854 1815 1801 1789 1821 1853 1887 1914 1946 1984 2020 2051 2030 2044 2086 2138 2179 2225 2291 2251 2250 2255 2222
-9999 -9999 -9999 -9999 -9999 -9999 -9999 -9999 -9999 -9999 -9999 -9999 -9999 -9999 -9999 -9999 -9999 -9999 -9999 -9999 -9999 -9999 -9999 -9999 -9999 -9999 -9999 -9999 -9999 -9999 -9999 -9999 -9999 -9999 -9999 1837 1857 1853 1836 1833 1847 1884 1984 2020 2057 2153 2199 2194 2136 2110 2080 2069 2077 2091 2129 2147 2023 1969 1946 1922 1882 1848 1824 1825 1839 1880 1912 1960 1980 2006 2067 2057 2061 2092 2166 2193 2206 2323 2313 2287 2289 2289
-9999 -9999 -9999 -9999 -9999 -9999 -9999 -9999 -9999 -9999 -9999 -9999 -9999 -9999 -9999 -9999 -9999 -9999 -9999 -9999 -9999 -9999 -9999 -9999 -9999 -9999 -9999 -9999 -9999 -9999 -9999 -9999 -9999 -9999 -9999 -9999 1829 1827 1826 1826 1833 1883 2004 2044 2106 2169 2222 2286 2302 2260 2119 2101 2108 2118 2142 2158 2045 2015 1983 1947 1921 1880 1853 1856 1865 1883 1941 1965 1985 2011 2103 2104 2078 2121 2156 2185 2199 2283 2328 2332 2328 2332
-9999 -9999 -9999 -9999 -9999 -9999 -9999 -9999 -9999 -9999 -9999 -9999 -9999 -9999 -9999 -9999 -9999 -9999 -9999 -9999 -9999 -9999 -9999 -9999 -9999 -9999 -9999 -9999 -9999 -9999 -9999 -9999 -9999 -9999 -9999 -9999 -9999 1826 1826 1826 1838 1894 2040 2105 2127 2197 2251 2310 2368 2310 2301 2224 2190 2199 2194 2181 2091 2089 2042 1971 1973 1937 1902 1898 1903 1916 1968 1999 2023 2047 2114 2133 2144 2149 2165 2189 2209 2259 2299 2357 2362 2375
-9999 -9999 -9999 -9999 -9999 -9999 -9999 -9999 -9999 -9999 -9999 -9999 -9999 -9999 -9999 -9999 -9999 -9999 -9999 -9999 -9999 -9999 -9999 -9999 -9999 -9999 -9999 -9999 -9999 -9999 -9999 -9999 -9999 -9999 -9999 -9999 -9999 -9999 1826 1835 1879 1978 2054 2111 2150 2226 2274 2333 2381 2363 2389 2326 2268 2238 2229 2212 2197 2186 2176 2042 2035 2057 1976 1941 1955 1980 2024 2062 2066 2089 2149 2180 2195 2186 2197 2210 2229 2282 2319 2356 2415 2444
-9999 -9999 -9999 -9999 -9999 -9999 -9999 -9999 -9999 -9999 -9999 -9999 -9999 -9999 -9999 -9999 -9999 -9999 -9999 -9999 -9999 -9999 -9999 -9999 -9999 -9999 -9999 -9999 -9999 -9999 -9999 -9999 -9999 -9999 -9999 -9999 -9999 -9999 -9999 1883 1948 2073 2100 2135 2177 2274 2323 2355 2365 2378 2430 2429 2359 2307 2268 2227 2222 2223 2239 2098 2082 2111 2144 2069 2086 2119 2198 2207 2258 2235 2245 2258 2283 2270 2257 2263 2284 2319 2350 2385 2444 2469
-9999 -9999 -9999 -9999 -9999 -9999 -9999 -9999 -9999 -9999 -9999 -9999 -9999 -9999 -9999 -9999 -9999 -9999 -9999 -9999 -9999 -9999 -9999 -9999 -9999 -9999 -9999 -9999 -9999 -9999 -9999 -9999 -9999 -9999 -9999 -9999 -9999 -9999 -9999 -9999 2003 2090 2126 2148 2183 2294 2292 2256 2237 2267 2321 2376 2432 2332 2300 2258 2260 2270 2294 2165 2131 2171 2216 2146 2178 2201 2247 2284 2334 2406 2456 2486 2461 2411 2384 2404 2392 2386 2401 2432 2482 2499
-9999 -9999 -9999 -9999 -9999 -9999 -9999 -9999 -9999 -9999 -9999 -9999 -9999 -9999 -9999 -9999 -9999 -9999 -9999 -9999 -9999 -9999 -9999 -9999 -9999 -9999 -9999 -9999 -9999 -9999 -9999 -9999 -9999 -9999 -9999 -9999 -9999 -9999 -9999 -9999 -9999 2153 2208 2235 2309 2287 2235 2197 2202 2235 2270 2309 2388 2432 2399 2361 2304 2240 2210 2242 2204 2218 2238 2231 2260 2273 2322 2358 2384 2426 2466 2472 2456 2378 2326 2295 2327 2378 2438 2486 2585 2529
-9999 -9999 -9999 -9999 -9999 -9999 -9999 -9999 -9999 -9999 -9999 -9999 -9999 -9999 -9999 -9999 -9999 -9999 -9999 -9999 -9999 -9999 -9999 -9999 -9999 -9999 -9999 -9999 -9999 -9999 -9999 -9999 -9999 -9999 -9999 -9999 -9999 -9999 -9999 -9999 -9999 -9999 2200 2227 2290 2220 2163 2132 2181 2224 2258 2320 2351 2405 2440 2312 2248 2199 2175 2189 2204 2214 2189 2213 2228 2237 2298 2335 2347 2376 2413 2402 2383 2311 2261 2249 2295 2355 2423 2470 2564 2587
-9999 -9999 -9999 -9999 -9999 -9999 -9999 -9999 -9999 -9999 -9999 -9999 -9999 -9999 -9999 -9999 -9999 -9999 -9999 -9999 -9999 -9999 -9999 -9999 -9999 -9999 -9999 -9999 -9999 -9999 -9999 -9999 -9999 -9999 -9999 -9999 -9999 -9999 -9999 -9999 -9999 -9999 -9999 2230 2270 2183 2129 2097 2171 2209 2263 2301 2332 2386 2395 2263 2204 2172 2156 2162 2147 2147 2164 2187 2200 2198 2214 2243 2274 2290 2297 2236 2287 2229 2217 2225 2269 2318 2394 2455 2487 2503
-9999 -9999 -9999 -9999 -9999 -9999 -9999 -9999 -9999 -9999 -9999 -9999 -9999 -9999 -9999 -9999 -9999 -9999 -9999 -9999 -9999 -9999 -9999 -9999 -9999 -9999 -9999 -9999 -9999 -9999 -9999 -9999 -9999 -9999 -9999 -9999 -9999 -9999 -9999 -9999 -9999 -9999 -9999 -9999 2233 2159 2118 2097 2140 2184 2244 2269 2304 2356 2297 2175 2164 2140 2140 2123 2107 2114 2134 2153 2160 2173 2199 2229 2262 2279 2218 2176 2144 2145 2157 2175 2187 2214 2312 2381 2415 2455
-9999 -9999 -9999 -9999 -9999 -9999 -9999 -9999 -9999 -9999 -9999 -9999 -9999 -9999 -9999 -9999 -9999 -9999 -9999 -9999 -9999 -9999 -9999 -9999 -9999 -9999 -9999 -9999 -9999 -9999 -9999 -9999 -9999 -9999 -9999 -9999 -9999 -9999 -9999 -9999 -9999 -9999 -9999 -9999 -9999 2122 2083 2061 2098 2148 2202 2241 2280 2335 2195 2125 2095 2077 2081 2059 2061 2061 2101 2111 2118 2152 2173 2201 2228 2246 2197 2137 2103 2112 2129 2136 2158 2183 2209 2293 2329 2395
-9999 -9999 -9999 -9999 -9999 -9999 -9999 -9999 -9999 -9999 -9999 -9999 -9999 -9999 -9999 -9999 -9999 -9999 -9999 -9999 -9999 -9999 -9999 -9999 -9999 -9999 -9999 -9999 -9999 -9999 -9999 -9999 -9999 -9999 -9999 -9999 -9999 -9999 -9999 -9999 -9999 -9999 -9999 -9999 -9999 -9999 1989 2024 2066 2119 2164 2212 2260 2307 2135 2087 2060 2050 2027 2012 2029 2038 2048 2053 2061 2095 2123 2153 2194 2210 2151 2101 2081 2093 2105 2105 2132 2157 2175 2237 2293 2351
-9999 -9999 -9999 -9999 -9999 -9999 -9999 -9999 -9999 -9999 -9999 -9999 -9999 -9999 -9999 -9999 -9999 -9999 -9999 -9999 -9999 -9999 -9999 -9999 -9999 -9999 -9999 -9999 -9999 -9999 -9999 -9999 -9999 -9999 -9999 -9999 -9999 -9999 -9999 -9999 -9999 -9999 -9999 -9999 -9999 -9999 -9999 1951 1998 2068 2081 2172 2159 2225 2081 2049 2030 2028 1982 1982 2007 2007 2012 2016 2022 2054 2089 2112 2146 2113 2051 2011 2001 2026 2039 2074 2098 2124 2139 2208 2254 2303
-9999 -9999 -9999 -9999 -9999 -9999 -9999 -9999 -9999 -9999 -9999 -9999 -9999 -9999 -9999 -9999 -9999 -9999 -9999 -9999 -9999 -9999 -9999 -9999 -9999 -9999 -9999 -9999 -9999 -9999 -9999 -9999 -9999 -9999 -9999 -9999 -9999 -9999 -9999 -9999 -9999 -9999 -9999 -9999 -9999 -9999 -9999 -9999 -9999 2010 2085 2133 2094 2066 2002 1978 1969 1962 1914 1959 1982 1965 1970 1981 1981 2009 2037 2066 2081 2054 1998 1979 1973 1981 1982 2021 2035 2056 2085 2155 2199 2272
