data/Arrowhead/slope.asc
ncols        461
nrows        576
xllcorner    -1620000.000000000000
yllcorner    438000.000000000000
cellsize     100.000000000000
NODATA_value -9999
[rows 287 to 327 of 576, columns 273 to 363 of 461]
22 42 51 47 28 6 4 15 19 22 25 24 22 20 23 32 31 18 21 26 20 30 48 51 43 67 72 45 32 31 33 32 47 44 28 39 55 70 68 53 36 54 51 60 84 98 96 81 58 42 68 84 60 57 63 58 51 63 57 42 55 72 70 55 49 41 35 45 53 30 16 30 32 23 19 21 21 15 33 29 32 54 79 83 80 91 79 61 61 74 59
23 40 52 53 40 19 12 22 27 27 21 13 17 19 29 32 23 19 23 29 25 42 51 47 44 68 71 40 33 36 34 30 44 41 25 23 29 50 58 54 26 53 61 69 72 76 95 97 74 70 76 83 69 70 67 59 49 53 47 29 27 40 64 75 68 45 34 53 57 11 33 51 40 29 30 25 12 10 25 21 10 12 21 52 66 88 82 66 67 82 72
17 37 45 45 44 32 10 16 25 21 11 7 14 18 33 33 21 20 30 33 27 46 51 42 43 67 65 36 38 37 27 28 45 46 35 35 41 56 64 66 38 45 73 70 45 30 66 85 68 67 70 74 71 81 73 74 73 65 51 33 27 20 30 47 54 51 43 46 39 19 47 54 41 33 31 31 28 22 31 34 29 38 17 32 52 75 74 57 74 81 62
12 39 49 50 49 27 5 14 27 24 17 10 13 16 28 29 20 24 35 32 28 49 54 40 42 64 65 38 41 38 24 29 52 53 39 41 44 51 69 82 68 47 78 71 43 36 57 75 49 43 48 55 57 77 66 47 51 51 47 40 39 35 31 34 37 43 39 24 15 29 50 55 39 29 27 32 38 35 34 38 31 43 48 32 30 54 60 55 90 87 58
6 34 54 60 52 29 14 16 21 15 20 19 18 18 27 28 18 31 36 25 28 52 56 38 45 60 59 41 46 43 28 39 57 51 34 39 40 36 54 76 74 51 72 73 51 50 63 98 93 79 64 49 50 73 63 22 19 26 32 37 42 37 22 10 10 3 3 10 28 37 58 63 40 29 29 33 29 31 30 34 25 28 47 47 43 48 40 32 79 90 66
1 23 47 60 53 28 19 27 23 12 17 23 21 19 30 30 17 31 32 20 29 54 55 39 53 55 42 42 58 53 34 50 59 47 38 42 42 30 30 50 54 38 56 72 54 56 56 86 96 83 72 64 70 86 81 64 62 52 48 46 35 20 17 19 35 41 35 26 33 30 51 56 34 36 43 48 50 57 50 31 25 22 30 38 43 50 42 32 49 68 60
0 18 46 65 59 39 35 35 21 10 10 18 25 27 30 23 13 30 31 19 32 54 53 40 57 51 33 40 65 62 37 55 57 41 35 46 48 35 37 57 68 52 47 70 53 57 42 43 57 48 44 57 78 99 96 88 91 90 78 51 22 17 26 33 33 36 34 18 26 27 42 50 31 32 45 53 54 57 55 46 37 37 45 57 67 65 50 38 36 41 37
3 26 51 65 60 36 31 25 8 4 6 12 20 34 29 18 16 33 33 22 37 54 50 40 55 49 34 47 68 59 38 58 58 36 31 50 50 30 35 53 71 71 60 74 61 70 58 52 59 47 27 42 63 78 67 58 66 80 71 48 37 25 22 43 37 33 41 38 28 31 38 48 37 34 43 41 35 35 41 46 45 50 57 62 68 65 58 56 57 51 35
5 31 48 63 64 34 27 20 3 6 9 18 21 28 27 19 21 35 37 28 44 51 41 39 53 50 37 60 66 46 39 60 60 36 38 54 45 23 23 25 46 62 62 71 62 71 61 50 74 80 55 44 53 62 54 52 63 39 49 62 47 23 22 54 54 22 35 44 37 36 35 39 35 47 46 34 32 35 37 34 32 41 46 40 42 42 48 57 59 56 49
4 31 56 71 62 28 22 18 6 0 7 21 18 20 25 24 22 34 37 27 44 43 32 37 52 51 41 65 60 38 39 61 60 38 51 55 37 29 28 23 32 39 38 50 47 59 49 27 52 79 70 36 34 48 52 62 76 28 54 69 52 40 41 73 75 21 18 28 30 31 28 28 28 52 52 27 23 33 50 55 48 39 38 34 41 44 40 38 37 37 37
2 28 74 77 45 22 20 18 10 9 12 24 19 18 25 24 24 33 33 29 45 40 30 41 50 49 45 62 57 38 38 59 57 41 66 66 40 34 31 21 25 34 33 39 39 53 47 26 23 45 62 46 18 32 45 78 81 29 28 68 69 54 43 88 78 33 21 26 28 26 28 26 22 42 47 36 39 47 43 55 54 47 46 51 62 66 62 59 51 39 35
2 30 81 74 33 21 20 19 13 10 15 23 20 21 26 25 29 31 28 31 44 38 29 46 49 42 44 60 61 42 40 53 49 41 70 74 47 43 39 24 17 28 30 28 33 53 53 36 39 57 76 72 45 41 47 72 66 42 18 28 49 48 84 100 65 41 26 33 43 50 49 40 31 35 35 23 43 69 45 28 38 45 55 67 78 69 65 65 61 55 49
3 33 81 68 27 22 18 15 13 12 18 20 18 23 26 24 34 34 27 32 43 37 27 46 49 42 45 59 65 52 56 62 55 51 77 82 52 55 48 24 15 17 25 28 38 58 56 44 54 66 86 101 89 79 75 60 31 29 38 16 42 50 101 100 53 42 30 32 41 47 43 34 30 36 39 35 66 82 53 31 36 43 49 64 70 49 46 46 48 53 53
2 33 82 66 22 22 17 7 10 14 18 17 20 27 25 18 32 36 28 35 41 31 26 42 46 42 42 55 59 49 62 66 54 51 78 81 63 84 80 50 38 27 24 31 45 55 50 48 58 46 56 82 83 67 64 53 43 46 32 24 54 56 92 94 56 50 38 24 20 21 20 25 26 34 37 38 74 78 50 45 56 66 67 74 69 46 41 39 38 40 43
0 28 81 68 25 26 17 5 11 17 16 17 28 32 21 18 28 31 27 39 38 22 28 44 47 40 39 49 48 40 53 62 49 51 69 60 61 88 94 66 63 62 40 25 48 60 55 51 56 39 19 34 45 36 37 33 50 73 59 63 51 54 78 78 58 63 42 23 20 19 15 21 33 38 31 31 71 72 41 48 59 62 59 58 40 10 3 10 9 13 34
0 19 73 71 35 35 19 8 14 16 16 16 31 31 17 17 25 26 24 41 37 21 25 43 51 39 46 53 52 50 64 77 61 62 64 47 44 70 82 57 63 73 64 48 61 60 46 48 56 46 36 50 58 46 31 26 44 49 55 90 56 59 78 76 57 75 52 19 24 22 23 30 43 49 45 39 64 68 40 50 41 27 23 17 16 36 50 58 53 46 50
0 19 60 61 39 38 23 14 18 15 14 14 30 31 16 16 25 24 19 39 34 19 18 39 47 34 45 51 47 48 62 83 79 82 79 61 49 71 77 56 69 76 60 59 80 76 45 51 57 46 45 57 70 57 42 42 38 23 47 81 49 53 75 75 69 96 81 31 21 24 32 39 43 40 38 39 51 56 37 55 41 15 10 9 26 43 56 53 53 55 77
0 29 56 46 37 38 25 17 23 17 12 14 30 32 15 13 23 21 23 44 46 36 30 37 39 29 36 39 35 38 47 60 66 77 72 55 48 68 76 65 86 94 70 68 89 87 56 73 69 42 42 39 57 64 48 30 4 33 58 63 44 54 60 48 48 97 98 47 27 27 32 31 32 24 20 28 40 36 28 53 44 43 52 54 64 73 80 75 82 72 82
0 32 53 39 35 41 30 14 25 21 13 16 32 32 13 10 16 21 22 32 32 26 34 34 27 22 33 33 20 35 47 39 38 58 61 44 43 51 53 45 73 88 64 63 89 84 61 87 86 51 47 33 27 44 29 33 48 52 53 51 53 64 57 46 52 98 101 56 48 52 51 44 34 24 22 28 30 18 17 41 39 57 71 78 83 82 79 66 83 86 84
0 28 48 37 35 43 32 15 24 24 14 17 33 31 8 9 18 16 18 33 33 27 36 33 20 20 36 39 30 53 62 50 49 54 44 35 49 50 42 41 63 73 50 63 81 68 61 90 88 57 59 43 53 66 73 79 66 57 57 55 60 74 70 62 61 87 91 62 68 62 56 49 39 31 31 32 29 20 17 15 31 52 54 61 63 60 51 31 58 87 86
0 25 44 35 41 43 27 18 25 25 16 20 30 26 24 21 12 20 29 33 30 25 35 29 18 21 39 45 34 57 60 48 55 65 59 50 76 88 80 78 83 74 48 64 72 53 59 88 83 51 49 44 71 76 83 82 68 72 79 74 71 89 89 75 72 82 76 63 80 59 33 33 33 31 32 31 26 17 8 23 59 69 76 87 88 76 52 34 50 87 91
0 24 44 34 43 40 23 21 24 25 19 23 24 25 26 23 27 23 30 32 27 28 36 30 24 30 38 40 33 55 54 40 52 60 49 58 90 95 74 72 88 99 98 96 81 55 48 79 78 51 38 37 53 53 65 61 48 65 74 69 66 86 88 69 81 88 71 63 81 61 24 25 28 29 25 19 11 4 30 65 76 69 76 81 74 56 40 35 45 84 93
2 28 46 33 39 38 24 20 19 23 22 25 24 17 15 31 30 20 31 32 25 28 35 33 30 38 43 42 40 52 48 32 58 69 47 38 69 74 48 56 81 86 82 86 71 41 28 62 71 51 43 59 58 59 66 53 39 52 52 43 46 70 72 46 64 65 44 30 67 64 18 9 3 4 12 21 23 32 63 80 64 50 47 30 11 18 28 30 40 78 90
6 35 47 31 33 36 25 17 16 21 24 24 19 14 22 30 26 21 31 33 27 29 35 36 30 41 45 44 50 61 60 46 57 64 46 49 73 71 50 72 82 64 54 52 41 27 12 49 60 41 35 52 43 50 57 44 42 56 56 43 46 58 59 43 54 44 12 19 66 81 37 20 28 39 53 67 80 86 95 88 61 40 24 9 24 36 38 36 35 69 86
9 39 45 27 27 29 24 18 14 14 14 20 22 17 24 29 28 26 36 35 29 36 39 36 30 45 49 37 46 61 59 57 76 82 71 73 89 80 63 90 86 59 59 72 42 45 16 41 53 28 23 26 10 35 50 39 35 49 49 31 38 45 35 34 51 56 44 32 56 86 59 43 45 45 56 70 86 92 84 61 30 10 24 42 57 65 66 63 48 57 80
10 37 41 32 34 29 22 23 20 15 13 18 20 14 22 24 21 22 38 36 30 44 41 34 30 47 53 40 56 63 49 43 60 65 58 69 85 78 70 95 85 59 70 83 48 59 49 34 39 26 22 14 10 40 50 39 29 43 44 24 35 28 19 39 58 64 57 53 72 114 125 103 70 43 53 57 45 43 36 15 12 39 47 54 61 65 65 63 60 71 89
8 30 38 39 46 33 19 19 17 11 13 20 20 18 24 25 22 23 40 42 33 43 39 32 31 49 56 42 58 59 44 42 63 65 48 70 80 63 49 65 61 42 69 74 34 41 48 17 19 35 39 39 46 59 49 35 31 35 37 29 39 36 40 41 46 45 38 45 61 92 118 106 73 43 53 48 28 17 1 12 23 51 49 37 41 48 44 41 48 70 84
4 23 40 51 45 25 18 20 20 12 19 27 19 15 21 24 19 24 42 43 30 36 38 32 37 53 54 42 58 59 42 43 66 63 38 60 66 54 58 75 74 57 88 86 32 11 41 31 20 27 39 52 52 47 33 23 30 22 22 32 39 34 31 27 37 40 34 35 38 34 52 71 58 41 52 42 14 14 35 46 47 59 54 40 49 55 47 42 46 54 63
3 26 45 49 36 21 18 23 23 12 25 31 18 12 18 24 18 32 43 35 26 36 40 33 49 56 45 40 58 60 41 48 62 49 37 57 71 69 63 72 68 51 89 92 36 17 52 37 15 17 27 28 18 21 18 11 27 20 16 24 29 19 6 13 24 41 59 67 67 53 64 68 52 47 52 33 27 46 58 59 55 55 49 37 53 63 58 57 62 67 69
5 31 46 41 29 19 20 27 21 13 29 31 18 14 17 20 18 36 43 29 23 39 45 34 56 53 36 38 57 57 37 55 55 38 48 56 53 45 68 80 62 52 84 85 38 22 55 37 21 26 29 21 15 19 15 8 17 15 10 15 23 20 8 3 25 55 76 82 71 61 81 87 91 95 80 44 57 69 58 42 37 41 39 30 53 62 54 57 64 68 64
7 35 46 37 31 25 26 25 17 20 34 32 20 19 23 22 18 29 41 33 27 40 42 34 56 54 35 37 54 52 42 71 76 56 50 63 65 55 76 73 54 55 86 84 41 17 52 34 19 24 21 11 12 14 12 13 20 21 19 18 23 19 5 21 45 58 49 34 24 34 55 72 79 79 64 65 73 79 53 26 31 42 42 34 56 65 45 42 50 49 46
10 37 43 39 34 22 24 22 18 24 35 30 16 22 25 23 26 36 42 30 29 37 34 32 55 54 37 41 49 48 44 57 62 39 42 62 58 55 78 72 54 55 88 90 53 12 52 31 14 14 10 4 11 13 13 17 20 18 12 6 18 33 42 52 52 34 1 20 20 19 18 17 14 14 49 74 67 82 63 28 32 45 43 38 58 69 52 48 49 42 33
14 37 45 46 35 22 24 22 20 22 34 26 12 27 24 15 22 39 43 26 25 34 26 30 53 55 45 55 48 35 33 50 56 46 61 68 51 46 67 65 44 55 81 82 59 7 50 27 15 19 14 4 10 18 18 15 13 10 9 24 43 55 57 42 14 15 35 45 42 39 38 40 39 43 57 62 57 76 68 37 46 48 33 32 53 68 53 43 26 16 33
15 36 56 52 29 21 27 28 26 27 34 24 12 29 23 14 27 40 34 21 34 38 24 24 42 41 25 49 47 34 47 59 57 43 64 65 46 46 65 64 45 70 85 69 55 3 45 23 13 19 20 13 16 25 22 14 12 12 21 42 48 42 25 19 30 38 48 48 40 41 46 50 53 64 75 71 67 85 80 50 53 50 29 25 48 62 39 20 27 44 58
14 36 64 54 21 18 29 31 27 31 28 16 12 29 26 15 32 38 28 20 33 36 32 45 59 54 46 60 63 52 59 70 57 39 61 62 45 43 62 64 46 74 79 57 50 7 42 20 9 15 18 12 16 25 24 23 29 37 50 64 48 29 37 47 40 45 50 37 24 29 36 40 47 68 79 69 72 92 81 54 55 47 22 13 32 53 41 41 49 46 45
15 38 65 53 20 17 31 34 23 26 17 10 14 30 27 15 30 32 25 28 44 41 33 50 56 46 40 55 63 51 64 72 47 36 62 61 42 48 67 66 50 75 78 55 44 10 39 20 12 14 15 8 14 22 24 29 43 53 63 54 22 27 56 61 46 50 52 51 52 49 46 45 46 63 63 47 65 80 58 40 35 14 21 30 42 69 83 84 80 76 76
20 43 60 47 20 17 28 33 28 31 20 10 14 28 26 16 27 27 27 37 53 47 33 46 44 34 37 59 65 50 69 67 38 33 60 63 46 64 74 62 56 76 76 51 33 12 30 18 17 17 18 24 39 51 47 45 51 47 34 1 36 43 64 69 50 45 45 48 56 61 66 67 66 74 70 51 63 68 44 33 11 40 59 62 55 60 77 81 76 76 79
24 43 50 43 24 20 25 28 30 37 29 11 13 24 23 20 26 27 33 47 58 43 26 41 41 32 37 60 61 45 73 68 49 51 59 64 48 64 65 52 53 73 72 47 26 14 24 12 13 16 21 34 45 50 51 33 9 13 36 58 56 51 67 67 47 40 41 35 35 49 62 63 66 72 64 48 43 38 34 50 69 86 82 74 65 57 55 55 54 53 51
29 46 43 35 23 24 28 24 24 38 38 17 17 21 20 24 28 30 36 54 54 32 26 42 41 33 44 60 55 42 69 66 47 49 50 57 52 67 67 56 65 80 70 49 26 22 25 13 9 8 2 13 23 28 28 34 55 69 79 78 65 60 76 72 56 57 53 41 41 47 48 42 47 52 40 20 5 40 66 78 84 86 81 90 101 101 98 95 87 70 54
38 54 45 29 16 29 37 27 21 39 44 18 15 18 23 26 31 34 30 52 49 29 32 45 41 34 54 60 47 43 67 66 45 31 31 46 52 72 70 54 73 79 58 48 25 29 29 21 12 11 16 32 50 59 65 69 68 62 67 68 69 78 85 72 57 64 60 57 59 58 56 48 44 35 13 14 32 36 39 45 46 48 51 69 92 100 98 93 88 79 56
43 54 37 17 12 32 39 22 19 35 38 19 18 22 27 32 39 36 24 41 46 35 40 48 44 36 59 61 43 43 68 72 53 43 34 44 55 74 68 47 70 67 42 41 15 27 27 24 18 21 28 37 41 43 57 69 64 55 60 62 61 67 67 52 43 56 57 53 51 46 37 25 11 17 36 49 54 56 55 48 38 38 45 42 40 41 39 36 42 53 46
