data/Arrowhead/slope.asc
ncols        461
nrows        576
xllcorner    -1620000.000000000000
yllcorner    438000.000000000000
cellsize     100.000000000000
NODATA_value -9999
[rows 287 to 327 of 576, columns 182 to 272 of 461]
32 35 38 56 61 47 53 71 60 35 29 16 5 4 8 14 19 34 39 29 33 42 40 28 44 51 34 30 54 58 38 46 40 28 31 39 34 22 34 32 18 22 38 33 16 23 27 17 14 12 5 10 7 2 21 11 61 102 99 61 24 14 6 17 22 24 28 42 47 39 57 57 37 34 48 38 5 2 4 0 0 0 0 0 0 0 0 4 7 9 12
33 34 39 60 68 52 65 71 47 33 26 15 8 6 6 15 20 33 39 36 46 45 33 29 43 49 36 35 50 48 40 54 49 34 36 39 31 24 33 29 18 23 41 35 15 26 26 14 14 12 7 10 7 5 21 9 54 90 97 75 37 20 5 17 20 19 31 41 39 38 56 57 36 35 47 41 12 3 3 0 0 0 0 0 0 0 0 2 5 8 10
32 33 37 61 68 49 63 57 32 29 26 19 16 13 12 18 24 37 41 34 55 51 29 29 46 49 37 44 45 37 35 53 52 36 46 41 26 25 33 28 19 27 41 33 16 27 27 15 17 16 12 13 7 0 18 17 41 84 87 85 61 37 16 14 18 17 31 39 35 37 56 55 33 38 46 39 19 4 2 0 0 0 0 0 0 0 0 0 1 1 1
41 41 48 66 66 49 58 48 25 26 23 16 11 11 12 15 17 34 45 33 55 55 33 31 49 52 36 50 45 29 31 51 55 38 51 42 24 25 35 31 20 30 37 30 20 28 30 17 20 18 12 11 5 6 13 24 23 72 74 82 68 45 30 21 22 21 31 38 34 36 54 51 30 41 48 36 22 9 2 0 0 0 0 0 0 0 0 0 0 0 0
29 47 59 71 65 53 56 47 26 24 19 12 5 2 4 10 11 29 39 31 48 49 33 34 50 50 37 55 47 24 28 49 57 43 53 44 24 24 37 35 21 27 32 28 23 32 33 20 23 19 11 7 8 7 9 25 8 58 61 77 64 38 31 24 24 22 32 39 33 38 50 42 29 43 49 32 23 13 3 0 0 0 0 0 0 0 0 0 0 0 0
0 27 64 65 57 50 50 42 24 22 20 13 8 4 6 9 19 34 33 29 44 43 27 43 51 39 37 57 47 22 29 47 51 44 56 47 24 27 38 33 22 26 29 25 22 32 35 24 27 20 7 3 9 5 7 25 12 49 66 86 64 32 28 20 20 19 31 37 29 41 43 30 28 47 49 26 26 18 2 0 0 0 0 0 0 0 0 0 0 0 0
-9999 0 46 39 53 43 43 33 19 20 17 9 6 5 7 11 27 41 31 30 46 43 27 48 49 31 35 55 44 21 36 48 43 42 57 49 24 34 39 27 23 29 29 22 22 30 33 28 34 24 3 5 8 6 9 23 18 31 70 93 56 32 35 24 18 20 30 32 26 40 38 24 29 49 46 21 30 23 1 0 0 0 0 0 0 0 0 0 0 0 0
-9999 -9999 0 8 52 33 43 24 17 19 13 5 5 5 6 11 35 47 32 35 50 43 29 46 46 28 32 50 42 20 38 50 43 43 57 50 24 36 38 24 22 31 28 16 24 31 33 33 40 34 10 1 6 6 7 17 21 12 81 96 38 24 33 22 6 19 27 24 23 39 38 23 34 49 38 17 31 27 1 0 0 0 0 0 0 0 0 0 0 0 0
-9999 -9999 -9999 -9999 0 9 43 23 22 23 16 10 8 6 6 12 41 51 32 42 49 39 32 42 41 26 32 46 36 20 38 50 45 50 57 45 28 37 36 22 19 32 28 10 19 28 29 29 38 38 20 9 4 10 13 17 20 8 84 95 33 13 28 30 5 23 25 19 22 41 40 25 42 45 26 17 34 28 1 0 0 0 0 0 0 0 0 0 0 0 0
-9999 -9999 -9999 -9999 -9999 -9999 0 15 16 23 15 12 11 8 7 13 42 52 33 46 49 37 33 38 38 25 36 42 25 18 37 48 42 58 60 41 35 42 37 20 20 33 27 8 16 26 25 26 32 30 19 17 13 10 14 19 16 10 69 90 48 30 38 41 19 26 23 15 21 43 42 27 43 36 17 18 37 28 0 0 0 0 0 0 0 0 0 0 0 0 0
-9999 -9999 -9999 -9999 -9999 -9999 -9999 0 2 16 8 9 10 8 9 17 41 48 35 47 49 36 33 40 41 25 36 39 21 18 35 43 35 59 59 38 38 47 38 19 26 32 24 12 19 27 22 28 29 19 18 23 20 10 10 17 10 16 51 74 50 29 38 44 33 23 14 14 22 43 44 29 39 31 15 21 39 26 0 0 0 0 0 0 0 0 0 0 0 0 0
-9999 -9999 -9999 -9999 -9999 -9999 -9999 -9999 -9999 0 2 4 6 8 9 24 40 40 34 46 47 36 37 43 44 28 37 40 23 23 33 37 33 58 57 34 38 50 40 20 27 29 21 16 24 27 18 27 26 16 18 27 29 19 18 19 5 15 41 61 48 26 29 34 32 21 8 17 28 45 41 27 35 29 17 31 40 18 0 0 0 0 0 0 0 0 0 0 0 0 0
-9999 -9999 -9999 -9999 -9999 -9999 -9999 -9999 -9999 -9999 0 0 7 6 10 26 40 35 32 42 43 33 43 50 43 31 38 42 26 27 29 29 34 60 56 30 40 50 38 22 26 25 19 20 28 26 17 24 24 17 17 24 31 26 27 24 13 5 34 60 60 40 29 21 20 24 8 19 35 42 29 24 33 31 22 43 37 7 0 0 0 0 0 0 0 0 0 0 0 0 0
-9999 -9999 -9999 -9999 -9999 -9999 -9999 -9999 -9999 -9999 -9999 -9999 0 1 10 25 39 31 30 39 42 32 50 54 39 30 37 42 29 28 24 25 35 61 55 29 44 46 31 26 27 23 17 25 30 25 23 25 23 16 15 18 23 25 30 28 22 12 12 46 65 56 42 30 28 35 17 19 35 37 26 24 33 32 26 49 33 0 0 0 0 0 0 0 0 0 0 0 0 0 0
-9999 -9999 -9999 -9999 -9999 -9999 -9999 -9999 -9999 -9999 -9999 -9999 -9999 -9999 0 8 44 22 36 35 40 32 52 54 35 33 40 39 29 29 25 26 34 58 55 30 43 39 24 26 29 23 14 24 31 31 33 36 32 21 18 17 16 20 28 27 20 21 14 20 50 58 47 33 30 40 24 19 26 30 30 30 34 28 28 52 34 0 0 0 0 0 0 0 0 0 0 0 0 0 0
-9999 -9999 -9999 -9999 -9999 -9999 -9999 -9999 -9999 -9999 -9999 -9999 -9999 -9999 -9999 -9999 0 6 41 23 33 29 50 52 34 42 45 32 26 32 31 28 36 55 51 31 42 37 22 24 26 21 12 18 23 21 24 34 34 27 28 20 16 20 31 31 17 20 22 7 32 52 45 26 30 42 23 15 16 22 30 38 39 26 31 51 33 0 0 0 0 0 0 0 0 0 0 0 0 0 0
-9999 -9999 -9999 -9999 -9999 -9999 -9999 -9999 -9999 -9999 -9999 -9999 -9999 -9999 -9999 -9999 -9999 -9999 0 4 29 19 43 42 37 50 50 30 25 33 34 27 38 50 43 34 43 39 23 25 25 18 12 17 22 16 16 24 25 23 28 21 13 17 30 31 20 22 25 12 18 49 53 32 37 45 24 8 10 13 28 42 44 33 41 46 24 0 0 0 0 0 0 0 0 0 0 0 0 0 0
-9999 -9999 -9999 -9999 -9999 -9999 -9999 -9999 -9999 -9999 -9999 -9999 -9999 -9999 -9999 -9999 -9999 -9999 -9999 -9999 0 5 42 25 31 47 41 32 27 35 36 29 43 49 42 39 47 43 26 29 29 19 12 16 21 15 20 22 19 21 25 19 9 19 29 25 22 23 23 21 7 30 50 37 41 46 29 15 13 6 26 44 46 37 43 42 19 0 0 0 0 0 0 0 0 0 0 0 0 0 0
-9999 -9999 -9999 -9999 -9999 -9999 -9999 -9999 -9999 -9999 -9999 -9999 -9999 -9999 -9999 -9999 -9999 -9999 -9999 -9999 -9999 -9999 0 6 20 50 25 22 31 39 37 32 44 47 37 40 45 38 28 29 29 22 14 18 21 16 21 20 19 22 27 20 9 21 27 21 22 22 17 20 17 14 37 37 45 44 29 22 20 16 23 46 46 31 44 45 17 0 0 0 0 0 0 0 0 0 0 0 0 0 0
-9999 -9999 -9999 -9999 -9999 -9999 -9999 -9999 -9999 -9999 -9999 -9999 -9999 -9999 -9999 -9999 -9999 -9999 -9999 -9999 -9999 -9999 -9999 -9999 -9999 0 5 18 28 30 29 23 40 49 41 50 50 36 30 33 31 23 21 22 21 17 19 16 18 23 26 20 9 20 27 20 22 23 16 18 22 8 31 36 47 41 22 16 14 16 21 45 45 23 48 49 11 0 0 0 0 0 0 0 0 0 0 0 0 0 0
-9999 -9999 -9999 -9999 -9999 -9999 -9999 -9999 -9999 -9999 -9999 -9999 -9999 -9999 -9999 -9999 -9999 -9999 -9999 -9999 -9999 -9999 -9999 -9999 -9999 -9999 -9999 0 8 23 16 28 29 32 36 55 59 44 38 43 43 36 36 32 22 17 21 20 19 24 25 17 7 19 26 19 23 25 13 16 30 11 28 45 53 37 21 13 8 8 15 42 45 26 50 45 7 0 0 0 0 0 0 0 0 0 0 0 0 0 0
-9999 -9999 -9999 -9999 -9999 -9999 -9999 -9999 -9999 -9999 -9999 -9999 -9999 -9999 -9999 -9999 -9999 -9999 -9999 -9999 -9999 -9999 -9999 -9999 -9999 -9999 -9999 -9999 -9999 -9999 -9999 0 8 33 18 37 44 43 41 46 46 39 43 41 30 22 26 26 18 24 24 15 8 17 26 19 25 24 8 12 33 24 12 48 61 31 19 15 10 11 23 45 42 29 49 37 3 0 0 0 0 0 0 0 0 0 0 0 0 0 0
-9999 -9999 -9999 -9999 -9999 -9999 -9999 -9999 -9999 -9999 -9999 -9999 -9999 -9999 -9999 -9999 -9999 -9999 -9999 -9999 -9999 -9999 -9999 -9999 -9999 -9999 -9999 -9999 -9999 -9999 -9999 -9999 -9999 0 4 31 29 37 32 33 35 33 43 38 26 26 27 27 24 26 23 13 10 19 25 17 26 24 7 8 32 33 5 43 65 29 14 16 12 14 29 44 34 28 46 31 0 0 0 0 0 0 0 0 0 0 0 0 0 0 0
-9999 -9999 -9999 -9999 -9999 -9999 -9999 -9999 -9999 -9999 -9999 -9999 -9999 -9999 -9999 -9999 -9999 -9999 -9999 -9999 -9999 -9999 -9999 -9999 -9999 -9999 -9999 -9999 -9999 -9999 -9999 -9999 -9999 -9999 -9999 26 31 41 43 40 32 29 44 40 21 30 27 20 24 30 24 12 13 22 23 15 25 25 9 7 27 35 10 35 61 35 12 13 10 14 27 40 28 25 42 27 0 0 0 0 0 0 0 0 0 0 0 0 0 0 0
-9999 -9999 -9999 -9999 -9999 -9999 -9999 -9999 -9999 -9999 -9999 -9999 -9999 -9999 -9999 -9999 -9999 -9999 -9999 -9999 -9999 -9999 -9999 -9999 -9999 -9999 -9999 -9999 -9999 -9999 -9999 -9999 -9999 -9999 -9999 21 25 35 50 53 35 28 43 41 22 32 31 17 20 30 24 9 18 25 19 14 23 24 11 10 23 34 16 25 55 47 21 13 11 13 28 39 24 27 40 20 0 0 0 0 0 0 0 0 0 0 0 0 0 0 0
-9999 -9999 -9999 -9999 -9999 -9999 -9999 -9999 -9999 -9999 -9999 -9999 -9999 -9999 -9999 -9999 -9999 -9999 -9999 -9999 -9999 -9999 -9999 -9999 -9999 -9999 -9999 -9999 -9999 -9999 -9999 -9999 -9999 -9999 -9999 18 27 28 47 55 41 37 45 37 20 32 35 19 18 27 22 10 22 27 18 15 21 21 10 12 22 30 22 9 42 52 31 17 21 22 34 38 20 30 37 12 0 0 0 0 0 0 0 0 0 0 0 0 0 0 0
-9999 -9999 -9999 -9999 -9999 -9999 -9999 -9999 -9999 -9999 -9999 -9999 -9999 -9999 -9999 -9999 -9999 -9999 -9999 -9999 -9999 -9999 -9999 -9999 -9999 -9999 -9999 -9999 -9999 -9999 -9999 -9999 -9999 -9999 3 9 24 27 43 52 44 53 50 31 20 32 35 20 22 23 14 12 25 30 20 17 19 16 9 14 22 25 26 5 27 49 39 16 25 33 37 32 14 24 34 12 0 0 0 0 0 0 0 0 0 0 0 0 0 0 0
-9999 -9999 -9999 -9999 -9999 -9999 -9999 -9999 -9999 -9999 -9999 -9999 -9999 -9999 -9999 -9999 -9999 -9999 -9999 -9999 -9999 -9999 -9999 -9999 -9999 -9999 -9999 -9999 -9999 -9999 -9999 -9999 -9999 -9999 4 6 21 24 37 48 44 64 57 27 21 32 34 20 27 20 5 9 27 33 22 21 18 11 6 14 23 24 32 18 13 43 51 18 23 23 25 22 13 20 28 13 0 0 0 0 0 0 0 0 0 0 0 0 0 0 0
-9999 -9999 -9999 -9999 -9999 -9999 -9999 -9999 -9999 -9999 -9999 -9999 -9999 -9999 -9999 -9999 -9999 -9999 -9999 -9999 -9999 -9999 -9999 -9999 -9999 -9999 -9999 -9999 -9999 -9999 -9999 -9999 -9999 -9999 0 8 22 23 31 42 43 66 60 31 24 32 34 21 29 19 2 5 28 36 24 25 18 6 1 9 19 21 34 30 10 18 52 39 31 28 27 21 19 21 21 11 0 0 0 0 0 0 0 0 0 0 0 0 0 0 0
-9999 -9999 -9999 -9999 -9999 -9999 -9999 -9999 -9999 -9999 -9999 -9999 -9999 -9999 -9999 -9999 -9999 -9999 -9999 -9999 -9999 -9999 -9999 -9999 -9999 -9999 -9999 -9999 -9999 -9999 -9999 -9999 -9999 -9999 3 11 24 25 29 35 41 64 58 35 31 32 32 22 30 19 5 5 26 35 26 28 19 4 1 4 14 14 28 29 21 10 26 42 37 33 27 23 25 21 14 7 0 0 0 0 0 0 0 0 0 0 0 0 0 0 0
-9999 -9999 -9999 -9999 -9999 -9999 -9999 -9999 -9999 -9999 -9999 -9999 -9999 -9999 -9999 -9999 -9999 -9999 -9999 -9999 -9999 -9999 -9999 -9999 -9999 -9999 -9999 -9999 -9999 -9999 -9999 -9999 -9999 -9999 13 27 26 29 28 29 38 62 56 35 39 35 27 21 31 20 6 9 21 28 27 32 22 4 2 3 11 11 21 24 18 20 9 19 27 23 18 18 19 11 5 2 0 0 0 0 0 0 0 0 0 0 0 0 0 0 0
-9999 -9999 -9999 -9999 -9999 -9999 -9999 -9999 -9999 -9999 -9999 -9999 -9999 -9999 -9999 -9999 -9999 -9999 -9999 -9999 -9999 -9999 -9999 -9999 -9999 -9999 -9999 -9999 -9999 -9999 -9999 -9999 -9999 1 23 36 26 30 26 23 33 59 58 36 46 41 21 17 34 23 5 9 18 22 24 32 24 5 1 5 8 6 14 22 20 20 25 15 14 14 13 10 5 0 0 0 0 0 0 0 0 0 0 0 0 0 0 0 0 0 0
-9999 -9999 -9999 -9999 -9999 -9999 -9999 -9999 -9999 -9999 -9999 -9999 -9999 -9999 -9999 -9999 -9999 -9999 -9999 -9999 -9999 -9999 -9999 -9999 -9999 -9999 -9999 -9999 -9999 -9999 -9999 -9999 -9999 13 23 32 25 30 23 21 31 52 54 38 52 50 21 17 35 26 7 12 16 19 21 31 23 6 5 6 6 4 7 16 17 22 31 18 5 6 4 1 0 0 0 0 0 0 0 0 0 0 0 0 0 0 0 0 0 0 0
-9999 -9999 -9999 -9999 -9999 -9999 -9999 -9999 -9999 -9999 -9999 -9999 -9999 -9999 -9999 -9999 -9999 -9999 -9999 -9999 -9999 -9999 -9999 -9999 -9999 -9999 -9999 -9999 -9999 -9999 -9999 -9999 -9999 14 14 25 23 31 24 18 36 49 44 37 56 53 24 26 34 21 6 13 17 18 23 29 20 8 9 7 5 4 8 16 17 27 33 16 2 2 1 0 0 0 0 0 0 0 0 0 0 0 0 0 0 0 0 0 0 0 0
-9999 -9999 -9999 -9999 -9999 -9999 -9999 -9999 -9999 -9999 -9999 -9999 -9999 -9999 -9999 -9999 -9999 -9999 -9999 -9999 -9999 -9999 -9999 -9999 -9999 -9999 -9999 -9999 -9999 -9999 -9999 -9999 -9999 1 13 23 21 33 28 17 40 49 38 37 57 52 26 34 30 12 7 14 17 17 25 26 16 10 10 7 5 6 13 18 18 28 31 12 0 0 0 0 0 0 0 0 0 0 0 0 0 0 0 0 0 0 0 0 0 0 0
-9999 -9999 -9999 -9999 -9999 -9999 -9999 -9999 -9999 -9999 -9999 -9999 -9999 -9999 -9999 -9999 -9999 -9999 -9999 -9999 -9999 -9999 -9999 -9999 -9999 -9999 -9999 -9999 -9999 -9999 -9999 -9999 -9999 24 36 25 25 33 28 20 43 51 38 36 54 51 28 37 27 7 9 17 19 15 24 24 13 11 11 7 6 9 13 16 16 27 28 8 0 0 0 0 0 0 0 0 0 0 0 0 0 0 0 0 0 0 0 0 0 0 0
-9999 -9999 -9999 -9999 -9999 -9999 -9999 -9999 -9999 -9999 -9999 -9999 -9999 -9999 -9999 -9999 -9999 -9999 -9999 -9999 -9999 -9999 -9999 -9999 -9999 -9999 -9999 -9999 -9999 -9999 -9999 -9999 1 28 42 27 29 29 26 26 45 51 37 42 56 48 29 35 23 3 11 21 19 14 26 24 11 10 11 8 6 7 9 14 17 27 25 6 0 0 0 0 0 0 0 0 0 0 0 0 0 0 0 0 0 0 0 0 0 0 1
-9999 -9999 -9999 -9999 -9999 -9999 -9999 -9999 -9999 -9999 -9999 -9999 -9999 -9999 -9999 -9999 -9999 -9999 -9999 -9999 -9999 -9999 -9999 -9999 -9999 -9999 -9999 -9999 -9999 -9999 -9999 -9999 1 27 41 28 30 30 28 30 48 53 39 53 56 35 27 31 18 3 13 26 19 15 28 22 6 12 15 10 6 7 9 11 23 32 21 3 0 0 0 0 0 0 0 0 0 0 0 0 0 0 0 0 0 0 0 0 0 0 2
-9999 -9999 -9999 -9999 -9999 -9999 -9999 -9999 -9999 -9999 -9999 -9999 -9999 -9999 -9999 -9999 -9999 -9999 -9999 -9999 -9999 -9999 -9999 -9999 -9999 -9999 -9999 -9999 -9999 -9999 -9999 -9999 9 22 34 27 30 29 28 32 52 56 40 58 54 31 29 30 14 3 16 30 19 16 28 19 1 16 21 8 3 8 12 17 33 33 11 1 0 0 0 0 0 0 0 0 0 0 0 0 0 0 0 0 0 0 0 0 0 0 4
-9999 -9999 -9999 -9999 -9999 -9999 -9999 -9999 -9999 -9999 -9999 -9999 -9999 -9999 -9999 -9999 -9999 -9999 -9999 -9999 -9999 -9999 -9999 -9999 -9999 -9999 -9999 -9999 -9999 -9999 -9999 -9999 11 11 24 23 31 32 25 35 55 52 37 54 53 35 38 34 10 5 20 33 20 17 28 17 3 20 22 4 3 8 14 20 32 22 2 0 0 0 0 0 0 0 0 0 0 0 0 0 0 0 0 0 0 0 0 0 0 0 9
-9999 -9999 -9999 -9999 -9999 -9999 -9999 -9999 -9999 -9999 -9999 -9999 -9999 -9999 -9999 -9999 -9999 -9999 -9999 -9999 -9999 -9999 -9999 -9999 -9999 -9999 -9999 -9999 -9999 -9999 -9999 -9999 0 8 18 21 35 37 24 44 56 39 33 55 54 35 48 39 7 6 24 34 20 21 29 15 7 19 19 4 3 7 14 23 29 15 0 0 0 0 0 0 0 0 0 0 0 0 0 0 0 0 0 0 0 0 0 0 0 0 15
