data/Arrowhead/slope.asc
ncols        461
nrows        576
xllcorner    -1620000.000000000000
yllcorner    438000.000000000000
cellsize     100.000000000000
NODATA_value -9999
[rows 451 to 491 of 576, columns 273 to 363 of 461]
0 0 0 0 0 0 0 0 0 0 0 0 0 1 7 18 27 25 20 14 18 20 21 17 5 5 3 0 2 2 1 2 4 4 2 3 5 5 4 4 4 2 3 3 3 3 1 1 3 3 9 20 19 22 37 37 33 34 35 36 36 38 37 30 62 93 77 84 113 86 45 57 65 64 76 121 68 77 66 53 80 82 64 37 25 36 53 57 57 67 60
0 0 0 0 0 0 0 0 0 0 0 1 5 15 25 30 27 20 15 9 11 15 12 10 6 4 1 3 4 2 2 3 4 5 3 4 5 5 4 4 4 3 3 3 3 3 3 3 6 11 20 31 34 42 50 41 36 45 57 62 62 62 55 44 61 87 59 68 92 79 64 63 60 57 74 129 68 71 62 56 73 59 42 26 29 59 69 59 57 55 41
0 0 0 0 0 0 0 0 0 1 6 15 23 30 29 22 15 12 9 6 6 7 6 4 8 3 4 5 4 2 3 2 4 6 3 4 5 4 4 3 3 3 3 2 3 3 3 6 15 25 42 59 64 69 66 55 56 66 72 73 76 75 67 57 40 62 57 65 80 87 87 95 90 70 85 129 69 56 87 88 70 46 27 20 40 71 76 52 42 36 37
0 0 0 0 0 0 0 0 1 7 16 25 27 25 19 13 11 10 6 6 9 8 8 1 7 5 4 3 1 2 3 2 5 7 6 9 12 11 8 7 7 7 5 3 3 3 7 19 30 45 70 80 80 80 75 66 65 87 114 128 136 132 113 89 58 33 43 49 47 49 62 91 97 76 102 120 78 25 64 86 73 49 32 39 51 70 70 41 33 35 45
0 0 0 0 0 0 0 0 6 16 23 24 19 16 14 10 7 6 4 7 10 3 8 5 1 4 3 2 2 3 2 2 6 10 10 16 18 17 14 8 8 8 9 11 18 26 40 47 43 63 85 80 75 69 60 57 61 93 113 117 126 122 113 105 100 82 79 89 84 61 53 81 89 71 103 114 84 77 58 45 51 47 58 56 51 54 50 48 60 71 72
0 0 0 0 0 0 3 15 28 29 26 23 19 16 12 7 3 3 6 8 7 1 5 4 3 1 3 2 2 3 2 3 8 13 14 18 16 10 11 7 4 4 10 26 40 51 65 77 93 129 148 133 113 87 67 64 64 72 78 65 61 51 71 82 97 88 75 94 90 77 70 86 81 66 89 98 80 98 85 26 27 64 77 52 38 36 37 46 63 73 65
0 0 0 0 0 2 14 35 40 33 30 30 27 23 16 10 4 3 7 6 3 3 3 1 3 2 0 1 1 2 3 6 11 15 17 18 12 6 11 8 5 7 24 45 50 58 81 108 137 172 169 133 107 93 90 91 84 68 59 61 72 42 62 68 69 63 48 76 69 58 62 74 66 60 83 87 74 107 86 12 49 79 72 34 26 28 25 34 46 41 45
0 0 0 0 0 6 34 48 31 22 28 31 28 21 17 13 6 2 6 5 5 4 2 0 3 2 1 2 1 2 3 8 12 15 19 16 8 3 9 10 14 28 67 101 97 95 117 126 124 130 103 70 65 72 85 86 82 78 59 57 84 62 64 80 82 85 82 73 81 55 58 57 46 49 76 81 66 101 80 23 58 74 52 17 25 34 46 67 63 46 53
2 1 0 3 9 23 54 49 26 21 25 25 18 15 20 13 6 0 4 5 5 3 2 1 3 1 1 2 0 3 4 9 12 14 19 16 7 3 5 7 16 38 86 106 92 118 142 127 111 101 76 66 72 65 58 54 54 54 53 64 79 69 53 63 76 83 94 85 102 81 92 94 79 69 82 85 69 93 66 18 55 58 34 19 25 35 59 76 60 59 57
7 8 11 17 26 37 56 42 27 29 33 31 20 23 25 12 5 0 1 1 1 2 1 1 2 1 1 3 5 9 12 15 16 14 18 15 8 6 5 5 17 47 87 84 46 79 94 68 60 59 48 37 51 68 78 82 84 76 63 65 62 56 50 29 51 56 69 83 93 77 85 90 80 83 112 115 99 95 53 35 56 43 25 21 19 30 54 40 37 68 59
13 20 27 30 31 34 49 43 28 28 31 23 20 32 28 10 3 4 5 3 2 3 1 1 1 0 1 7 13 14 14 16 17 22 34 40 40 36 29 20 14 59 83 66 55 78 73 42 43 49 38 23 27 48 67 77 85 93 103 107 90 70 62 41 50 57 64 67 61 59 57 58 57 73 113 117 103 86 48 56 63 46 42 43 45 55 55 14 57 60 56
10 32 32 30 30 31 47 44 17 14 15 4 22 35 29 8 3 9 8 7 6 5 4 4 5 7 8 14 16 12 10 14 22 34 55 64 64 57 49 37 11 59 81 57 51 73 76 53 59 57 39 33 48 48 35 46 57 76 102 110 97 84 79 75 82 89 97 102 100 90 72 62 59 61 92 84 56 50 38 61 70 62 55 55 63 75 59 48 68 49 49
3 26 26 28 29 30 42 34 1 1 6 15 26 33 24 5 8 10 8 8 6 3 2 5 10 13 16 22 25 27 34 38 40 48 69 71 61 51 45 41 22 44 74 55 51 69 73 50 64 60 36 38 60 57 35 50 53 49 48 41 42 44 53 56 54 56 63 73 85 88 83 76 74 89 109 99 78 59 45 57 62 56 50 53 64 62 44 70 78 51 44
-9999 0 11 15 18 33 32 16 9 9 14 27 29 26 14 8 12 10 8 7 6 2 1 6 10 12 16 25 30 34 45 55 68 87 112 107 88 76 59 41 36 21 61 52 47 64 65 49 70 69 44 52 66 53 33 42 37 28 35 40 36 23 29 33 24 28 43 42 24 29 31 30 31 64 95 90 82 73 73 87 93 89 80 65 54 26 36 73 77 54 59
-9999 -9999 0 2 7 24 13 3 7 9 18 26 22 13 4 16 21 21 17 13 10 4 5 11 13 15 19 28 34 32 39 53 77 103 123 99 80 93 85 60 57 22 40 55 64 67 50 48 76 78 49 61 59 37 29 35 52 64 69 74 80 80 77 75 71 65 66 60 41 49 49 45 44 70 83 56 55 46 40 69 89 91 89 69 26 41 68 89 85 59 77
-9999 -9999 -9999 -9999 -9999 0 1 2 4 14 17 18 12 2 10 18 22 21 20 20 13 5 10 19 27 34 49 68 64 45 45 60 76 101 107 64 61 83 84 63 62 46 9 58 81 71 48 53 80 85 65 79 65 40 39 46 51 54 58 59 63 75 82 80 73 68 79 70 65 67 58 43 43 75 78 52 69 76 47 13 38 44 43 54 54 64 73 88 83 59 70
-9999 -9999 -9999 -9999 -9999 -9999 -9999 0 0 13 11 12 4 8 17 20 21 14 19 25 13 9 13 25 38 46 70 92 86 75 63 72 88 124 108 66 66 85 79 52 57 60 19 43 82 73 50 57 73 74 73 92 82 72 79 81 77 71 62 55 53 53 58 55 46 58 72 67 66 68 61 43 55 75 70 59 72 79 61 32 21 46 52 67 67 61 70 81 67 37 47
-9999 -9999 -9999 -9999 -9999 -9999 -9999 -9999 -9999 0 2 7 3 32 42 48 42 25 25 24 10 16 21 31 42 47 75 86 70 79 71 75 90 120 88 59 74 100 93 60 73 80 41 15 72 70 45 64 70 55 58 81 82 75 79 80 78 78 74 66 64 63 65 59 48 59 60 45 41 58 61 44 63 70 57 52 80 88 65 20 63 81 72 61 48 48 72 76 58 45 46
-9999 -9999 -9999 -9999 -9999 -9999 -9999 -9999 -9999 -9999 -9999 -9999 0 28 37 46 22 29 34 19 5 21 34 48 53 55 88 96 64 61 52 65 85 108 85 42 63 98 95 64 81 93 63 30 38 67 62 81 78 52 48 59 57 45 46 49 50 55 63 59 51 45 45 39 34 50 51 33 37 50 45 38 62 65 47 50 88 95 66 15 81 60 43 32 27 35 69 77 72 76 79
-9999 -9999 -9999 -9999 -9999 -9999 -9999 -9999 -9999 -9999 -9999 -9999 -9999 0 8 19 15 33 35 6 15 32 48 53 51 55 99 105 70 78 84 86 85 108 84 33 57 83 75 58 76 80 59 54 20 33 60 87 82 56 53 60 65 64 54 48 50 49 44 36 27 51 60 45 41 54 58 47 56 55 42 41 68 76 61 72 93 87 62 33 84 40 30 25 20 21 50 69 77 81 84
-9999 -9999 -9999 -9999 -9999 -9999 -9999 -9999 -9999 -9999 -9999 -9999 -9999 -9999 -9999 -9999 0 10 40 5 44 52 62 52 42 56 95 95 53 62 92 101 92 113 84 53 78 85 67 63 74 67 52 50 46 9 41 81 75 51 48 52 60 69 66 47 28 20 41 51 44 63 68 47 47 56 57 46 57 54 48 51 72 80 63 82 89 74 61 43 85 62 59 45 31 28 35 47 53 53 57
-9999 -9999 -9999 -9999 -9999 -9999 -9999 -9999 -9999 -9999 -9999 -9999 -9999 -9999 -9999 -9999 -9999 -9999 0 3 42 38 82 64 49 60 85 78 57 48 59 72 91 110 78 53 86 94 75 76 81 76 68 74 71 35 24 72 69 44 39 35 38 41 47 42 35 52 73 70 55 65 70 50 58 77 68 46 62 62 47 48 65 71 58 83 84 61 59 40 82 75 81 81 66 52 49 55 63 66 54
-9999 -9999 -9999 -9999 -9999 -9999 -9999 -9999 -9999 -9999 -9999 -9999 -9999 -9999 -9999 -9999 -9999 -9999 -9999 -9999 0 7 69 35 65 79 97 85 62 68 63 64 82 87 54 39 78 90 72 76 89 81 68 82 90 60 12 56 68 49 48 37 24 22 54 66 51 64 72 57 52 68 68 52 72 84 69 64 76 75 58 68 76 62 58 83 85 57 53 17 51 66 72 70 60 42 47 62 81 91 62
-9999 -9999 -9999 -9999 -9999 -9999 -9999 -9999 -9999 -9999 -9999 -9999 -9999 -9999 -9999 -9999 -9999 -9999 -9999 -9999 -9999 -9999 0 0 40 61 98 74 58 74 75 68 84 71 45 43 78 88 61 54 64 63 54 70 81 63 34 28 56 43 42 32 25 40 67 71 51 68 70 53 54 68 65 53 75 77 54 63 76 73 59 80 87 78 73 80 68 38 58 57 14 31 60 64 46 24 43 44 57 84 71
-9999 -9999 -9999 -9999 -9999 -9999 -9999 -9999 -9999 -9999 -9999 -9999 -9999 -9999 -9999 -9999 -9999 -9999 -9999 -9999 -9999 -9999 -9999 -9999 0 13 74 38 40 72 67 59 72 58 40 49 83 90 67 71 65 57 58 74 78 53 43 6 42 36 44 48 37 48 69 66 47 65 69 50 58 73 65 53 73 75 52 51 63 63 56 74 68 49 42 39 45 68 90 104 97 63 37 63 61 58 39 43 72 89 74
-9999 -9999 -9999 -9999 -9999 -9999 -9999 -9999 -9999 -9999 -9999 -9999 -9999 -9999 -9999 -9999 -9999 -9999 -9999 -9999 -9999 -9999 -9999 -9999 -9999 -9999 0 10 28 59 41 61 62 51 30 42 83 88 66 79 74 60 62 75 80 68 71 41 23 40 54 58 38 52 63 50 42 64 68 45 55 57 43 33 51 60 46 58 68 58 54 59 42 25 41 54 68 78 75 81 89 81 41 25 72 70 49 70 69 70 64
-9999 -9999 -9999 -9999 -9999 -9999 -9999 -9999 -9999 -9999 -9999 -9999 -9999 -9999 -9999 -9999 -9999 -9999 -9999 -9999 -9999 -9999 -9999 -9999 -9999 -9999 -9999 -9999 -9999 0 10 66 68 51 29 29 70 73 56 72 76 60 58 59 71 79 85 74 26 20 53 72 60 72 68 46 45 66 74 60 74 75 67 64 70 74 65 90 79 37 38 39 47 72 86 92 93 79 66 65 62 54 55 39 17 39 79 71 60 64 64
-9999 -9999 -9999 -9999 -9999 -9999 -9999 -9999 -9999 -9999 -9999 -9999 -9999 -9999 -9999 -9999 -9999 -9999 -9999 -9999 -9999 -9999 -9999 -9999 -9999 -9999 -9999 -9999 -9999 -9999 -9999 0 50 54 44 45 73 73 63 84 89 58 50 45 52 59 74 73 50 27 20 64 69 88 85 63 61 71 78 75 85 79 62 66 74 70 56 96 83 60 70 67 69 82 86 92 95 91 82 81 79 79 77 63 48 26 74 64 65 65 58
-9999 -9999 -9999 -9999 -9999 -9999 -9999 -9999 -9999 -9999 -9999 -9999 -9999 -9999 -9999 -9999 -9999 -9999 -9999 -9999 -9999 -9999 -9999 -9999 -9999 -9999 -9999 -9999 -9999 -9999 -9999 -9999 0 28 43 52 76 75 68 94 91 65 75 72 63 61 70 64 45 44 20 28 49 77 81 61 61 65 66 68 89 89 65 61 78 75 60 84 65 55 63 55 53 61 55 58 65 74 82 84 78 89 88 74 77 48 26 67 90 84 59
-9999 -9999 -9999 -9999 -9999 -9999 -9999 -9999 -9999 -9999 -9999 -9999 -9999 -9999 -9999 -9999 -9999 -9999 -9999 -9999 -9999 -9999 -9999 -9999 -9999 -9999 -9999 -9999 -9999 -9999 -9999 -9999 -9999 0 16 23 52 71 71 80 75 70 79 73 66 67 72 66 43 43 43 14 28 66 73 52 55 56 50 50 75 82 62 71 79 68 68 78 73 81 91 89 75 61 52 55 49 45 64 68 56 70 70 70 82 69 33 32 93 100 69
-9999 -9999 -9999 -9999 -9999 -9999 -9999 -9999 -9999 -9999 -9999 -9999 -9999 -9999 -9999 -9999 -9999 -9999 -9999 -9999 -9999 -9999 -9999 -9999 -9999 -9999 -9999 -9999 -9999 -9999 -9999 -9999 -9999 -9999 0 23 49 63 69 63 51 49 57 67 53 58 67 59 37 33 49 51 23 37 69 68 73 66 52 50 69 72 55 80 79 63 69 73 75 82 92 95 86 73 73 73 63 65 70 71 65 59 56 61 75 82 55 19 65 91 74
-9999 -9999 -9999 -9999 -9999 -9999 -9999 -9999 -9999 -9999 -9999 -9999 -9999 -9999 -9999 -9999 -9999 -9999 -9999 -9999 -9999 -9999 -9999 -9999 -9999 -9999 -9999 -9999 -9999 -9999 -9999 -9999 -9999 -9999 -9999 0 37 30 76 76 50 38 64 76 49 66 73 44 27 35 44 55 54 17 35 59 83 79 57 60 73 70 61 86 84 63 64 56 50 52 59 65 70 70 76 71 69 76 80 75 76 73 79 73 95 104 64 39 25 61 66
-9999 -9999 -9999 -9999 -9999 -9999 -9999 -9999 -9999 -9999 -9999 -9999 -9999 -9999 -9999 -9999 -9999 -9999 -9999 -9999 -9999 -9999 -9999 -9999 -9999 -9999 -9999 -9999 -9999 -9999 -9999 -9999 -9999 -9999 -9999 -9999 0 18 55 59 37 33 77 84 57 66 55 41 41 43 45 46 56 50 20 8 56 72 54 69 74 62 61 84 85 69 76 73 74 71 63 56 56 54 51 45 50 70 80 61 69 77 74 68 93 109 86 75 49 5 41
-9999 -9999 -9999 -9999 -9999 -9999 -9999 -9999 -9999 -9999 -9999 -9999 -9999 -9999 -9999 -9999 -9999 -9999 -9999 -9999 -9999 -9999 -9999 -9999 -9999 -9999 -9999 -9999 -9999 -9999 -9999 -9999 -9999 -9999 -9999 -9999 -9999 0 57 46 51 56 89 83 56 36 36 57 62 66 69 70 75 76 57 33 26 52 47 69 71 53 53 70 70 64 72 72 71 73 79 78 75 72 62 50 49 82 76 40 48 47 47 50 73 83 78 80 71 49 18
-9999 -9999 -9999 -9999 -9999 -9999 -9999 -9999 -9999 -9999 -9999 -9999 -9999 -9999 -9999 -9999 -9999 -9999 -9999 -9999 -9999 -9999 -9999 -9999 -9999 -9999 -9999 -9999 -9999 -9999 -9999 -9999 -9999 -9999 -9999 -9999 -9999 -9999 0 10 53 71 78 62 37 22 40 49 60 67 69 71 75 78 72 60 19 31 48 73 76 57 57 59 52 46 49 47 48 56 71 81 78 75 64 47 58 84 78 71 69 62 54 46 57 62 54 61 62 56 54
-9999 -9999 -9999 -9999 -9999 -9999 -9999 -9999 -9999 -9999 -9999 -9999 -9999 -9999 -9999 -9999 -9999 -9999 -9999 -9999 -9999 -9999 -9999 -9999 -9999 -9999 -9999 -9999 -9999 -9999 -9999 -9999 -9999 -9999 -9999 -9999 -9999 -9999 -9999 -9999 0 62 40 42 53 52 50 46 46 45 48 49 58 64 61 67 46 1 32 69 78 62 69 65 57 60 61 53 53 53 52 55 54 54 45 41 63 68 79 80 79 79 57 58 70 70 60 74 80 63 55
-9999 -9999 -9999 -9999 -9999 -9999 -9999 -9999 -9999 -9999 -9999 -9999 -9999 -9999 -9999 -9999 -9999 -9999 -9999 -9999 -9999 -9999 -9999 -9999 -9999 -9999 -9999 -9999 -9999 -9999 -9999 -9999 -9999 -9999 -9999 -9999 -9999 -9999 -9999 -9999 -9999 0 11 24 82 93 86 78 71 68 63 53 56 60 51 65 60 27 8 61 67 50 70 68 58 60 67 71 73 73 70 73 68 58 44 45 56 47 50 49 82 75 47 57 65 61 55 69 78 61 52
-9999 -9999 -9999 -9999 -9999 -9999 -9999 -9999 -9999 -9999 -9999 -9999 -9999 -9999 -9999 -9999 -9999 -9999 -9999 -9999 -9999 -9999 -9999 -9999 -9999 -9999 -9999 -9999 -9999 -9999 -9999 -9999 -9999 -9999 -9999 -9999 -9999 -9999 -9999 -9999 -9999 -9999 0 4 39 80 87 82 75 75 80 76 68 63 57 70 68 44 14 51 54 35 55 56 44 43 50 65 74 75 70 68 73 77 64 59 64 53 40 57 82 61 38 48 58 40 41 56 72 55 54
-9999 -9999 -9999 -9999 -9999 -9999 -9999 -9999 -9999 -9999 -9999 -9999 -9999 -9999 -9999 -9999 -9999 -9999 -9999 -9999 -9999 -9999 -9999 -9999 -9999 -9999 -9999 -9999 -9999 -9999 -9999 -9999 -9999 -9999 -9999 -9999 -9999 -9999 -9999 -9999 -9999 -9999 -9999 -9999 0 22 41 52 51 51 63 81 82 70 62 70 71 56 34 27 44 40 57 65 51 45 47 50 50 48 46 39 46 70 73 66 72 61 46 56 78 72 54 63 68 50 38 65 74 51 55
-9999 -9999 -9999 -9999 -9999 -9999 -9999 -9999 -9999 -9999 -9999 -9999 -9999 -9999 -9999 -9999 -9999 -9999 -9999 -9999 -9999 -9999 -9999 -9999 -9999 -9999 -9999 -9999 -9999 -9999 -9999 -9999 -9999 -9999 -9999 -9999 -9999 -9999 -9999 -9999 -9999 -9999 -9999 -9999 -9999 0 14 27 42 40 41 61 72 68 66 71 64 50 46 5 28 33 45 61 63 63 60 51 41 38 38 28 25 48 53 45 63 71 51 56 68 69 57 55 58 47 43 72 70 45 58
-9999 -9999 -9999 -9999 -9999 -9999 -9999 -9999 -9999 -9999 -9999 -9999 -9999 -9999 -9999 -9999 -9999 -9999 -9999 -9999 -9999 -9999 -9999 -9999 -9999 -9999 -9999 -9999 -9999 -9999 -9999 -9999 -9999 -9999 -9999 -9999 -9999 -9999 -9999 -9999 -9999 -9999 -9999 -9999 -9999 -9999 0 4 17 31 45 61 64 59 65 78 66 44 54 27 16 18 22 24 21 24 18 8 14 22 18 17 30 43 45 49 71 75 55 59 56 52 48 50 56 51 55 68 55 52 67
