data/Arrowhead/slope.asc
ncols        461
nrows        576
xllcorner    -1620000.000000000000
yllcorner    438000.000000000000
cellsize     100.000000000000
NODATA_value -9999
[rows 369 to 409 of 576, columns 182 to 272 of 461]
-9999 -9999 -9999 -9999 -9999 -9999 -9999 -9999 -9999 -9999 -9999 -9999 -9999 -9999 -9999 -9999 -9999 -9999 -9999 -9999 -9999 -9999 -9999 -9999 -9999 -9999 -9999 23 25 37 34 40 39 40 35 24 25 33 35 31 44 39 23 21 24 21 18 23 17 9 7 16 14 0 6 15 15 9 6 4 2 3 2 8 8 8 13 14 30 34 22 28 30 12 0 0 0 0 0 0 0 0 0 0 0 0 0 0 0 0 0
-9999 -9999 -9999 -9999 -9999 -9999 -9999 -9999 -9999 -9999 -9999 -9999 -9999 -9999 -9999 -9999 -9999 -9999 -9999 -9999 -9999 -9999 -9999 -9999 -9999 -9999 -9999 8 15 19 26 38 36 39 38 24 30 37 31 32 47 41 24 25 26 20 19 21 14 7 5 16 15 2 10 21 15 8 4 1 4 0 6 9 9 6 12 13 31 34 21 23 32 18 0 0 0 0 0 0 0 0 0 0 0 0 0 0 0 0 0
-9999 -9999 -9999 -9999 -9999 -9999 -9999 -9999 -9999 -9999 -9999 -9999 -9999 -9999 -9999 -9999 -9999 -9999 -9999 -9999 -9999 -9999 -9999 -9999 -9999 -9999 -9999 10 19 23 22 26 29 41 38 22 35 40 28 30 48 44 26 29 25 17 18 20 13 6 7 15 14 4 13 23 10 0 3 4 5 3 13 12 12 10 15 17 33 35 22 20 31 23 2 0 0 0 0 0 0 0 0 0 0 0 0 0 0 0 0
-9999 -9999 -9999 -9999 -9999 -9999 -9999 -9999 -9999 -9999 -9999 -9999 -9999 -9999 -9999 -9999 -9999 -9999 -9999 -9999 -9999 -9999 -9999 -9999 -9999 -9999 -9999 33 36 39 36 38 40 48 39 22 37 41 27 30 48 45 28 33 27 16 18 18 11 5 7 14 13 4 14 24 9 5 6 6 6 8 18 10 9 8 14 19 37 38 21 20 28 22 7 1 0 0 0 0 0 0 0 0 0 0 0 0 0 0 0
-9999 -9999 -9999 -9999 -9999 -9999 -9999 -9999 -9999 -9999 -9999 -9999 -9999 -9999 -9999 -9999 -9999 -9999 -9999 -9999 -9999 -9999 -9999 -9999 -9999 -9999 -9999 30 27 30 30 37 50 56 38 27 40 43 28 34 47 40 30 36 30 18 19 18 10 4 7 13 11 4 11 25 11 7 7 6 9 12 23 12 6 1 9 15 38 43 22 23 24 17 11 3 0 0 0 0 0 0 0 0 0 0 0 0 0 0 0
-9999 -9999 -9999 -9999 -9999 -9999 -9999 -9999 -9999 -9999 -9999 -9999 -9999 -9999 -9999 -9999 -9999 -9999 -9999 -9999 -9999 -9999 -9999 -9999 -9999 -9999 -9999 9 11 11 14 26 51 58 39 31 41 44 28 42 49 33 31 40 34 19 21 17 8 5 7 11 8 5 5 23 17 3 11 7 5 11 23 20 16 9 10 8 33 47 25 25 22 15 13 5 0 0 0 0 0 0 0 0 0 0 0 0 0 0 0
-9999 -9999 -9999 -9999 -9999 -9999 -9999 -9999 -9999 -9999 -9999 -9999 -9999 -9999 -9999 -9999 -9999 -9999 -9999 -9999 -9999 -9999 -9999 -9999 -9999 -9999 -9999 3 8 11 16 26 47 54 41 35 44 46 28 45 50 30 30 44 38 20 20 14 7 6 8 9 7 7 0 18 20 3 11 10 1 7 15 16 16 8 8 6 25 43 29 28 24 14 15 8 0 0 0 0 0 0 0 0 0 0 0 0 0 0 0
-9999 -9999 -9999 -9999 -9999 -9999 -9999 -9999 -9999 -9999 -9999 -9999 -9999 -9999 -9999 -9999 -9999 -9999 -9999 -9999 -9999 -9999 -9999 -9999 -9999 -9999 -9999 4 7 12 21 32 50 54 42 41 46 44 31 45 51 33 34 45 36 20 17 12 7 7 9 9 8 8 4 13 20 9 12 10 2 7 11 11 17 9 8 10 22 34 29 30 24 12 18 12 0 0 0 0 0 0 0 0 0 0 0 0 0 0 0
-9999 -9999 -9999 -9999 -9999 -9999 -9999 -9999 -9999 -9999 -9999 -9999 -9999 -9999 -9999 -9999 -9999 -9999 -9999 -9999 -9999 -9999 -9999 -9999 -9999 -9999 -9999 5 5 10 14 28 52 54 40 49 46 38 36 46 51 36 42 42 28 20 18 12 6 6 7 8 8 8 6 7 15 8 10 8 2 8 13 14 13 5 6 15 24 28 28 30 22 9 19 15 0 0 0 0 0 0 0 0 0 0 0 0 0 0 0
-9999 -9999 -9999 -9999 -9999 -9999 -9999 -9999 -9999 -9999 -9999 -9999 -9999 -9999 -9999 -9999 -9999 -9999 -9999 -9999 -9999 -9999 -9999 -9999 -9999 -9999 -9999 4 4 8 7 23 54 55 37 52 46 35 38 48 49 38 51 45 25 20 18 13 6 6 5 7 8 7 7 6 9 4 7 4 5 9 13 16 9 2 5 18 26 26 30 28 16 8 21 17 0 0 0 0 0 0 0 0 0 0 0 0 0 0 0
-9999 -9999 -9999 -9999 -9999 -9999 -9999 -9999 -9999 -9999 -9999 -9999 -9999 -9999 -9999 -9999 -9999 -9999 -9999 -9999 -9999 -9999 -9999 -9999 -9999 -9999 -9999 2 2 5 2 25 55 51 37 49 45 36 39 46 46 38 55 49 26 21 19 14 7 5 4 6 7 6 6 4 3 4 5 2 7 10 11 16 9 1 4 18 26 28 34 25 10 7 22 19 0 0 0 0 0 0 0 0 0 0 0 0 0 0 0
-9999 -9999 -9999 -9999 -9999 -9999 -9999 -9999 -9999 -9999 -9999 -9999 -9999 -9999 -9999 -9999 -9999 -9999 -9999 -9999 -9999 -9999 -9999 -9999 -9999 -9999 -9999 0 3 4 2 30 52 42 37 47 45 38 46 45 41 39 59 53 26 23 20 12 7 4 3 5 5 4 5 3 1 4 6 4 10 12 10 14 10 4 5 18 27 31 39 25 8 7 21 19 1 0 0 0 0 0 0 0 0 0 0 0 0 0 0
-9999 -9999 -9999 -9999 -9999 -9999 -9999 -9999 -9999 -9999 -9999 -9999 -9999 -9999 -9999 -9999 -9999 -9999 -9999 -9999 -9999 -9999 -9999 -9999 -9999 -9999 -9999 -9999 5 4 5 32 51 37 35 47 45 36 54 50 37 40 62 58 28 28 21 8 6 4 3 5 4 2 2 3 4 6 5 4 13 13 8 12 11 5 1 15 24 32 43 28 9 7 16 18 5 0 0 0 0 0 0 0 0 0 0 0 0 0 0
-9999 -9999 -9999 -9999 -9999 -9999 -9999 -9999 -9999 -9999 -9999 -9999 -9999 -9999 -9999 -9999 -9999 -9999 -9999 -9999 -9999 -9999 -9999 -9999 -9999 -9999 -9999 -9999 7 7 7 30 48 35 33 46 45 31 56 55 34 38 64 63 30 31 21 6 4 4 4 5 4 1 1 3 5 7 5 5 14 12 9 11 11 6 1 13 22 31 42 29 11 9 11 17 12 3 0 0 0 0 0 0 0 0 0 0 0 0 0
-9999 -9999 -9999 -9999 -9999 -9999 -9999 -9999 -9999 -9999 -9999 -9999 -9999 -9999 -9999 -9999 -9999 -9999 -9999 -9999 -9999 -9999 -9999 -9999 -9999 -9999 -9999 -9999 8 7 6 29 43 33 38 49 41 28 58 59 33 41 63 59 34 33 23 5 3 5 5 6 4 1 1 3 6 7 4 4 12 11 10 12 11 8 1 15 23 30 38 26 11 10 9 14 15 5 0 0 0 0 0 0 0 0 0 0 0 0 0
-9999 -9999 -9999 -9999 -9999 -9999 -9999 -9999 -9999 -9999 -9999 -9999 -9999 -9999 -9999 -9999 -9999 -9999 -9999 -9999 -9999 -9999 -9999 -9999 -9999 -9999 -9999 -9999 5 6 7 27 36 29 47 54 33 27 58 59 33 49 59 52 41 36 23 5 3 5 6 6 4 1 2 4 7 6 3 3 10 12 11 13 14 10 3 16 26 30 37 26 11 9 7 13 17 7 0 0 0 0 0 0 0 0 0 0 0 0 0
-9999 -9999 -9999 -9999 -9999 -9999 -9999 -9999 -9999 -9999 -9999 -9999 -9999 -9999 -9999 -9999 -9999 -9999 -9999 -9999 -9999 -9999 -9999 -9999 -9999 -9999 -9999 -9999 5 6 10 27 32 26 53 56 31 28 57 56 31 52 57 49 48 41 24 6 6 7 5 4 4 3 2 5 6 4 2 1 8 12 11 12 15 13 8 11 29 37 40 24 11 8 7 15 18 10 1 0 0 0 0 0 0 0 0 0 0 0 0
-9999 -9999 -9999 -9999 -9999 -9999 -9999 -9999 -9999 -9999 -9999 -9999 -9999 -9999 -9999 -9999 -9999 -9999 -9999 -9999 -9999 -9999 -9999 -9999 -9999 -9999 -9999 -9999 9 10 14 29 31 28 51 53 31 34 55 49 29 49 54 46 50 46 27 6 8 7 3 3 3 4 4 5 5 3 2 1 5 10 11 11 14 15 14 1 25 47 44 19 11 6 5 12 19 13 3 0 0 0 0 0 0 0 0 0 0 0 0
-9999 -9999 -9999 -9999 -9999 -9999 -9999 -9999 -9999 -9999 -9999 -9999 -9999 -9999 -9999 -9999 -9999 -9999 -9999 -9999 -9999 -9999 -9999 -9999 -9999 -9999 -9999 -9999 11 11 21 33 33 30 47 50 32 43 52 40 33 52 55 45 49 46 26 8 8 6 3 3 4 4 5 5 4 3 2 2 4 9 13 13 14 18 18 7 21 50 44 17 11 9 6 8 17 15 3 0 0 0 0 0 0 0 0 0 0 0 0
-9999 -9999 -9999 -9999 -9999 -9999 -9999 -9999 -9999 -9999 -9999 -9999 -9999 -9999 -9999 -9999 -9999 -9999 -9999 -9999 -9999 -9999 -9999 -9999 -9999 -9999 -9999 -9999 7 10 26 35 35 32 43 47 33 49 51 38 38 54 57 44 51 41 23 13 8 6 3 4 4 4 5 5 4 3 4 3 3 5 10 13 16 20 22 12 17 45 44 19 13 12 8 6 17 16 2 0 0 0 0 0 0 0 0 0 0 0 0
-9999 -9999 -9999 -9999 -9999 -9999 -9999 -9999 -9999 -9999 -9999 -9999 -9999 -9999 -9999 -9999 -9999 -9999 -9999 -9999 -9999 -9999 -9999 -9999 -9999 -9999 -9999 -9999 4 9 27 38 36 37 43 39 32 50 53 39 37 53 58 43 55 45 23 16 10 8 4 5 5 5 4 6 5 4 5 4 4 5 6 11 15 20 21 11 10 33 44 27 18 15 9 6 18 15 1 0 0 0 0 0 0 0 0 0 0 0 0
-9999 -9999 -9999 -9999 -9999 -9999 -9999 -9999 -9999 -9999 -9999 -9999 -9999 -9999 -9999 -9999 -9999 -9999 -9999 -9999 -9999 -9999 -9999 -9999 -9999 -9999 -9999 -9999 0 7 26 40 37 48 46 31 30 52 58 42 39 50 52 38 53 48 24 16 10 8 5 6 7 5 4 6 6 3 5 4 4 7 6 7 12 20 19 7 4 19 39 36 28 18 8 8 19 16 3 0 0 0 0 0 0 0 0 0 0 0 0
-9999 -9999 -9999 -9999 -9999 -9999 -9999 -9999 -9999 -9999 -9999 -9999 -9999 -9999 -9999 -9999 -9999 -9999 -9999 -9999 -9999 -9999 -9999 -9999 -9999 -9999 -9999 -9999 -9999 7 22 39 35 53 51 29 29 54 61 41 45 50 43 39 53 48 26 19 11 8 5 6 6 5 5 6 6 4 4 4 2 4 5 6 11 21 19 6 3 8 28 40 41 25 7 7 17 19 8 1 0 0 0 0 0 0 0 0 0 0 0
-9999 -9999 -9999 -9999 -9999 -9999 -9999 -9999 -9999 -9999 -9999 -9999 -9999 -9999 -9999 -9999 -9999 -9999 -9999 -9999 -9999 -9999 -9999 -9999 -9999 -9999 -9999 -9999 -9999 1 16 34 34 51 50 28 30 57 62 38 51 51 37 39 54 47 26 24 17 10 8 7 6 4 7 7 5 5 5 4 2 2 4 6 9 22 22 8 6 6 19 38 54 36 7 6 13 17 10 2 0 0 0 0 0 0 0 0 0 0 0
-9999 -9999 -9999 -9999 -9999 -9999 -9999 -9999 -9999 -9999 -9999 -9999 -9999 -9999 -9999 -9999 -9999 -9999 -9999 -9999 -9999 -9999 -9999 -9999 -9999 -9999 -9999 -9999 -9999 7 13 31 35 49 45 27 35 59 55 36 53 52 34 42 53 40 21 24 21 14 10 8 7 4 7 8 5 4 5 3 3 2 3 5 5 20 24 13 11 8 11 26 59 48 11 11 16 17 9 1 0 0 0 0 0 0 0 0 0 0 0
-9999 -9999 -9999 -9999 -9999 -9999 -9999 -9999 -9999 -9999 -9999 -9999 -9999 -9999 -9999 -9999 -9999 -9999 -9999 -9999 -9999 -9999 -9999 -9999 -9999 -9999 -9999 -9999 -9999 4 14 27 34 47 43 29 50 61 45 37 54 54 36 49 49 28 18 20 20 14 13 10 8 5 7 7 5 4 5 4 4 4 3 5 4 18 23 16 18 9 6 17 57 54 17 15 20 14 5 0 0 0 0 0 0 0 0 0 0 0 0
-9999 -9999 -9999 -9999 -9999 -9999 -9999 -9999 -9999 -9999 -9999 -9999 -9999 -9999 -9999 -9999 -9999 -9999 -9999 -9999 -9999 -9999 -9999 -9999 -9999 -9999 -9999 -9999 -9999 0 13 19 33 46 44 33 55 56 37 37 54 53 35 48 43 26 22 23 21 13 16 13 6 6 8 8 5 6 6 5 4 4 2 5 5 16 21 19 23 14 9 20 53 51 24 18 22 15 4 0 0 0 0 0 0 0 0 0 0 0 0
-9999 -9999 -9999 -9999 -9999 -9999 -9999 -9999 -9999 -9999 -9999 -9999 -9999 -9999 -9999 -9999 -9999 -9999 -9999 -9999 -9999 -9999 -9999 -9999 -9999 -9999 -9999 -9999 -9999 -9999 0 16 35 44 41 34 58 58 37 43 55 45 30 43 42 26 23 26 21 17 23 17 6 6 9 9 6 8 7 4 3 4 1 4 8 16 21 25 26 18 11 28 47 45 35 25 21 18 8 0 0 0 0 0 0 0 0 0 0 0 0
-9999 -9999 -9999 -9999 -9999 -9999 -9999 -9999 -9999 -9999 -9999 -9999 -9999 -9999 -9999 -9999 -9999 -9999 -9999 -9999 -9999 -9999 -9999 -9999 -9999 -9999 -9999 -9999 -9999 -9999 0 18 36 41 34 35 62 62 40 54 55 36 28 38 39 24 21 21 18 17 26 22 7 7 9 9 8 9 8 4 3 4 1 3 9 14 20 29 30 19 6 30 41 39 43 34 21 19 14 3 0 0 0 0 0 0 0 0 0 0 0
-9999 -9999 -9999 -9999 -9999 -9999 -9999 -9999 -9999 -9999 -9999 -9999 -9999 -9999 -9999 -9999 -9999 -9999 -9999 -9999 -9999 -9999 -9999 -9999 -9999 -9999 -9999 -9999 -9999 -9999 0 16 28 40 32 39 67 63 40 55 49 30 27 38 37 20 20 21 16 14 27 24 7 7 8 7 9 11 9 5 5 5 2 3 9 14 19 35 36 17 1 25 33 31 43 40 22 16 17 7 0 0 0 0 0 0 0 0 0 0 0
-9999 -9999 -9999 -9999 -9999 -9999 -9999 -9999 -9999 -9999 -9999 -9999 -9999 -9999 -9999 -9999 -9999 -9999 -9999 -9999 -9999 -9999 -9999 -9999 -9999 -9999 -9999 -9999 -9999 -9999 -9999 2 25 34 33 46 69 58 40 53 47 29 28 34 43 49 46 37 25 20 30 26 10 8 7 6 8 11 9 5 8 6 2 3 7 14 20 43 39 9 1 21 29 28 46 44 21 14 19 10 0 0 0 0 0 0 0 0 0 0 0
-9999 -9999 -9999 -9999 -9999 -9999 -9999 -9999 -9999 -9999 -9999 -9999 -9999 -9999 -9999 -9999 -9999 -9999 -9999 -9999 -9999 -9999 -9999 -9999 -9999 -9999 -9999 -9999 -9999 -9999 -9999 0 23 23 34 57 67 48 43 53 45 25 25 34 55 62 59 47 31 29 33 28 21 17 11 8 8 10 9 5 11 7 2 2 5 13 22 46 40 6 3 17 23 24 51 49 18 15 21 13 0 0 0 0 0 0 0 0 0 0 0
-9999 -9999 -9999 -9999 -9999 -9999 -9999 -9999 -9999 -9999 -9999 -9999 -9999 -9999 -9999 -9999 -9999 -9999 -9999 -9999 -9999 -9999 -9999 -9999 -9999 -9999 -9999 -9999 -9999 -9999 -9999 -9999 2 17 34 62 66 45 42 49 52 42 41 43 38 40 58 51 34 38 35 27 26 24 18 10 11 11 8 5 11 8 1 3 4 15 27 46 39 6 6 15 19 18 49 52 24 18 24 16 0 0 0 0 0 0 0 0 0 0 0
-9999 -9999 -9999 -9999 -9999 -9999 -9999 -9999 -9999 -9999 -9999 -9999 -9999 -9999 -9999 -9999 -9999 -9999 -9999 -9999 -9999 -9999 -9999 -9999 -9999 -9999 -9999 -9999 -9999 -9999 -9999 -9999 0 18 29 59 63 43 42 55 71 71 64 58 53 56 71 62 44 50 41 25 25 30 25 14 18 16 7 6 9 8 2 3 5 17 32 45 36 4 6 13 18 15 39 50 31 22 24 15 0 0 0 0 0 0 0 0 0 0 0
-9999 -9999 -9999 -9999 -9999 -9999 -9999 -9999 -9999 -9999 -9999 -9999 -9999 -9999 -9999 -9999 -9999 -9999 -9999 -9999 -9999 -9999 -9999 -9999 -9999 -9999 -9999 -9999 -9999 -9999 -9999 -9999 0 14 20 54 57 39 39 41 48 56 58 55 55 59 75 76 67 72 61 44 41 40 32 21 26 24 10 6 7 8 4 1 6 20 35 45 31 4 3 9 17 17 34 48 36 28 25 11 0 0 0 0 0 0 0 0 0 0 0
-9999 -9999 -9999 -9999 -9999 -9999 -9999 -9999 -9999 -9999 -9999 -9999 -9999 -9999 -9999 -9999 -9999 -9999 -9999 -9999 -9999 -9999 -9999 -9999 -9999 -9999 -9999 -9999 -9999 -9999 -9999 -9999 -9999 6 17 49 54 36 33 33 34 33 33 34 37 49 61 66 64 71 64 52 53 63 70 63 57 45 25 14 8 7 7 3 6 21 37 46 27 3 2 5 15 18 34 46 36 33 28 10 1 0 0 0 0 0 0 0 0 0 0
-9999 -9999 -9999 -9999 -9999 -9999 -9999 -9999 -9999 -9999 -9999 -9999 -9999 -9999 -9999 -9999 -9999 -9999 -9999 -9999 -9999 -9999 -9999 -9999 -9999 -9999 -9999 -9999 -9999 -9999 -9999 -9999 -9999 0 7 38 47 34 37 39 40 44 47 47 42 49 53 48 50 51 49 42 47 73 89 87 83 68 39 26 11 7 10 7 1 21 43 48 22 1 3 5 14 19 33 39 33 40 34 11 1 0 0 0 0 0 0 0 0 0 0
-9999 -9999 -9999 -9999 -9999 -9999 -9999 -9999 -9999 -9999 -9999 -9999 -9999 -9999 -9999 -9999 -9999 -9999 -9999 -9999 -9999 -9999 -9999 -9999 -9999 -9999 -9999 -9999 -9999 -9999 -9999 -9999 -9999 -9999 3 28 29 26 34 38 40 45 50 52 54 58 59 52 60 67 60 41 51 60 67 72 87 80 50 39 17 5 9 11 5 18 51 50 16 4 4 6 13 20 29 29 30 44 37 12 2 0 0 0 0 0 0 0 0 0 0
-9999 -9999 -9999 -9999 -9999 -9999 -9999 -9999 -9999 -9999 -9999 -9999 -9999 -9999 -9999 -9999 -9999 -9999 -9999 -9999 -9999 -9999 -9999 -9999 -9999 -9999 -9999 -9999 -9999 -9999 -9999 -9999 -9999 -9999 8 18 19 25 31 36 37 37 36 39 47 65 68 57 66 73 70 68 86 86 86 88 107 98 60 53 27 4 6 11 10 11 50 55 19 7 3 5 11 24 27 21 30 45 35 13 3 0 0 0 0 0 0 0 0 0 0
-9999 -9999 -9999 -9999 -9999 -9999 -9999 -9999 -9999 -9999 -9999 -9999 -9999 -9999 -9999 -9999 -9999 -9999 -9999 -9999 -9999 -9999 -9999 -9999 -9999 -9999 -9999 -9999 -9999 -9999 -9999 -9999 -9999 -9999 0 10 19 27 33 41 44 42 37 34 33 59 66 54 57 64 53 78 86 75 71 73 100 97 69 68 40 8 8 12 10 5 43 53 22 9 5 4 13 29 29 23 32 41 31 14 5 0 0 0 0 0 0 0 0 0 0
-9999 -9999 -9999 -9999 -9999 -9999 -9999 -9999 -9999 -9999 -9999 -9999 -9999 -9999 -9999 -9999 -9999 -9999 -9999 -9999 -9999 -9999 -9999 -9999 -9999 -9999 -9999 -9999 -9999 -9999 -9999 -9999 -9999 -9999 0 10 13 18 22 28 32 35 38 38 36 54 62 51 68 66 48 60 54 37 46 75 93 77 67 73 48 11 12 13 9 1 36 48 29 17 10 4 18 36 37 27 31 34 24 13 6 0 0 0 0 0 0 0 0 0 0
