data/Arrowhead/Fire1/elevation.asc
ncols 127
nrows 126
xllcorner -1620000
yllcorner 438000
cellsize 100
NODATA_value -9999
[rows 38 to 75 of 126, columns 0 to 83 of 127]
1959 1954 1980 2046 2083 2121 2150 2192 2203 2214 2194 2096 2033 1983 1858 1798 1794 1804 1790 1772 1738 1657 1679 1714 1788 1812 1817 1782 1718 1688 1654 1721 1759 1754 1774 1842 1790 1747 1711 1729 1719 1726 1830 1884 1896 1881 1841 1841 1854 1855 1817 1792 1770 1732 1705 1674 1627 1601 1567 1527 1436 1381 1331 1257 1225 1246 1279 1358 1406 1432 1490 1554 1631 1694 1719 1750 1816 1925 1928 1929 1888 1777 1736 1706
1962 1957 1973 2033 2063 2097 2123 2170 2186 2198 2186 2120 2054 1982 1834 1795 1794 1795 1808 1794 1768 1685 1721 1762 1840 1878 1880 1828 1756 1718 1697 1726 1770 1816 1869 1883 1822 1775 1749 1762 1739 1742 1837 1905 1933 1891 1872 1871 1870 1841 1814 1794 1756 1741 1717 1685 1631 1601 1566 1529 1429 1382 1334 1250 1239 1270 1309 1395 1451 1482 1502 1568 1640 1698 1771 1786 1851 1966 1965 1908 1848 1750 1735 1709
1958 1958 1958 2002 2032 2060 2118 2145 2157 2171 2169 2107 2042 1905 1832 1796 1794 1794 1798 1792 1792 1797 1802 1812 1886 1938 1919 1866 1789 1757 1759 1760 1784 1821 1878 1879 1830 1795 1762 1771 1762 1783 1883 1948 1967 1915 1896 1885 1880 1851 1832 1808 1766 1749 1724 1694 1626 1592 1558 1472 1415 1362 1308 1255 1287 1322 1413 1473 1494 1529 1532 1567 1638 1770 1821 1840 1888 2002 1950 1889 1833 1760 1741 1727
1959 1958 1960 1988 2015 2037 2078 2099 2133 2159 2153 2085 2025 1914 1845 1802 1794 1793 1792 1786 1795 1819 1845 1869 1969 1975 1936 1855 1833 1837 1813 1806 1813 1826 1925 1885 1841 1823 1777 1779 1779 1809 1908 1967 1976 1936 1928 1919 1906 1884 1853 1827 1778 1751 1714 1680 1605 1576 1538 1445 1389 1336 1285 1272 1311 1352 1441 1499 1569 1618 1661 1641 1659 1789 1857 1892 1937 2019 1946 1884 1809 1778 1774 1761
1995 1990 1970 1985 2005 2024 2065 2090 2135 2184 2159 2116 2074 1998 1954 1830 1801 1793 1796 1791 1801 1829 1866 1902 1979 1961 1923 1851 1833 1840 1865 1891 1890 1880 1927 1897 1866 1838 1802 1798 1812 1883 1931 1975 1991 1952 1941 1930 1893 1879 1859 1828 1762 1722 1680 1638 1549 1522 1472 1411 1359 1311 1269 1298 1342 1387 1475 1513 1582 1634 1716 1709 1702 1796 1862 1925 1979 2034 1974 1929 1858 1813 1813 1801
2037 2028 1994 2001 2015 2033 2073 2105 2152 2204 2179 2150 2117 2028 1995 1950 1882 1813 1818 1841 1878 1849 1874 1906 1971 1936 1900 1833 1832 1834 1859 1916 1923 1916 1936 1910 1899 1889 1881 1863 1858 1917 1979 1995 2011 1963 1955 1933 1899 1872 1843 1811 1738 1692 1651 1577 1530 1473 1438 1346 1298 1271 1309 1349 1387 1420 1530 1541 1583 1646 1769 1785 1774 1817 1880 1941 1994 2050 2000 1958 1894 1873 1860 1849
2113 2133 2052 2066 2094 2068 2115 2137 2169 2196 2178 2155 2125 2040 2014 1968 1858 1826 1817 1838 1902 1920 1917 1971 1919 1888 1872 1832 1832 1832 1893 1930 1964 1954 1939 1930 1926 1915 1900 1880 1879 1941 2011 2053 2034 1963 1932 1909 1876 1862 1814 1786 1707 1663 1624 1554 1510 1456 1400 1317 1284 1273 1331 1379 1421 1477 1605 1651 1665 1712 1768 1845 1849 1847 1913 1983 2073 2061 2023 1979 1921 1901 1888 1878
2148 2153 2078 2079 2096 2141 2200 2243 2236 2131 2099 2101 2118 2045 2034 1990 1872 1834 1815 1832 1898 1934 1955 1976 1907 1881 1885 1846 1845 1847 1895 1947 1997 2005 1961 1962 1957 1939 1918 1900 1900 1966 2028 2046 1975 1942 1913 1888 1856 1828 1789 1740 1648 1612 1576 1484 1478 1431 1375 1305 1279 1286 1358 1407 1458 1513 1628 1691 1719 1743 1779 1848 1918 1972 1989 2045 1982 1967 2003 1995 1959 1939 1921 1879
2169 2157 2147 2126 2125 2212 2244 2266 2213 2119 2062 2055 2054 2038 2041 2032 1933 1879 1825 1825 1892 1926 1957 1996 1925 1903 1905 1904 1870 1868 1916 1955 1994 2021 2017 2013 2007 1974 1959 1943 1910 1968 2018 2019 1937 1904 1885 1868 1834 1805 1771 1681 1627 1585 1539 1448 1409 1366 1297 1286 1301 1338 1389 1438 1490 1545 1658 1722 1772 1795 1809 1848 1923 2040 2034 2040 1955 1909 1889 1887 1897 1883 1848 1758
2161 2173 2211 2199 2181 2234 2277 2249 2194 2108 2054 2020 2018 2024 2035 2037 1970 1906 1853 1831 1853 1880 1912 2001 1978 1965 1957 1947 1907 1895 1926 1947 1983 2032 2044 2034 2021 1997 1980 1958 1939 1969 1989 1946 1882 1854 1855 1847 1809 1770 1735 1666 1623 1571 1514 1418 1377 1337 1292 1307 1326 1364 1455 1508 1562 1668 1734 1793 1819 1851 1858 1886 1992 2011 2005 1978 1930 1875 1838 1832 1849 1817 1790 1686
2172 2182 2234 2262 2270 2290 2254 2230 2203 2105 2049 2001 2006 2014 2027 2035 1986 1931 1878 1831 1844 1867 1903 1988 2031 2075 2046 2023 1986 1975 1983 1972 2007 2072 2066 2052 2035 2007 1990 1969 1960 2001 1982 1950 1884 1857 1824 1808 1752 1722 1691 1613 1570 1548 1493 1397 1357 1326 1306 1334 1357 1391 1486 1544 1600 1704 1780 1839 1890 1970 1980 2006 1972 1925 1908 1934 1880 1837 1792 1777 1781 1757 1720 1636
2202 2216 2235 2266 2282 2292 2259 2231 2218 2105 2057 2016 1995 1995 1993 2020 1986 1949 1902 1847 1845 1864 1903 1991 2030 2078 2087 2057 2045 2041 2044 2058 2079 2123 2128 2111 2079 2022 2004 1994 1962 1981 1965 1938 1881 1850 1807 1764 1727 1690 1658 1575 1538 1491 1392 1350 1322 1309 1346 1356 1387 1422 1521 1582 1639 1752 1824 1880 1936 2022 2045 2069 1975 1919 1866 1846 1779 1748 1718 1674 1662 1710 1666 1592
2236 2244 2258 2283 2292 2285 2256 2239 2193 2121 2064 2032 2001 2008 2014 1969 1959 1933 1896 1853 1852 1868 1904 1999 2037 2075 2119 2107 2105 2099 2083 2118 2134 2153 2152 2142 2113 2085 2048 2014 1935 1907 1904 1910 1865 1839 1797 1739 1704 1663 1627 1551 1503 1457 1369 1334 1320 1323 1375 1414 1451 1522 1580 1632 1691 1802 1863 1919 2041 2065 2077 2057 1982 1919 1854 1806 1743 1700 1671 1625 1612 1602 1575 1512
2310 2317 2314 2316 2320 2293 2265 2255 2221 2156 2095 2057 2019 2020 2036 1951 1931 1911 1887 1856 1868 1889 1972 2016 2047 2072 2115 2135 2138 2117 2119 2173 2196 2184 2152 2125 2097 2039 2002 1965 1913 1879 1864 1847 1795 1794 1769 1680 1636 1602 1600 1517 1480 1425 1349 1330 1333 1344 1405 1450 1491 1550 1600 1659 1721 1866 1935 2007 2071 2016 1991 1964 1957 1910 1850 1744 1707 1667 1627 1568 1563 1546 1509 1480
2304 2357 2348 2343 2349 2339 2315 2297 2271 2243 2197 2131 2038 2041 2051 1972 1923 1893 1883 1875 1898 1920 1991 2027 2055 2074 2104 2117 2144 2212 2212 2246 2244 2200 2131 2087 2012 1987 1960 1926 1884 1855 1821 1793 1764 1754 1737 1658 1615 1572 1535 1459 1411 1377 1333 1340 1346 1368 1436 1484 1531 1598 1622 1685 1751 1900 1969 2043 2061 2014 1972 1938 1892 1857 1806 1691 1642 1596 1589 1531 1515 1493 1474 1454
2274 2363 2374 2375 2389 2390 2350 2327 2296 2272 2219 2106 2096 2096 2101 2004 1948 1914 1885 1893 1924 1945 2000 2033 2057 2074 2092 2106 2133 2239 2258 2275 2249 2177 2144 2078 1953 1923 1896 1870 1851 1826 1791 1758 1733 1721 1705 1632 1596 1551 1461 1429 1396 1362 1345 1371 1403 1471 1497 1539 1596 1697 1676 1720 1865 1933 2005 2064 2040 2003 1968 1930 1859 1831 1784 1666 1614 1570 1532 1471 1457 1440 1418 1405
2239 2327 2380 2403 2450 2454 2392 2358 2311 2282 2218 2142 2118 2115 2131 2037 1980 1947 1931 1944 1955 1969 2003 2029 2054 2073 2084 2100 2127 2219 2246 2264 2234 2138 2098 2051 1941 1910 1884 1854 1801 1770 1739 1688 1673 1667 1678 1607 1567 1523 1440 1401 1377 1352 1371 1404 1447 1502 1540 1559 1610 1733 1784 1809 1917 1991 2044 2026 1978 1980 1942 1865 1829 1798 1754 1652 1596 1548 1473 1448 1440 1427 1407 1408
2223 2295 2329 2355 2404 2454 2475 2442 2354 2287 2221 2150 2136 2135 2145 2093 2038 1996 1983 1981 1986 1991 2013 2030 2048 2061 2059 2071 2092 2146 2170 2225 2156 2111 2056 2021 1946 1908 1871 1816 1782 1748 1712 1650 1634 1629 1613 1549 1511 1476 1405 1380 1368 1355 1398 1435 1486 1545 1577 1597 1629 1748 1813 1861 1957 2021 2026 1999 1948 1918 1899 1850 1812 1761 1711 1636 1589 1540 1459 1435 1425 1419 1420 1443
2220 2244 2276 2292 2355 2396 2443 2459 2378 2331 2286 2191 2171 2170 2176 2135 2093 2057 2037 2024 2032 2039 2037 2039 2046 2048 2039 2047 2067 2106 2128 2141 2115 2083 2054 2016 1938 1906 1873 1802 1765 1728 1693 1623 1604 1594 1555 1519 1485 1454 1391 1378 1386 1430 1462 1508 1553 1637 1649 1643 1662 1757 1827 1892 1997 2025 1998 1972 1913 1878 1867 1830 1793 1739 1691 1593 1560 1524 1451 1431 1418 1414 1441 1476
2175 2196 2222 2258 2313 2358 2405 2432 2384 2370 2340 2216 2199 2191 2182 2180 2181 2177 2126 2106 2108 2069 2068 2052 2046 2032 2008 2014 2035 2064 2086 2102 2093 2076 2057 2020 1935 1910 1875 1791 1751 1718 1689 1609 1577 1560 1527 1491 1462 1433 1390 1395 1411 1472 1512 1555 1595 1684 1699 1723 1761 1783 1833 1904 2032 2011 1979 1915 1876 1840 1816 1794 1758 1716 1675 1574 1532 1504 1443 1427 1420 1432 1471 1510
2119 2130 2151 2173 2239 2265 2356 2400 2353 2329 2330 2258 2239 2234 2207 2209 2212 2212 2169 2138 2126 2092 2078 2037 2012 1989 1964 1942 2004 2028 2047 2057 2065 2058 2051 1970 1936 1910 1875 1794 1759 1730 1693 1610 1568 1531 1464 1447 1428 1417 1395 1414 1437 1510 1553 1596 1640 1726 1769 1769 1796 1802 1842 1911 2035 2001 1969 1897 1863 1833 1798 1740 1732 1696 1617 1564 1516 1482 1438 1428 1424 1452 1478 1518
2102 2113 2124 2138 2190 2211 2265 2341 2285 2227 2215 2213 2270 2256 2233 2235 2241 2230 2202 2156 2117 2070 2065 2021 1997 1964 1941 1910 1929 1955 1966 1972 1991 1990 2017 1978 1947 1909 1871 1795 1766 1734 1660 1615 1567 1527 1457 1440 1425 1420 1438 1466 1506 1597 1639 1685 1690 1780 1824 1816 1840 1838 1857 1920 2026 1990 1960 1885 1855 1822 1787 1733 1696 1658 1612 1569 1525 1485 1436 1430 1428 1454 1480 1527
2075 2079 2093 2144 2156 2190 2252 2309 2255 2193 2152 2154 2160 2158 2144 2168 2183 2190 2196 2143 2084 2048 2040 2001 1990 1936 1912 1883 1883 1909 1925 1934 1951 1957 1960 1937 1922 1914 1886 1823 1778 1744 1664 1616 1564 1523 1459 1436 1426 1440 1460 1494 1540 1634 1676 1731 1840 1892 1915 1904 1914 1909 1885 2008 2010 1973 1945 1869 1836 1808 1782 1727 1694 1657 1590 1561 1528 1492 1443 1447 1444 1472 1499 1541
2007 2022 2066 2106 2130 2179 2234 2265 2223 2164 2100 2096 2100 2097 2094 2125 2139 2154 2132 2089 2037 1983 1977 1973 1925 1908 1882 1843 1848 1863 1869 1899 1912 1928 1935 1926 1907 1899 1883 1815 1779 1728 1633 1598 1561 1529 1474 1442 1439 1464 1487 1520 1570 1668 1702 1754 1878 1941 1965 1946 1958 1947 1961 2039 2009 1976 1947 1876 1841 1799 1745 1714 1686 1650 1585 1550 1517 1461 1449 1452 1448 1480 1515 1561
1990 2003 2003 2036 2080 2126 2154 2158 2126 2125 2060 2050 2061 2046 2052 2081 2095 2105 2099 2055 2014 1948 1941 1945 1906 1878 1842 1807 1782 1792 1811 1855 1873 1893 1903 1915 1899 1888 1838 1800 1752 1699 1615 1590 1561 1514 1497 1486 1480 1515 1544 1581 1631 1710 1746 1782 1909 1985 1999 1994 2003 1998 2017 2052 2017 1991 1963 1875 1842 1808 1741 1704 1657 1611 1542 1538 1509 1466 1453 1454 1449 1490 1527 1574
1970 1979 1980 2011 2049 2080 2092 2103 2072 2041 1994 1985 1959 1966 1992 2039 2051 2062 2053 2016 1978 1913 1900 1901 1883 1868 1838 1796 1755 1765 1782 1792 1795 1812 1845 1866 1868 1873 1816 1777 1721 1672 1601 1579 1559 1536 1525 1513 1508 1540 1573 1615 1720 1773 1833 1874 1940 2001 2070 2040 2055 2076 2093 2042 2009 1980 1960 1881 1843 1802 1730 1696 1648 1605 1535 1499 1474 1463 1470 1468 1468 1504 1542 1584
1944 1953 1955 1971 2001 2033 2043 2057 2035 1998 1954 1954 1927 1940 1958 1969 1974 1970 1965 1931 1852 1864 1857 1855 1839 1845 1826 1786 1734 1741 1751 1769 1769 1782 1805 1838 1844 1836 1789 1760 1715 1660 1598 1588 1565 1567 1555 1539 1533 1562 1595 1639 1760 1820 1877 1929 1983 2015 2061 2146 2115 2084 2045 1986 1950 1923 1905 1878 1841 1788 1714 1679 1634 1557 1524 1494 1471 1468 1479 1484 1487 1543 1582 1625
1907 1902 1900 1895 1913 1926 1999 2015 1999 1944 1908 1916 1905 1914 1931 1937 1940 1940 1926 1890 1811 1786 1773 1768 1773 1782 1768 1710 1713 1715 1727 1747 1751 1765 1799 1816 1826 1822 1776 1758 1724 1680 1634 1618 1620 1639 1622 1612 1596 1606 1613 1653 1767 1843 1916 1977 2027 2023 2053 2114 2068 2049 2028 1965 1935 1905 1853 1829 1802 1758 1679 1643 1619 1543 1513 1484 1468 1480 1493 1505 1532 1564 1602 1644
1897 1891 1884 1866 1875 1874 1905 1918 1919 1880 1830 1834 1877 1892 1897 1902 1904 1908 1900 1876 1769 1761 1752 1746 1747 1742 1729 1678 1660 1647 1668 1703 1721 1725 1763 1792 1813 1811 1770 1753 1723 1681 1666 1653 1666 1675 1653 1647 1614 1621 1646 1686 1818 1881 1950 2103 2054 2048 2081 2094 2068 2049 2027 1960 1927 1901 1838 1802 1784 1747 1663 1623 1586 1521 1495 1486 1492 1506 1506 1525 1551 1583 1618 1659
1887 1880 1876 1850 1839 1833 1862 1876 1883 1819 1800 1789 1817 1828 1821 1830 1857 1858 1878 1859 1753 1740 1731 1726 1723 1720 1699 1655 1630 1621 1643 1691 1701 1697 1714 1756 1790 1789 1763 1749 1722 1716 1716 1709 1710 1706 1691 1679 1641 1641 1666 1704 1830 1890 1965 2144 2146 2157 2157 2111 2086 2057 2001 1962 1930 1905 1836 1789 1760 1687 1645 1609 1576 1524 1512 1510 1513 1529 1553 1577 1605 1614 1648 1688
1900 1871 1851 1830 1802 1790 1815 1833 1843 1791 1779 1764 1787 1803 1798 1803 1832 1837 1830 1811 1724 1710 1691 1688 1683 1692 1666 1617 1600 1603 1649 1665 1670 1665 1697 1732 1767 1791 1763 1758 1753 1762 1784 1794 1789 1768 1750 1706 1672 1666 1687 1723 1831 1896 1987 2172 2222 2235 2192 2116 2094 2067 2003 1966 1935 1907 1826 1781 1738 1659 1623 1591 1566 1547 1542 1540 1547 1555 1575 1595 1623 1626 1663 1742
1926 1882 1832 1799 1754 1725 1733 1747 1760 1767 1760 1738 1765 1782 1775 1776 1811 1815 1800 1780 1699 1687 1671 1660 1650 1633 1608 1572 1582 1589 1611 1633 1640 1646 1703 1737 1766 1790 1772 1762 1774 1793 1813 1827 1801 1795 1783 1767 1728 1715 1729 1761 1892 1918 1998 2180 2262 2253 2210 2134 2114 2079 2002 1973 1941 1907 1839 1789 1732 1629 1593 1576 1567 1569 1582 1570 1578 1583 1597 1614 1634 1644 1679 1761
1931 1889 1812 1789 1749 1705 1700 1700 1718 1720 1705 1684 1739 1738 1729 1753 1788 1779 1750 1731 1665 1656 1650 1632 1619 1603 1579 1560 1557 1573 1609 1621 1635 1657 1718 1756 1787 1809 1788 1774 1788 1831 1842 1850 1825 1817 1813 1798 1763 1744 1754 1841 1918 1996 2069 2233 2235 2208 2157 2150 2124 2098 2029 1996 1960 1869 1833 1780 1721 1625 1592 1576 1570 1578 1594 1604 1617 1629 1648 1662 1679 1688 1695 1778
1908 1879 1808 1776 1752 1697 1676 1664 1674 1697 1673 1654 1708 1711 1699 1710 1719 1708 1678 1608 1590 1591 1618 1608 1587 1570 1533 1537 1551 1577 1620 1639 1657 1677 1735 1764 1794 1845 1847 1848 1863 1877 1891 1904 1853 1846 1836 1827 1791 1778 1778 1868 1946 2031 2099 2238 2204 2180 2125 2114 2090 2062 1995 1968 1929 1847 1828 1777 1714 1620 1597 1584 1578 1589 1604 1612 1645 1664 1684 1704 1702 1712 1729 1813
1843 1827 1794 1779 1733 1654 1658 1644 1635 1662 1642 1621 1678 1675 1670 1685 1691 1673 1641 1562 1550 1555 1550 1538 1523 1520 1548 1580 1573 1598 1645 1661 1681 1734 1756 1782 1809 1867 1873 1875 1911 1913 1920 1934 1889 1885 1879 1872 1818 1806 1805 1902 1976 2051 2135 2218 2189 2156 2105 2069 2049 2031 1944 1903 1880 1809 1781 1747 1707 1633 1622 1616 1590 1603 1611 1620 1676 1705 1732 1753 1739 1737 1757 1833
1804 1773 1762 1741 1719 1628 1595 1576 1571 1585 1590 1558 1635 1636 1650 1659 1645 1626 1599 1526 1509 1520 1523 1511 1521 1546 1594 1642 1668 1683 1686 1708 1738 1771 1768 1791 1824 1896 1883 1885 1947 1960 1958 1943 1909 1890 1871 1835 1817 1824 1852 1948 2025 2100 2219 2184 2169 2139 2088 2052 2009 1986 1897 1857 1830 1776 1749 1722 1689 1637 1630 1625 1623 1625 1648 1680 1736 1779 1819 1796 1774 1763 1783 1857
1760 1731 1717 1697 1684 1624 1574 1547 1552 1550 1562 1533 1581 1587 1582 1558 1545 1529 1546 1496 1481 1491 1497 1510 1541 1579 1645 1682 1718 1745 1728 1748 1797 1821 1834 1843 1863 1926 1911 1902 1953 1992 1975 1937 1899 1887 1867 1839 1834 1842 1868 1967 2033 2110 2205 2180 2140 2101 2034 1994 1954 1885 1833 1823 1792 1750 1728 1698 1653 1647 1643 1643 1659 1657 1666 1706 1771 1815 1853 1867 1849 1829 1812 1871
1684 1662 1641 1659 1649 1610 1559 1513 1509 1519 1533 1508 1549 1545 1539 1516 1493 1483 1466 1444 1452 1475 1556 1601 1640 1628 1687 1724 1787 1796 1775 1787 1820 1896 1908 1900 1923 1942 1933 1926 1970 1985 1945 1928 1903 1885 1874 1849 1854 1863 1887 1975 2041 2116 2182 2170 2146 2101 2015 1976 1927 1850 1809 1781 1765 1718 1705 1698 1716 1680 1690 1693 1701 1697 1691 1776 1826 1842 1867 1891 1877 1855 1828 1863
