data/Arrowhead/Fire1/elevation.asc
ncols 127
nrows 126
xllcorner -1620000
yllcorner 438000
cellsize 100
NODATA_value -9999
[rows 76 to 113 of 126, columns 0 to 83 of 127]
1647 1626 1613 1599 1579 1560 1519 1469 1440 1492 1507 1495 1497 1501 1496 1474 1454 1445 1435 1446 1473 1508 1609 1646 1680 1725 1814 1841 1864 1884 1844 1805 1829 1923 1953 1951 1951 1960 1952 1946 1994 1978 1945 1925 1908 1895 1882 1883 1907 1919 1941 1991 2053 2115 2151 2147 2130 2091 1995 1953 1910 1832 1796 1771 1753 1723 1724 1735 1766 1788 1804 1795 1791 1774 1754 1797 1860 1903 1905 1884 1887 1878 1839 1861
1606 1589 1579 1563 1549 1536 1499 1453 1421 1428 1432 1440 1416 1426 1423 1437 1424 1420 1430 1482 1521 1568 1664 1698 1726 1774 1879 1914 1921 1905 1864 1838 1859 1909 1954 2006 1990 1972 1966 1976 2006 1983 1958 1937 1924 1913 1897 1910 1942 1937 1942 1979 2030 2073 2073 2069 2078 1999 1944 1902 1881 1835 1806 1777 1746 1752 1759 1786 1818 1829 1841 1844 1828 1820 1800 1807 1866 1944 1966 1918 1893 1878 1853 1858
1561 1549 1543 1533 1523 1510 1480 1433 1397 1396 1400 1405 1392 1402 1398 1419 1448 1490 1557 1605 1639 1675 1719 1764 1787 1857 1892 1914 1933 1921 1887 1869 1905 1933 1979 2031 2012 2021 2027 2031 2042 2025 1999 1969 1939 1935 1931 1958 1962 1939 1936 1959 1997 2039 2043 2041 2051 1971 1919 1884 1866 1846 1834 1826 1841 1858 1824 1843 1869 1867 1871 1879 1864 1847 1833 1828 1861 1934 1976 1955 1920 1890 1869 1858
1467 1478 1475 1464 1444 1431 1451 1411 1367 1365 1372 1376 1381 1388 1398 1454 1485 1529 1607 1634 1673 1711 1788 1826 1853 1878 1906 1905 1924 1949 1930 1923 1939 1969 2012 2075 2044 2047 2056 2070 2063 2045 2019 2009 2009 1990 1940 1934 1919 1898 1922 1940 1970 2010 2024 2028 2024 1948 1917 1901 1879 1862 1859 1860 1909 1916 1925 1926 1945 1938 1930 1932 1896 1880 1869 1864 1890 1937 2015 1992 1967 1940 1890 1870
1434 1444 1446 1438 1411 1399 1381 1338 1306 1312 1320 1351 1376 1399 1424 1501 1540 1573 1656 1681 1703 1739 1819 1852 1877 1907 1918 1896 1883 1956 1993 2019 2031 2066 2080 2104 2068 2066 2080 2117 2098 2072 2056 2022 1996 1969 1924 1900 1888 1868 1883 1899 1925 1956 1972 1989 1998 1955 1923 1911 1912 1913 1917 1923 1971 1960 1964 1978 1980 1971 1955 1960 1952 1942 1936 1944 1937 1988 2057 2020 2001 1976 1920 1897
1394 1410 1414 1408 1370 1353 1346 1306 1287 1291 1303 1388 1434 1464 1549 1581 1617 1659 1749 1745 1767 1811 1847 1874 1899 1931 1922 1881 1877 1931 1971 2019 2082 2117 2132 2132 2126 2126 2137 2120 2093 2085 2058 2008 1977 1948 1911 1880 1854 1839 1866 1886 1908 1936 1947 1955 1987 2015 2013 2012 2040 2013 2002 1982 2011 1992 2007 2024 2009 1996 1985 1988 1977 1956 1980 1972 1949 1987 2074 2074 2057 2032 1985 1968
1325 1330 1334 1373 1339 1320 1319 1276 1276 1296 1346 1408 1435 1484 1577 1615 1649 1690 1790 1842 1891 1918 1932 1953 1993 1975 1933 1871 1884 1918 1955 1993 2065 2092 2113 2114 2112 2110 2109 2074 2053 2025 2001 1951 1926 1906 1850 1855 1826 1814 1851 1868 1882 1909 1924 1921 1949 2009 2017 2027 2051 2042 2042 2107 2057 2063 2093 2115 2076 2024 2009 2018 2007 1977 1971 1982 1967 1992 2081 2110 2090 2036 2011 1990
1297 1297 1300 1287 1271 1248 1248 1284 1341 1339 1410 1448 1464 1502 1610 1663 1698 1733 1833 1890 1942 1981 1993 2015 2035 1951 1896 1849 1846 1873 1903 1964 2027 2061 2092 2080 2078 2089 2085 2035 2018 1997 1955 1929 1903 1880 1828 1790 1776 1797 1815 1827 1830 1882 1892 1894 1965 1988 1997 2008 2052 2059 2082 2136 2097 2098 2124 2150 2098 2072 2064 2026 2014 2005 2013 2023 1988 2024 2079 2130 2127 2068 2040 2010
1268 1256 1268 1244 1234 1231 1250 1329 1395 1448 1544 1560 1557 1575 1671 1693 1741 1832 1877 1927 1975 2040 2051 2056 2042 1937 1880 1833 1822 1844 1878 1896 1954 2003 2028 2008 2022 2040 2067 2023 1999 1977 1939 1913 1881 1848 1793 1760 1742 1773 1791 1804 1797 1843 1851 1857 1902 1917 1958 1987 2055 2073 2115 2135 2122 2128 2160 2148 2103 2081 2033 2013 2010 2023 2049 2059 2055 2083 2090 2119 2151 2130 2074 2039
1249 1225 1233 1211 1224 1251 1280 1375 1448 1481 1576 1602 1604 1619 1692 1756 1805 1881 1919 1959 1995 2025 2053 2037 1985 1936 1872 1820 1801 1816 1839 1892 1921 1967 1998 1980 1985 2009 2028 1999 1976 1962 1926 1891 1865 1825 1750 1731 1718 1740 1752 1762 1756 1810 1818 1839 1882 1908 1935 1964 2031 2049 2095 2168 2187 2199 2189 2116 2098 2082 2022 2013 2012 2037 2082 2097 2089 2143 2141 2152 2163 2141 2119 2096
1189 1180 1193 1256 1274 1309 1324 1425 1466 1496 1603 1638 1652 1664 1725 1768 1821 1899 1934 1962 1976 1990 1981 1952 1937 1914 1867 1809 1772 1785 1800 1859 1899 1933 1952 1960 1953 1966 2010 2010 1990 1971 1905 1877 1844 1759 1722 1692 1679 1664 1711 1716 1721 1768 1795 1820 1869 1893 1916 1950 2015 2028 2064 2171 2195 2204 2156 2091 2070 2053 2023 2027 2022 2047 2116 2128 2119 2143 2178 2189 2191 2158 2144 2128
1172 1204 1235 1294 1331 1349 1436 1494 1536 1580 1665 1695 1685 1725 1745 1782 1835 1922 1952 1948 1941 1955 1945 1912 1886 1878 1851 1798 1720 1733 1752 1817 1837 1846 1857 1936 1925 1926 1984 2000 2003 1990 1902 1866 1842 1777 1736 1702 1683 1645 1643 1642 1669 1695 1728 1764 1828 1870 1899 1984 1998 2020 2057 2151 2177 2194 2164 2097 2075 2060 2074 2083 2098 2126 2174 2161 2158 2167 2202 2213 2220 2176 2166 2155
1197 1251 1285 1337 1377 1394 1446 1507 1556 1602 1679 1712 1736 1796 1822 1840 1856 1946 1947 1922 1902 1910 1916 1890 1838 1834 1818 1734 1694 1708 1727 1794 1804 1804 1824 1874 1850 1858 1908 1933 1951 1992 1904 1863 1843 1801 1768 1738 1714 1662 1635 1625 1638 1665 1697 1733 1802 1832 1862 1948 1962 2011 2046 2124 2148 2175 2133 2106 2090 2083 2134 2153 2158 2192 2195 2181 2176 2173 2195 2219 2221 2184 2154 2128
1285 1314 1366 1391 1427 1439 1502 1520 1562 1596 1671 1723 1749 1815 1851 1882 1898 1963 1942 1903 1860 1849 1841 1833 1776 1791 1777 1707 1665 1680 1706 1761 1767 1768 1822 1841 1819 1806 1860 1886 1906 1947 1938 1911 1877 1834 1824 1782 1754 1701 1668 1630 1619 1644 1673 1701 1771 1806 1851 1929 1955 1988 2024 2087 2105 2137 2181 2176 2185 2130 2173 2184 2198 2228 2227 2212 2205 2196 2210 2230 2230 2191 2154 2121
1332 1368 1466 1503 1536 1561 1548 1564 1588 1599 1695 1732 1769 1838 1873 1902 1922 1973 1937 1890 1849 1830 1812 1796 1741 1718 1677 1651 1637 1628 1643 1730 1732 1731 1787 1805 1793 1770 1813 1835 1855 1925 1933 1924 1910 1866 1843 1821 1768 1748 1731 1696 1608 1634 1669 1705 1732 1782 1830 1912 1944 1966 1989 2044 2079 2107 2179 2186 2186 2205 2221 2235 2246 2279 2279 2273 2241 2224 2232 2253 2230 2195 2161 2127
1367 1416 1510 1548 1578 1605 1605 1595 1617 1697 1739 1782 1823 1894 1919 1939 1968 1980 1938 1882 1835 1812 1793 1741 1701 1683 1656 1614 1609 1593 1606 1653 1652 1676 1722 1735 1728 1707 1772 1791 1831 1907 1909 1915 1917 1889 1870 1847 1786 1761 1737 1712 1613 1616 1637 1694 1724 1747 1774 1869 1919 1944 1988 2020 2051 2078 2160 2166 2164 2217 2231 2245 2258 2293 2291 2284 2278 2304 2282 2254 2216 2194 2168 2134
1390 1442 1551 1587 1617 1644 1661 1645 1645 1706 1758 1807 1847 1912 1936 1958 1996 1983 1933 1891 1797 1791 1780 1730 1688 1647 1620 1582 1575 1567 1601 1615 1623 1656 1690 1699 1689 1676 1702 1743 1782 1840 1848 1832 1885 1876 1861 1848 1798 1773 1741 1716 1623 1602 1625 1671 1702 1726 1768 1845 1863 1890 1963 1987 2011 2031 2108 2125 2147 2213 2232 2246 2263 2298 2290 2272 2280 2301 2276 2253 2198 2178 2140 2087
1418 1470 1579 1629 1666 1703 1714 1702 1688 1717 1763 1820 1858 1919 1947 1975 2011 1986 1942 1906 1814 1791 1776 1713 1666 1623 1580 1545 1555 1554 1570 1574 1589 1625 1659 1664 1656 1651 1684 1718 1753 1787 1810 1791 1754 1772 1754 1737 1732 1708 1724 1673 1623 1589 1605 1655 1680 1714 1754 1817 1829 1869 1930 1960 1981 1997 2031 2071 2108 2187 2231 2261 2265 2291 2280 2252 2237 2252 2256 2249 2173 2148 2107 2071
1457 1469 1575 1630 1677 1757 1793 1828 1830 1773 1808 1847 1889 1921 1953 1977 2030 2033 1994 1950 1855 1827 1814 1750 1693 1640 1591 1519 1515 1512 1516 1511 1522 1550 1597 1629 1621 1629 1662 1682 1719 1739 1774 1761 1697 1711 1702 1673 1661 1651 1620 1580 1556 1539 1573 1613 1642 1692 1762 1780 1795 1833 1920 1942 1955 2006 2027 2055 2086 2174 2222 2259 2271 2245 2229 2229 2168 2165 2177 2225 2162 2125 2102 2076
1515 1522 1594 1635 1676 1760 1803 1842 1865 1800 1816 1849 1892 1915 1939 1976 2063 2076 2079 1970 1916 1888 1869 1790 1718 1654 1542 1513 1497 1495 1489 1488 1491 1544 1562 1561 1554 1583 1609 1646 1658 1692 1729 1728 1646 1656 1645 1615 1592 1587 1565 1527 1509 1531 1567 1598 1611 1628 1684 1715 1753 1783 1881 1910 1933 1990 2016 2050 2082 2161 2207 2240 2230 2204 2181 2175 2149 2124 2133 2175 2144 2129 2115 2071
1626 1633 1638 1640 1675 1758 1802 1840 1870 1835 1834 1845 1884 1907 1937 1981 2048 2039 2048 1987 1910 1875 1848 1776 1733 1667 1561 1529 1504 1480 1464 1463 1468 1508 1525 1526 1516 1566 1598 1617 1610 1616 1629 1649 1568 1544 1547 1553 1532 1522 1512 1477 1499 1556 1608 1614 1608 1614 1655 1694 1724 1758 1868 1861 1870 1944 1986 2024 2058 2145 2186 2192 2175 2159 2139 2130 2121 2093 2088 2156 2163 2140 2117 2067
1673 1681 1678 1687 1696 1748 1779 1808 1900 1884 1874 1874 1897 1919 1940 1966 2028 2004 2014 1975 1889 1839 1827 1762 1724 1690 1619 1595 1576 1542 1461 1433 1449 1476 1486 1482 1484 1550 1577 1586 1571 1568 1576 1602 1554 1497 1501 1451 1439 1422 1417 1465 1521 1590 1662 1647 1642 1640 1663 1699 1732 1814 1856 1854 1852 1924 1967 2008 2044 2108 2096 2079 2087 2080 2071 2054 2067 2056 2060 2139 2179 2165 2126 2047
1706 1760 1746 1735 1735 1752 1777 1804 1890 1931 1957 1964 1968 1983 1995 2038 2016 1989 1986 1950 1896 1829 1807 1762 1726 1702 1660 1635 1608 1576 1490 1452 1429 1401 1407 1414 1451 1492 1542 1549 1547 1522 1535 1556 1518 1467 1448 1414 1402 1390 1395 1483 1541 1607 1700 1686 1698 1707 1694 1708 1735 1806 1835 1845 1845 1907 1956 1995 2071 2093 2070 2043 2030 2036 2028 1987 1973 1982 2020 2095 2154 2185 2152 2031
1714 1803 1813 1795 1776 1764 1780 1806 1878 1921 1959 1991 2022 2022 2028 2012 1998 1980 1968 1932 1915 1888 1826 1817 1776 1738 1702 1679 1646 1566 1518 1479 1441 1379 1371 1395 1452 1468 1478 1480 1505 1460 1461 1461 1475 1442 1403 1383 1367 1371 1412 1507 1569 1629 1719 1712 1720 1727 1721 1739 1743 1789 1805 1826 1845 1905 1948 1984 2061 2069 2045 2014 1983 1988 1984 1940 1945 1975 2018 2088 2107 2126 2083 2026
1765 1833 1865 1894 1861 1829 1791 1813 1874 1907 1949 1992 2061 2060 2035 1988 1973 1969 1964 1929 1916 1899 1856 1871 1886 1862 1812 1772 1683 1589 1544 1505 1461 1376 1347 1363 1415 1429 1444 1462 1479 1445 1412 1388 1379 1357 1335 1337 1374 1418 1516 1540 1591 1648 1740 1736 1736 1745 1754 1777 1767 1777 1813 1857 1881 1917 1939 1947 1984 1994 1979 1951 1901 1942 1943 1917 1934 1972 2028 2089 2089 2098 2102 2039
1791 1857 1880 1907 1928 1904 1888 1897 1886 1911 1938 2032 2065 2053 2014 1966 1955 1945 1939 1927 1917 1909 1875 1866 1888 1897 1850 1798 1737 1650 1610 1574 1523 1416 1367 1334 1378 1390 1405 1436 1456 1430 1379 1350 1320 1309 1299 1369 1410 1445 1538 1588 1645 1704 1790 1785 1773 1787 1798 1814 1791 1793 1845 1896 1894 1883 1900 1906 1940 1952 1940 1884 1864 1853 1848 1882 1924 1976 2032 2067 2073 2081 2099 2056
1820 1867 1893 1917 1948 1952 1955 1968 1943 1957 1965 2038 2049 2017 1964 1931 1921 1911 1900 1923 1920 1910 1860 1852 1863 1893 1878 1826 1778 1690 1653 1609 1501 1443 1389 1340 1307 1319 1334 1365 1392 1402 1364 1313 1286 1275 1299 1390 1441 1495 1553 1611 1659 1719 1807 1809 1803 1862 1858 1855 1852 1880 1918 1914 1891 1855 1855 1865 1895 1901 1891 1845 1822 1810 1805 1868 1915 1977 2007 2012 2035 2046 2047 2069
1920 1925 1942 1933 1952 1965 1988 2008 1997 1988 2002 2023 2024 1996 1943 1903 1886 1889 1874 1864 1877 1877 1831 1815 1800 1869 1869 1850 1811 1737 1689 1628 1512 1475 1421 1368 1283 1281 1300 1348 1353 1334 1307 1245 1250 1296 1390 1418 1464 1529 1578 1606 1655 1708 1798 1829 1843 1891 1886 1871 1869 1908 1924 1900 1849 1824 1804 1794 1802 1817 1849 1797 1774 1770 1779 1855 1906 1975 1969 1982 2006 2021 2035 2055
1927 1946 1969 1990 2014 2009 2015 2033 2047 2030 2032 1989 1986 1971 1895 1870 1861 1862 1845 1831 1852 1861 1820 1794 1783 1793 1811 1812 1793 1743 1719 1690 1554 1508 1451 1403 1304 1267 1261 1302 1310 1306 1284 1236 1260 1306 1408 1461 1513 1564 1664 1686 1713 1762 1784 1827 1858 1898 1892 1892 1908 1920 1916 1893 1843 1807 1782 1769 1742 1770 1775 1711 1697 1713 1755 1851 1913 1965 1954 1963 1975 1987 2020 2028
1958 1980 2004 2023 2030 2013 1991 1994 1996 1996 2011 1964 1947 1927 1855 1828 1836 1829 1815 1803 1821 1814 1806 1777 1762 1757 1773 1773 1740 1719 1701 1685 1610 1556 1511 1474 1398 1354 1263 1257 1267 1269 1251 1244 1285 1326 1418 1467 1516 1570 1679 1706 1736 1794 1819 1830 1860 1890 1897 1894 1911 1912 1903 1884 1834 1798 1768 1717 1708 1721 1728 1683 1665 1694 1778 1843 1883 1891 1929 1929 1945 1957 1997 2004
2012 2036 2054 2066 2045 2026 1983 1953 1954 1962 1984 1966 1932 1911 1853 1808 1789 1779 1749 1736 1732 1742 1778 1769 1747 1729 1734 1728 1705 1675 1662 1657 1619 1579 1545 1477 1436 1390 1353 1257 1224 1211 1209 1247 1298 1346 1445 1476 1515 1570 1691 1724 1754 1815 1835 1843 1866 1869 1864 1868 1876 1871 1863 1846 1805 1769 1738 1699 1691 1689 1680 1650 1632 1668 1753 1810 1834 1864 1897 1916 1933 1943 1943 1959
2148 2142 2114 2054 2021 2001 1977 1920 1918 1933 1965 1969 1928 1902 1849 1804 1771 1750 1712 1697 1699 1707 1707 1714 1707 1669 1650 1644 1603 1626 1629 1622 1598 1580 1560 1499 1459 1418 1378 1288 1249 1215 1208 1241 1281 1318 1416 1459 1503 1612 1675 1735 1770 1824 1847 1854 1846 1831 1820 1826 1841 1847 1838 1831 1809 1778 1736 1667 1655 1650 1626 1563 1573 1639 1729 1771 1792 1833 1885 1901 1919 1933 1930 1931
2210 2185 2118 2037 2014 2007 1991 1902 1883 1889 1898 1925 1905 1891 1844 1806 1766 1697 1686 1666 1662 1670 1672 1681 1665 1624 1605 1599 1571 1565 1549 1542 1523 1520 1520 1513 1473 1431 1386 1301 1260 1220 1203 1232 1270 1322 1428 1480 1521 1619 1648 1677 1714 1784 1827 1824 1756 1787 1764 1779 1793 1808 1816 1804 1791 1767 1721 1654 1633 1623 1577 1549 1559 1596 1693 1731 1767 1780 1844 1880 1893 1920 1913 1903
2243 2188 2113 2081 2042 2039 2026 1908 1869 1869 1870 1894 1871 1856 1835 1812 1782 1701 1659 1640 1624 1629 1640 1652 1642 1605 1570 1567 1535 1527 1513 1502 1488 1481 1476 1495 1477 1438 1354 1310 1268 1229 1188 1225 1257 1303 1415 1472 1528 1591 1601 1626 1662 1763 1798 1782 1733 1691 1670 1676 1684 1695 1704 1786 1774 1751 1709 1627 1608 1597 1558 1535 1548 1593 1673 1698 1716 1786 1820 1842 1854 1865 1865 1854
2223 2237 2177 2095 2092 2099 2044 1912 1865 1847 1851 1855 1850 1850 1823 1810 1782 1725 1694 1658 1609 1550 1564 1577 1591 1592 1551 1524 1488 1484 1479 1470 1453 1448 1440 1454 1460 1432 1352 1308 1265 1229 1169 1203 1249 1357 1415 1463 1522 1542 1554 1587 1696 1753 1780 1740 1702 1660 1644 1627 1633 1644 1647 1686 1713 1719 1697 1621 1581 1554 1544 1523 1532 1586 1640 1663 1692 1756 1798 1822 1829 1831 1835 1824
2192 2222 2216 2207 2159 2084 1950 1895 1848 1816 1830 1821 1833 1805 1791 1789 1774 1727 1708 1687 1633 1534 1527 1541 1545 1529 1502 1454 1401 1404 1394 1393 1418 1416 1399 1418 1429 1418 1347 1302 1256 1220 1162 1196 1242 1345 1382 1409 1415 1476 1531 1581 1693 1747 1763 1728 1662 1636 1619 1573 1586 1593 1606 1656 1682 1689 1644 1606 1560 1527 1494 1468 1508 1553 1628 1663 1692 1756 1784 1800 1802 1799 1799 1793
2150 2187 2229 2182 2145 2082 1940 1882 1838 1803 1785 1765 1748 1744 1752 1743 1745 1711 1692 1673 1579 1533 1494 1507 1500 1481 1457 1383 1353 1360 1340 1347 1344 1349 1350 1359 1372 1378 1339 1299 1251 1214 1155 1182 1228 1307 1331 1351 1379 1479 1530 1583 1680 1737 1744 1705 1605 1567 1543 1510 1531 1546 1574 1604 1650 1661 1621 1582 1539 1489 1453 1442 1506 1600 1633 1657 1694 1754 1763 1764 1752 1747 1765 1756
2138 2165 2207 2155 2127 2088 1938 1875 1824 1786 1761 1751 1728 1715 1726 1730 1717 1674 1658 1613 1522 1482 1470 1466 1458 1439 1414 1348 1316 1311 1299 1307 1300 1310 1302 1318 1316 1339 1319 1277 1239 1170 1144 1167 1205 1258 1290 1341 1438 1482 1534 1585 1686 1712 1701 1665 1579 1534 1506 1464 1442 1470 1484 1520 1562 1607 1580 1554 1512 1465 1419 1432 1494 1578 1613 1645 1692 1741 1748 1750 1738 1736 1717 1698
