data/Arrowhead/Fire1/elevation.asc
ncols 127
nrows 126
xllcorner -1620000
yllcorner 438000
cellsize 100
NODATA_value -9999
[rows 0 to 37 of 126, columns 0 to 83 of 127]
1370 1348 1359 1330 1317 1441 1502 1545 1589 1704 1710 1673 1677 1719 1703 1713 1687 1721 1709 1635 1619 1590 1599 1631 1622 1607 1535 1481 1428 1382 1306 1268 1227 1192 1082 1040 994 930 897 890 879 808 779 806 915 963 1009 1036 1102 1132 1159 1231 1273 1300 1315 1362 1373 1378 1422 1431 1444 1449 1438 1434 1418 1420 1435 1469 1509 1592 1618 1633 1617 1672 1730 1764 1837 1869 1898 1949 2003 2038 2065 2117
1403 1409 1409 1384 1352 1451 1517 1568 1616 1723 1766 1751 1731 1762 1802 1854 1842 1816 1790 1754 1678 1677 1678 1646 1620 1605 1538 1485 1434 1388 1307 1269 1231 1149 1093 1044 1003 941 948 935 887 842 784 796 900 944 982 1050 1074 1100 1134 1220 1253 1274 1287 1335 1352 1358 1383 1392 1399 1401 1368 1350 1376 1395 1432 1477 1508 1564 1580 1591 1603 1651 1689 1741 1822 1853 1883 1934 1973 2001 2020 2059
1502 1522 1515 1477 1392 1455 1508 1563 1671 1728 1787 1830 1814 1845 1868 1895 1850 1824 1803 1764 1743 1723 1704 1650 1620 1599 1546 1490 1434 1385 1303 1265 1225 1154 1105 1052 1003 975 979 961 914 874 826 794 822 873 923 987 1045 1084 1116 1192 1219 1237 1287 1312 1330 1334 1361 1369 1377 1360 1336 1313 1304 1389 1419 1433 1434 1457 1527 1536 1573 1625 1684 1738 1806 1836 1860 1919 1956 1978 1988 2006
1560 1579 1570 1516 1488 1519 1571 1601 1686 1752 1819 1868 1917 1932 1938 1885 1851 1832 1811 1769 1747 1725 1673 1648 1616 1591 1530 1481 1428 1370 1268 1223 1180 1124 1086 1045 1010 1021 1018 995 945 912 873 830 795 835 886 975 1004 1029 1064 1125 1153 1172 1230 1284 1301 1311 1337 1349 1353 1329 1308 1287 1285 1367 1385 1379 1380 1405 1444 1489 1586 1628 1676 1744 1771 1817 1841 1895 1918 1937 1947 1957
1605 1630 1623 1572 1566 1546 1596 1652 1702 1765 1829 1896 1966 1961 1934 1887 1862 1837 1816 1767 1745 1716 1659 1637 1602 1568 1503 1454 1399 1298 1250 1202 1161 1079 1069 1080 1103 1105 1093 1029 978 948 915 888 793 806 849 945 973 1008 1037 1087 1113 1141 1207 1228 1248 1275 1290 1299 1302 1298 1276 1260 1268 1336 1336 1317 1383 1427 1462 1510 1590 1630 1674 1730 1750 1766 1784 1822 1838 1853 1871 1914
1596 1675 1675 1642 1617 1595 1620 1672 1745 1779 1835 1900 1973 1962 1931 1872 1857 1818 1798 1749 1710 1660 1572 1597 1564 1528 1460 1420 1371 1267 1226 1181 1143 1112 1117 1132 1146 1147 1132 1097 1034 1002 969 893 852 798 825 909 939 971 1026 1056 1084 1118 1179 1193 1224 1255 1268 1271 1273 1240 1212 1196 1234 1246 1237 1290 1400 1448 1490 1536 1596 1626 1661 1701 1719 1730 1741 1784 1801 1813 1829 1833
1623 1721 1755 1763 1742 1728 1711 1703 1807 1839 1864 1969 1976 1963 1926 1860 1846 1810 1742 1719 1676 1621 1540 1495 1474 1436 1386 1354 1312 1240 1198 1158 1135 1158 1169 1188 1199 1192 1166 1131 1061 1030 1000 929 898 871 835 820 860 899 968 999 1062 1096 1154 1175 1206 1239 1243 1240 1243 1210 1181 1179 1203 1200 1235 1297 1408 1463 1507 1558 1580 1597 1639 1663 1679 1691 1699 1743 1760 1771 1785 1789
1642 1748 1780 1804 1806 1789 1773 1782 1856 1914 1962 1992 1981 1964 1922 1869 1839 1793 1686 1675 1637 1597 1496 1462 1417 1357 1338 1313 1279 1199 1187 1209 1239 1257 1269 1279 1257 1240 1206 1169 1091 1060 1034 973 941 913 878 814 821 860 943 977 1007 1038 1091 1121 1140 1177 1215 1210 1211 1180 1148 1151 1154 1194 1246 1302 1409 1454 1490 1531 1547 1567 1582 1590 1594 1601 1648 1681 1724 1737 1746 1748
1628 1718 1764 1809 1867 1851 1841 1838 1889 1933 1977 1997 1977 1953 1930 1872 1840 1796 1656 1591 1596 1559 1467 1419 1374 1309 1288 1266 1240 1221 1238 1257 1285 1306 1327 1336 1357 1306 1272 1193 1157 1126 1070 1010 981 954 894 852 817 828 903 947 976 1008 1061 1086 1102 1136 1140 1138 1132 1117 1086 1088 1158 1207 1253 1302 1401 1443 1472 1503 1520 1535 1548 1563 1555 1561 1634 1662 1682 1688 1663 1655
1657 1709 1749 1806 1904 1912 1906 1919 1946 1978 1997 1984 1964 1935 1914 1851 1816 1768 1651 1589 1523 1475 1404 1358 1307 1268 1251 1240 1244 1273 1291 1300 1340 1352 1383 1392 1389 1344 1313 1231 1195 1161 1140 1081 1052 1024 966 934 855 820 868 914 943 1003 1029 1049 1066 1092 1097 1096 1095 1085 1057 1089 1165 1206 1242 1284 1362 1390 1413 1473 1491 1511 1520 1531 1516 1533 1617 1640 1653 1659 1633 1622
1668 1710 1757 1814 1948 1986 1995 2012 2009 1999 1986 1971 1946 1914 1860 1825 1783 1735 1634 1572 1510 1401 1373 1344 1332 1314 1319 1334 1356 1369 1392 1402 1451 1405 1434 1452 1426 1389 1356 1275 1237 1201 1175 1116 1086 1054 991 961 926 878 821 853 883 925 935 1004 1024 1051 1056 1058 1059 1043 1049 1088 1154 1192 1230 1302 1334 1356 1379 1421 1436 1436 1453 1447 1453 1517 1598 1617 1624 1626 1605 1591
1702 1758 1811 1859 1972 1991 1996 2004 1998 1985 1967 1933 1900 1858 1780 1754 1721 1704 1605 1546 1490 1396 1385 1386 1393 1376 1384 1391 1403 1417 1434 1463 1496 1528 1536 1533 1498 1465 1421 1321 1281 1247 1183 1150 1117 1081 1016 984 946 900 824 830 847 878 887 900 922 958 969 980 983 1019 1049 1080 1142 1178 1214 1276 1306 1328 1349 1392 1405 1405 1419 1406 1438 1483 1542 1561 1575 1568 1549 1558
1797 1780 1854 1961 1978 1988 1990 1990 1979 1969 1956 1916 1879 1829 1737 1710 1693 1649 1563 1513 1508 1498 1489 1435 1442 1441 1441 1449 1457 1466 1483 1507 1547 1577 1569 1515 1477 1442 1397 1338 1326 1317 1242 1187 1151 1102 1037 1004 972 876 831 828 833 838 847 859 890 909 927 947 964 1002 1031 1060 1115 1142 1171 1257 1285 1303 1326 1357 1371 1375 1377 1375 1418 1460 1511 1527 1541 1538 1523 1493
1813 1882 1926 1949 1960 1967 1973 1971 1961 1960 1933 1907 1868 1813 1700 1674 1670 1588 1574 1570 1571 1556 1550 1551 1561 1565 1556 1557 1570 1581 1542 1545 1604 1588 1540 1476 1426 1395 1357 1290 1276 1264 1214 1165 1121 1084 1004 968 924 854 855 893 873 876 867 854 849 867 887 918 935 984 1017 1073 1101 1128 1154 1210 1241 1263 1286 1301 1312 1320 1339 1366 1397 1430 1477 1490 1502 1510 1494 1467
1822 1892 1919 1940 1954 1962 1966 1967 1964 1956 1923 1880 1832 1802 1683 1659 1659 1648 1644 1641 1624 1618 1614 1609 1622 1629 1621 1623 1650 1651 1647 1621 1573 1515 1445 1382 1388 1345 1314 1237 1226 1214 1164 1132 1088 1043 968 930 891 876 904 943 985 992 976 959 917 893 855 872 907 961 999 1054 1084 1113 1136 1189 1217 1243 1262 1274 1287 1297 1299 1318 1341 1384 1400 1412 1460 1470 1460 1437
1830 1888 1905 1929 1946 1958 1961 1966 1972 1965 1922 1870 1816 1805 1740 1697 1695 1745 1755 1749 1681 1683 1682 1674 1681 1688 1694 1689 1715 1697 1656 1581 1532 1477 1414 1327 1309 1276 1180 1149 1113 1103 1119 1089 1042 963 929 896 875 927 959 991 1042 1038 1025 1008 965 940 912 891 865 895 941 998 1059 1088 1113 1157 1185 1215 1239 1249 1259 1265 1280 1290 1308 1342 1359 1375 1383 1393 1393 1388
1824 1849 1879 1914 1926 1952 1962 1966 1972 1979 1928 1880 1828 1804 1785 1766 1750 1785 1799 1800 1794 1797 1827 1834 1819 1830 1839 1765 1737 1665 1610 1539 1490 1439 1375 1284 1263 1234 1147 1116 1083 1056 1017 992 966 905 904 928 957 972 997 1025 1083 1081 1073 1057 1017 989 960 897 878 875 900 976 1000 1024 1072 1090 1106 1128 1174 1227 1239 1230 1255 1260 1274 1298 1315 1332 1344 1355 1364 1363
1794 1831 1863 1894 1918 1941 1959 1974 1987 2000 1964 1901 1861 1832 1832 1832 1824 1837 1844 1845 1843 1851 1876 1902 1890 1885 1843 1722 1648 1584 1534 1452 1415 1401 1352 1244 1215 1193 1113 1069 1043 1012 972 948 932 907 936 965 989 1049 1074 1106 1174 1185 1170 1100 1055 1033 1006 936 901 873 880 946 967 984 1034 1058 1070 1086 1137 1166 1160 1192 1195 1206 1210 1258 1274 1289 1310 1316 1328 1329
1768 1804 1827 1873 1913 1938 1964 1980 2000 2009 1997 1985 1966 1948 1941 1939 1933 1890 1897 1884 1882 1901 1918 1935 1890 1862 1802 1707 1621 1539 1492 1409 1384 1337 1239 1178 1133 1098 1040 1031 1002 960 940 923 916 939 966 997 1029 1089 1119 1152 1212 1227 1218 1191 1122 1080 1057 1009 981 898 879 904 921 947 993 1018 1046 1060 1102 1128 1131 1158 1162 1171 1177 1195 1205 1212 1234 1252 1251 1276
1701 1770 1816 1860 1903 1936 1973 1991 2015 2030 2017 2017 2007 1997 1993 1989 1984 1995 2011 2004 1971 1933 1915 1873 1842 1821 1762 1679 1619 1535 1462 1358 1340 1298 1210 1158 1099 1067 1014 981 955 934 943 955 978 1029 987 1031 1102 1125 1156 1187 1247 1254 1249 1200 1152 1110 1086 1040 1016 989 929 907 892 909 942 966 1021 1036 1065 1085 1106 1129 1128 1134 1146 1165 1165 1165 1184 1196 1198 1183
1660 1702 1790 1846 1899 1942 1999 2021 2029 2056 2042 2035 2040 2038 2033 2029 2019 2022 2061 2050 1950 1882 1848 1782 1747 1728 1710 1594 1561 1535 1457 1316 1285 1266 1157 1128 1073 1041 996 970 951 953 965 991 1022 1079 1105 1123 1195 1222 1241 1258 1278 1286 1283 1235 1186 1152 1124 1076 1042 1017 975 948 908 900 925 945 952 972 982 990 1016 1055 1093 1098 1127 1125 1116 1114 1125 1135 1140 1133
1644 1699 1794 1849 1907 1947 2012 2039 2062 2105 2102 2080 2091 2118 2062 2055 2047 2061 2071 2022 1911 1840 1787 1732 1699 1678 1659 1579 1521 1497 1373 1294 1211 1169 1100 1058 1048 993 983 966 955 980 992 1020 1069 1133 1165 1188 1246 1269 1281 1301 1362 1375 1365 1276 1231 1198 1154 1113 1080 1053 1001 981 956 924 903 910 916 935 945 958 980 1012 1017 1024 1030 1021 1018 1012 1071 1078 1081 1074
1628 1682 1790 1843 1898 1948 2024 2057 2083 2125 2130 2119 2110 2163 2139 2120 2124 2065 2004 1937 1866 1811 1745 1678 1652 1639 1622 1538 1494 1445 1355 1282 1210 1147 1064 1032 1008 1035 1043 1041 1037 1067 1070 1037 1146 1184 1219 1246 1294 1319 1328 1382 1409 1413 1381 1288 1244 1224 1230 1178 1143 1109 1071 1057 1037 966 926 913 910 923 929 936 946 964 970 979 978 974 975 977 983 993 999 1004
1604 1650 1773 1832 1877 1987 2033 2069 2102 2146 2163 2157 2195 2210 2190 2169 2117 2049 1981 1858 1798 1749 1690 1606 1579 1550 1535 1499 1458 1413 1323 1258 1198 1140 1044 1017 1039 1096 1109 1111 1095 1130 1138 1114 1151 1202 1263 1309 1396 1358 1382 1430 1447 1442 1396 1303 1268 1274 1243 1208 1176 1152 1114 1098 1078 1034 1010 987 970 946 979 970 949 950 959 958 966 982 993 1003 1025 1030 1037 1035
1593 1640 1742 1798 1845 1959 2017 2071 2127 2205 2218 2206 2232 2227 2215 2199 2088 2035 1970 1844 1790 1731 1670 1585 1547 1524 1484 1452 1410 1353 1263 1212 1168 1070 1035 1036 1086 1152 1165 1171 1149 1193 1196 1166 1166 1212 1257 1309 1424 1462 1500 1522 1501 1457 1418 1318 1312 1312 1258 1225 1211 1201 1158 1139 1126 1080 1056 1026 1006 964 974 1013 1014 1019 1030 1038 1050 1030 1049 1075 1086 1091 1093 1099
1584 1630 1742 1798 1852 1968 2029 2088 2143 2209 2183 2162 2150 2139 2132 2122 2008 2002 1942 1826 1764 1708 1652 1575 1531 1490 1452 1420 1384 1334 1226 1181 1133 1074 1110 1140 1171 1267 1310 1241 1227 1267 1269 1222 1202 1245 1291 1377 1423 1502 1556 1547 1516 1484 1448 1395 1402 1380 1301 1307 1306 1289 1202 1187 1174 1120 1095 1069 1047 991 979 1011 1044 1056 1069 1079 1095 1123 1151 1176 1202 1218 1223 1222
1573 1672 1735 1791 1858 1980 2044 2105 2183 2187 2142 2111 2101 2093 2083 2080 1973 1918 1873 1791 1741 1682 1622 1540 1524 1480 1413 1382 1349 1300 1192 1151 1104 1130 1135 1185 1219 1288 1342 1349 1353 1384 1364 1303 1271 1318 1332 1429 1449 1513 1580 1576 1548 1512 1434 1440 1435 1407 1354 1358 1352 1307 1297 1285 1272 1210 1180 1160 1094 1024 997 1019 1070 1090 1109 1124 1142 1169 1196 1224 1253 1277 1287 1283
1574 1679 1742 1805 1867 1993 2056 2112 2165 2166 2114 2073 2060 2044 2028 2034 1969 1890 1833 1764 1726 1679 1555 1508 1480 1449 1373 1322 1271 1197 1166 1121 1129 1195 1179 1210 1259 1316 1368 1395 1418 1452 1417 1335 1311 1354 1400 1507 1558 1577 1602 1623 1575 1537 1483 1488 1469 1431 1406 1406 1398 1365 1343 1330 1317 1264 1230 1204 1126 1078 1039 1048 1125 1155 1151 1179 1189 1220 1252 1260 1287 1333 1350 1345
1575 1682 1752 1812 1874 1997 2057 2114 2180 2156 2099 2059 2022 2011 1997 1999 1956 1882 1813 1724 1697 1664 1542 1485 1446 1425 1355 1319 1268 1177 1166 1180 1217 1294 1318 1292 1351 1368 1381 1419 1486 1472 1433 1329 1359 1387 1430 1548 1606 1633 1648 1633 1596 1562 1581 1576 1545 1507 1450 1449 1445 1413 1393 1376 1362 1309 1277 1245 1153 1101 1056 1057 1151 1188 1230 1278 1299 1328 1362 1366 1364 1365 1414 1406
1594 1699 1754 1808 1930 1988 2056 2118 2188 2166 2108 2064 2006 1998 1971 1924 1912 1865 1793 1668 1619 1636 1520 1465 1418 1382 1321 1287 1258 1188 1193 1231 1258 1343 1377 1372 1390 1450 1479 1502 1507 1459 1419 1369 1387 1427 1463 1568 1624 1675 1678 1641 1607 1594 1609 1602 1579 1547 1548 1543 1538 1510 1496 1469 1435 1349 1308 1275 1174 1117 1069 1080 1172 1218 1265 1333 1349 1379 1423 1417 1409 1433 1529 1537
1638 1756 1811 1877 2001 2009 2069 2131 2206 2177 2121 2046 2013 1979 1957 1876 1868 1839 1719 1646 1588 1547 1482 1424 1373 1337 1289 1257 1229 1203 1232 1277 1313 1377 1431 1443 1425 1473 1517 1556 1519 1473 1437 1469 1477 1486 1531 1633 1678 1707 1699 1669 1647 1632 1621 1611 1597 1591 1601 1599 1589 1549 1523 1483 1410 1377 1338 1303 1186 1129 1102 1155 1201 1246 1295 1379 1397 1432 1482 1467 1458 1464 1563 1571
1655 1774 1834 1898 2024 2088 2149 2193 2224 2214 2158 2046 2012 1962 1933 1850 1832 1805 1697 1618 1555 1511 1466 1416 1360 1304 1291 1282 1276 1259 1303 1362 1469 1425 1475 1491 1459 1499 1541 1589 1530 1489 1473 1534 1536 1518 1549 1667 1715 1758 1749 1730 1714 1695 1655 1622 1619 1632 1642 1637 1620 1569 1532 1488 1406 1367 1327 1282 1165 1124 1133 1214 1252 1310 1358 1421 1468 1490 1548 1523 1506 1504 1587 1594
1730 1787 1851 1916 2043 2111 2166 2203 2229 2229 2189 2080 2027 1981 1937 1858 1801 1754 1677 1587 1526 1489 1446 1405 1354 1307 1313 1333 1339 1301 1326 1387 1521 1557 1574 1589 1550 1586 1621 1573 1539 1508 1522 1576 1585 1565 1609 1675 1735 1783 1760 1743 1724 1694 1686 1685 1687 1690 1674 1643 1610 1547 1521 1478 1385 1346 1300 1254 1155 1142 1181 1267 1287 1328 1387 1460 1502 1570 1650 1638 1630 1615 1630 1638
1772 1816 1871 1935 2058 2124 2175 2225 2234 2235 2224 2101 2043 1993 1904 1848 1794 1733 1626 1554 1490 1454 1396 1379 1353 1329 1344 1376 1398 1361 1345 1398 1524 1588 1633 1661 1611 1639 1640 1571 1573 1586 1591 1654 1657 1644 1625 1684 1747 1793 1767 1747 1735 1717 1711 1723 1714 1694 1665 1632 1564 1527 1486 1438 1339 1295 1248 1163 1148 1184 1222 1319 1342 1357 1415 1512 1549 1615 1701 1704 1687 1670 1644 1666
1814 1856 1906 1960 2073 2127 2173 2230 2238 2241 2230 2128 2066 2005 1917 1874 1814 1748 1622 1564 1507 1439 1422 1432 1432 1438 1434 1441 1499 1481 1387 1414 1524 1583 1636 1697 1683 1685 1638 1596 1598 1607 1622 1693 1696 1669 1667 1713 1771 1823 1820 1800 1753 1747 1748 1750 1734 1682 1648 1617 1547 1504 1462 1413 1312 1273 1216 1178 1213 1252 1296 1378 1430 1447 1509 1564 1599 1648 1752 1760 1744 1701 1673 1694
1848 1880 1921 1970 2080 2127 2175 2232 2245 2243 2199 2089 2053 2016 1923 1879 1822 1751 1656 1614 1563 1496 1470 1494 1505 1503 1497 1497 1519 1528 1490 1491 1557 1609 1661 1776 1759 1697 1634 1617 1618 1628 1697 1733 1728 1690 1690 1735 1794 1839 1856 1839 1821 1778 1750 1719 1690 1628 1599 1596 1529 1483 1437 1384 1288 1246 1198 1213 1242 1287 1332 1430 1466 1502 1564 1633 1691 1731 1828 1835 1805 1720 1698 1720
1878 1898 1933 2028 2075 2123 2179 2235 2245 2242 2136 2078 2035 1992 1900 1835 1804 1781 1739 1712 1675 1557 1520 1552 1564 1572 1563 1565 1550 1568 1553 1559 1596 1636 1689 1796 1763 1706 1661 1676 1694 1693 1782 1777 1755 1722 1721 1758 1814 1893 1874 1842 1803 1729 1705 1688 1638 1605 1573 1548 1488 1443 1392 1294 1243 1219 1195 1245 1274 1318 1367 1474 1515 1553 1591 1658 1721 1762 1862 1870 1851 1776 1766 1742
1925 1942 1971 2043 2090 2134 2182 2230 2238 2238 2149 2081 2026 1982 1881 1804 1794 1786 1761 1739 1707 1623 1628 1661 1723 1735 1737 1656 1599 1610 1596 1601 1664 1686 1712 1818 1776 1726 1693 1710 1707 1710 1814 1863 1842 1838 1802 1814 1838 1893 1866 1824 1780 1711 1685 1668 1630 1598 1558 1520 1458 1413 1365 1272 1227 1221 1248 1314 1356 1389 1479 1510 1564 1601 1620 1684 1752 1853 1895 1905 1874 1796 1754 1717
