data/Arrowhead/Fire1/saz.asc
ncols 127
nrows 126
xllcorner -1620000
yllcorner 438000
cellsize 100
NODATA_value -9999
[rows 45 to 89 of 126, columns 0 to 95 of 127]
349 48 41 347 321 322 328 347 65 118 158 176 135 99 58 68 66 54 39 264 266 282 298 52 81 58 39 35 10 302 285 286 306 17 21 5 18 30 30 26 304 280 271 133 124 133 134 127 128 127 123 121 125 135 125 132 144 131 124 115 23 304 298 302 302 290 289 310 327 320 292 284 307 331 330 330 147 172 174 151 129 122 129 148 143 132 137 142 154 146 144 159 163 157 155 152
3 18 15 6 324 308 318 66 100 102 128 173 164 146 62 66 62 54 51 267 247 231 249 30 51 14 8 25 24 319 288 273 269 330 12 9 28 36 30 35 317 270 222 135 131 149 151 132 126 129 118 112 111 115 112 120 140 132 129 120 320 307 308 314 314 307 305 315 328 336 321 294 289 298 275 125 120 153 174 178 171 158 142 156 167 148 143 149 159 148 149 164 160 154 148 145
312 315 343 5 339 316 338 106 97 94 105 143 181 200 219 80 72 64 61 297 237 227 247 278 11 4 8 21 22 348 323 297 285 308 7 29 50 54 50 50 333 289 156 120 119 141 156 140 135 140 125 119 121 114 106 110 121 110 78 322 313 298 303 314 309 308 312 320 328 342 346 325 291 193 173 148 127 133 155 182 173 155 134 142 163 152 146 151 158 149 157 172 158 154 159 317
339 306 303 341 340 348 88 97 87 88 90 98 186 204 211 111 81 70 67 59 263 258 264 272 312 350 16 23 17 358 352 342 318 327 8 24 44 57 52 50 326 283 104 96 92 104 133 137 135 140 126 125 137 131 123 123 127 109 345 320 314 295 293 302 295 295 303 312 316 333 348 354 73 146 170 158 144 147 155 173 178 161 132 131 148 139 137 144 144 137 146 176 161 302 314 310
347 324 300 298 306 81 87 87 89 86 78 72 74 225 198 147 112 90 81 69 294 272 271 273 273 290 15 23 11 3 353 344 331 334 9 26 40 41 34 61 134 179 155 120 105 106 113 123 125 129 118 117 131 126 125 131 130 296 318 327 323 310 304 308 298 297 304 307 310 321 340 49 82 97 134 144 143 152 151 162 182 171 141 138 149 138 135 147 139 133 115 349 326 317 308 301
351 348 337 330 356 72 79 74 80 75 65 61 42 340 71 124 139 119 100 80 315 298 290 286 280 276 320 9 8 11 341 333 340 351 37 68 76 80 93 106 126 163 170 147 138 135 118 126 139 141 121 115 123 113 109 111 52 304 306 321 318 311 306 304 296 299 312 309 311 304 174 133 107 96 107 122 130 138 138 149 176 168 148 141 145 134 134 149 137 118 342 333 330 332 320 304
332 349 356 350 11 38 35 37 47 45 39 45 42 336 65 88 119 124 101 41 322 303 297 294 285 270 264 301 345 358 341 334 358 45 101 130 137 141 142 130 124 141 159 150 151 156 124 122 137 147 132 127 134 121 112 88 336 301 299 309 305 302 297 293 288 293 308 304 309 131 153 150 137 121 114 124 139 143 136 144 165 155 144 135 130 118 116 137 30 339 332 327 321 334 336 322
256 301 4 354 3 24 28 31 37 39 49 59 39 350 49 69 72 83 72 338 319 298 286 285 281 267 248 239 285 327 342 341 41 85 100 116 135 152 149 141 135 135 142 142 149 158 122 112 118 130 133 132 134 122 100 335 331 320 314 315 312 322 319 301 296 293 295 293 99 103 108 121 134 132 113 116 134 144 139 143 162 156 153 149 137 118 99 349 331 334 333 327 316 323 330 316
244 256 317 338 348 22 38 44 53 66 81 76 29 353 47 65 56 45 16 334 323 299 282 273 269 261 246 246 264 274 301 358 99 109 112 104 114 143 143 140 143 143 141 148 160 166 127 114 120 116 121 127 119 103 343 322 320 321 323 312 301 320 340 311 303 304 296 246 137 123 116 120 126 126 107 104 114 127 135 144 157 150 152 160 117 44 3 348 341 341 347 341 322 323 322 295
245 244 231 253 288 17 31 39 55 77 83 72 25 346 53 60 46 31 6 345 336 310 285 269 258 237 220 228 244 234 212 170 123 123 129 108 98 104 114 123 133 140 136 145 165 174 141 128 135 120 117 128 120 71 310 311 306 309 321 308 284 293 328 310 299 301 289 138 144 149 129 123 127 128 112 104 105 109 117 135 143 123 66 337 349 356 349 346 340 337 347 348 339 343 347 311
247 234 211 215 224 227 21 50 61 62 67 60 20 350 39 51 39 26 9 355 348 336 317 289 254 203 195 212 228 219 206 173 135 124 118 103 95 94 102 112 119 121 117 128 161 165 144 134 137 121 115 121 32 333 321 319 315 322 339 330 289 281 293 296 293 290 151 125 133 152 133 116 116 119 114 112 113 102 101 120 136 124 323 326 337 348 347 343 336 329 329 334 342 353 359 321
227 216 207 219 227 223 217 102 74 48 55 55 18 359 29 37 24 18 14 2 359 0 354 342 249 159 176 207 223 219 206 175 137 117 96 91 92 90 92 100 112 112 105 113 150 148 135 129 127 112 101 24 324 324 325 322 313 322 348 344 314 290 283 284 288 293 130 129 131 147 145 130 120 114 107 112 124 108 101 106 96 308 308 315 324 341 351 355 347 333 320 313 333 4 10 315
209 201 203 216 219 219 223 154 108 85 73 63 19 15 22 15 9 20 25 10 16 27 33 88 148 150 165 199 218 214 203 183 152 125 106 101 96 88 90 92 93 90 91 98 125 135 136 141 136 115 87 328 305 307 316 315 304 311 344 342 328 303 280 276 279 102 114 119 125 132 139 140 131 119 111 108 118 111 103 97 340 303 298 297 299 318 342 357 356 344 334 320 337 16 22 318
211 201 203 215 214 215 222 179 143 162 141 102 8 25 20 355 0 36 48 45 72 87 101 117 138 142 151 194 212 201 193 188 179 173 130 104 93 88 90 87 79 86 94 93 99 111 124 141 135 96 359 328 313 315 326 327 310 309 339 341 334 319 285 273 267 104 102 103 108 108 113 127 135 121 110 100 96 98 97 83 298 286 281 278 276 280 298 324 343 345 334 315 329 22 21 335
218 204 218 234 226 227 233 185 135 154 166 183 191 157 166 199 187 113 82 90 111 130 127 117 120 127 136 177 205 198 190 191 187 186 157 120 104 88 82 78 73 87 94 92 91 93 94 102 83 346 328 321 309 312 324 329 325 325 347 353 350 352 307 287 275 111 103 104 113 110 101 103 115 110 103 93 84 83 79 24 309 290 286 281 272 271 277 281 295 321 313 291 294 18 9 336
191 199 225 234 232 247 249 183 120 127 158 187 184 173 182 195 189 176 140 125 129 149 153 139 134 133 136 159 200 201 196 200 197 193 169 142 135 105 84 81 82 93 98 100 94 87 83 75 352 319 313 305 294 296 305 305 315 330 353 359 356 4 319 304 41 102 96 95 102 110 110 105 99 97 102 104 100 97 81 5 310 295 293 291 273 260 248 257 262 268 279 274 263 260 314 304
181 204 216 215 221 231 218 174 143 130 144 181 180 174 194 205 196 180 148 131 128 147 168 147 137 139 137 154 187 194 200 206 201 197 179 141 132 130 112 106 108 106 108 109 97 87 67 32 341 326 324 316 301 301 308 289 290 315 354 1 358 1 319 315 71 75 81 85 86 95 106 113 116 112 114 116 105 102 89 9 286 284 288 295 283 254 237 244 243 231 234 229 213 202 219 236
185 204 210 218 222 215 197 171 158 146 148 175 177 181 202 207 195 180 146 129 121 134 174 152 130 127 122 134 172 195 206 203 195 196 195 177 155 128 119 118 118 110 107 107 93 75 42 18 339 321 322 316 311 315 325 305 292 305 350 2 353 351 337 14 88 84 85 86 87 90 96 106 112 111 119 135 116 95 25 8 300 287 287 290 299 264 238 241 234 218 223 221 212 212 231 236
195 192 208 225 222 208 193 169 152 146 152 167 173 191 207 201 188 179 161 147 144 151 173 165 150 131 107 108 144 205 209 197 192 201 205 194 176 133 118 115 110 104 101 95 72 40 24 18 332 307 305 298 304 316 323 315 300 294 324 356 358 356 55 123 137 142 116 97 93 98 103 106 107 108 111 124 124 98 350 0 313 301 303 301 325 6 261 247 243 233 247 255 260 262 263 259
187 184 189 201 202 201 200 173 142 136 153 161 167 208 209 194 183 176 160 142 149 169 174 173 174 167 139 131 152 200 209 201 199 222 228 214 182 130 115 104 90 83 69 35 13 8 14 12 348 321 303 284 285 298 306 311 310 290 278 323 64 126 126 128 140 146 142 130 118 110 114 121 111 111 112 105 96 324 328 341 316 306 306 300 325 28 7 283 267 260 259 249 225 227 245 244
168 176 176 188 194 202 203 180 153 143 163 181 188 206 199 188 182 171 145 118 129 167 171 176 182 174 146 144 169 188 204 204 197 220 230 220 192 116 104 96 84 71 45 11 353 2 14 15 2 332 311 287 286 294 302 318 340 315 273 208 127 125 105 103 111 114 128 141 128 111 113 127 113 109 115 99 11 329 327 322 311 300 294 287 305 34 23 306 264 244 241 228 206 219 233 227
122 153 142 167 185 203 203 185 157 143 162 193 201 190 186 188 186 179 151 108 113 153 160 174 180 165 133 135 163 186 213 217 196 208 219 220 205 125 107 100 84 54 23 3 349 8 22 31 26 327 308 288 286 290 290 315 5 349 337 35 78 88 97 95 93 93 100 120 124 114 111 117 109 103 87 27 341 335 335 326 321 311 301 293 307 21 37 12 247 237 238 226 209 233 241 237
80 129 134 143 166 195 206 194 149 133 152 197 207 186 182 197 197 187 168 116 114 155 164 173 177 159 131 131 153 206 245 232 189 201 225 229 219 132 99 76 42 6 1 0 1 12 22 38 32 332 303 281 276 278 278 296 356 358 20 54 65 82 93 90 83 88 94 108 117 119 119 114 98 71 21 358 341 331 328 324 327 316 302 300 315 5 34 37 333 252 243 238 236 260 268 273
64 90 125 137 152 183 196 191 164 141 148 191 218 190 178 214 215 181 162 123 120 152 160 170 175 163 141 143 167 224 237 211 184 216 252 255 252 114 76 34 358 342 346 1 12 17 26 36 26 349 319 291 286 285 276 283 329 15 60 70 63 79 85 82 81 87 89 93 102 112 126 121 91 32 6 358 345 332 318 308 314 305 291 295 312 350 36 42 21 347 277 267 277 284 292 305
77 85 108 122 130 167 190 191 182 167 157 190 216 184 180 217 215 165 154 127 124 153 152 159 163 156 143 150 190 228 232 212 206 262 279 288 290 353 55 3 321 324 333 9 34 23 27 35 29 358 323 301 301 305 287 283 288 109 98 78 59 73 74 66 82 95 93 91 96 102 116 113 66 345 353 355 346 341 334 329 334 325 290 286 301 334 52 56 33 15 322 298 299 295 304 324
107 96 100 105 99 120 174 191 195 175 156 199 217 176 184 210 193 163 156 148 151 175 167 152 152 146 144 163 217 257 273 287 299 289 287 293 299 344 18 356 333 332 342 16 33 15 21 40 40 7 309 295 297 304 291 282 165 135 131 127 111 99 95 96 101 107 104 96 95 93 87 70 357 309 324 334 335 339 338 340 342 337 298 293 310 341 34 43 29 19 339 313 312 296 301 322
150 122 106 102 104 120 157 177 200 178 146 209 221 171 185 202 181 157 143 147 166 185 178 162 161 157 158 302 304 291 300 319 318 307 299 295 293 322 3 350 340 341 343 21 35 11 14 36 41 11 301 288 290 290 281 268 128 122 130 151 146 127 128 142 124 120 124 107 95 85 51 35 0 311 310 302 314 330 334 347 354 338 300 294 306 332 21 30 17 7 351 334 329 317 309 315
164 146 135 123 111 125 161 168 190 184 157 203 217 177 190 194 168 149 127 131 173 187 175 166 171 232 317 339 345 329 325 330 322 319 312 297 291 304 357 321 327 349 348 36 46 22 39 70 61 1 304 294 296 296 292 261 126 115 118 136 147 128 128 148 134 130 138 123 100 83 33 29 7 329 329 316 318 332 342 1 11 342 297 291 297 312 1 20 13 7 351 330 317 321 330 328
162 153 156 148 116 114 147 165 185 188 162 202 215 183 183 176 169 165 139 131 174 189 175 188 298 310 315 331 343 347 343 330 326 334 340 322 301 312 13 302 304 348 19 70 83 89 107 107 67 328 295 290 291 288 291 116 129 123 126 137 145 137 135 146 133 128 133 127 113 91 28 11 359 341 324 312 314 325 343 10 15 0 306 290 298 306 334 9 18 23 353 309 288 295 322 327
167 159 166 164 127 108 116 152 184 194 162 202 215 181 172 167 168 172 157 146 183 232 305 332 333 318 311 319 331 356 356 324 319 337 352 344 318 325 21 309 289 333 94 101 99 95 85 64 355 317 285 279 277 270 255 112 109 112 121 133 132 133 140 147 132 129 133 108 70 31 1 352 353 353 317 306 311 312 326 7 20 18 315 279 282 293 314 352 16 26 8 326 288 281 285 285
168 159 170 172 150 129 124 148 186 203 170 190 204 176 161 153 160 168 162 165 247 290 312 331 340 331 327 332 337 3 12 331 298 316 352 352 331 340 23 317 295 102 111 102 85 70 58 15 345 335 300 283 277 267 237 129 102 97 104 115 110 111 124 136 122 114 88 3 4 2 357 357 359 6 329 306 315 326 327 0 39 48 336 269 267 275 289 320 8 28 19 346 301 286 256 225
164 154 164 165 157 139 125 133 184 204 181 176 184 179 170 159 158 165 194 305 318 304 307 323 327 320 326 341 345 13 34 357 288 284 323 351 354 4 15 316 312 75 81 70 58 47 25 342 340 340 302 276 262 241 197 169 143 122 122 129 112 100 95 98 92 45 350 335 343 352 356 2 6 13 343 297 297 326 2 30 47 64 34 269 261 262 260 248 252 42 37 347 296 275 219 216
175 161 161 156 153 133 116 115 163 195 185 172 176 182 181 182 199 333 331 333 335 320 316 329 325 309 308 329 352 44 54 1 304 287 293 337 14 7 359 334 350 43 45 43 37 28 358 330 340 354 262 250 240 216 183 179 145 126 129 134 116 85 53 33 10 2 351 333 337 345 350 8 18 22 4 298 277 290 11 41 45 64 52 263 245 247 240 221 227 196 85 313 262 228 213 245
183 173 170 166 165 160 133 119 145 185 189 174 177 194 237 290 321 322 327 333 333 323 320 332 327 311 297 274 309 42 37 352 321 309 301 331 18 356 352 347 6 36 37 29 19 21 3 308 142 157 226 238 235 218 185 186 124 109 108 98 83 56 24 359 350 0 358 343 348 358 354 10 26 24 14 325 283 277 336 40 38 42 46 308 250 252 239 218 224 208 170 204 229 218 216 233
179 181 172 163 163 172 156 139 156 184 193 197 217 272 297 309 319 307 309 320 313 304 309 325 321 310 310 214 241 328 5 352 339 331 319 344 24 345 335 350 22 39 39 32 31 61 103 166 156 174 209 219 223 213 194 188 123 100 85 53 31 14 2 338 338 359 357 349 354 7 1 13 23 14 6 350 317 298 329 35 34 43 47 31 286 260 241 225 229 222 201 186 201 214 204 210
165 190 173 149 149 167 154 143 161 189 222 271 316 327 322 324 330 317 322 338 327 309 303 310 311 316 36 129 237 262 310 332 335 338 336 359 20 351 337 0 45 47 61 88 120 117 120 143 149 181 213 217 222 213 198 199 132 50 20 3 3 4 1 341 340 0 347 351 6 20 9 10 22 9 359 1 327 293 320 29 27 40 37 23 6 243 229 224 235 235 220 176 184 218 199 200
166 187 184 159 144 161 143 132 165 252 285 296 313 312 317 326 325 312 321 344 339 334 331 332 334 354 71 101 253 252 245 261 281 301 318 14 20 349 357 128 137 139 129 131 141 133 135 142 145 192 230 228 230 222 201 209 237 343 5 350 357 8 358 351 358 357 344 359 21 28 8 5 31 16 344 24 320 277 293 15 31 45 37 29 49 114 210 215 225 221 216 188 164 212 204 208
162 185 189 172 154 167 162 149 329 318 306 305 299 287 294 315 316 299 305 329 335 342 344 339 355 57 100 122 227 233 232 242 240 225 202 173 178 183 149 143 152 150 141 139 145 135 141 155 158 205 222 205 214 217 193 219 248 244 220 265 308 8 333 353 15 347 338 7 37 30 13 17 39 22 345 20 347 284 283 345 47 58 48 48 64 75 156 213 225 218 215 196 166 188 197 199
150 183 181 168 161 171 215 298 330 330 327 341 337 305 302 317 318 310 305 309 315 333 345 340 54 99 113 132 204 220 223 228 224 213 190 174 187 191 141 127 140 131 127 127 131 124 129 151 177 213 212 193 212 217 190 221 233 212 207 240 269 321 306 344 29 333 322 38 65 51 58 82 57 359 344 8 354 310 287 297 39 46 43 47 59 62 63 207 229 220 212 200 178 172 193 200
152 177 170 158 171 262 293 300 318 318 324 350 349 314 305 317 313 313 312 306 299 307 337 39 102 100 102 118 193 222 226 228 225 216 186 174 195 204 156 123 132 121 116 121 124 121 126 143 190 216 204 186 212 218 194 221 223 212 221 243 252 262 278 324 3 343 357 90 95 95 109 123 303 311 328 1 346 332 324 306 16 47 41 42 56 55 48 57 203 216 209 210 203 165 180 198
165 174 189 249 324 326 304 298 305 292 296 339 348 312 298 305 300 299 304 293 267 229 180 153 133 109 99 110 173 213 227 238 236 226 192 172 200 214 181 115 103 102 110 120 122 123 131 149 180 202 199 184 210 221 208 237 244 239 238 248 244 232 255 286 341 359 87 114 131 110 98 55 308 294 313 355 332 323 341 336 13 51 39 49 59 53 48 64 93 201 201 204 199 185 181 186
180 205 286 317 333 330 316 311 319 305 305 337 344 319 300 288 283 287 292 253 214 193 165 154 151 129 106 110 156 200 222 228 214 203 199 191 187 218 221 101 56 79 96 111 106 105 109 122 151 189 195 186 206 213 208 226 235 232 252 265 254 239 257 260 253 116 100 103 120 95 32 357 342 316 322 0 340 309 324 344 27 47 33 60 68 64 65 74 78 127 185 199 201 196 194 186
291 317 314 314 329 320 308 309 317 306 304 334 335 327 326 311 290 287 289 169 186 185 152 140 154 152 124 119 149 202 228 229 200 193 210 202 175 208 214 191 180 89 89 97 85 72 57 49 62 109 182 190 208 212 213 228 233 225 246 254 239 247 259 251 225 147 99 84 57 1 346 351 345 330 338 11 354 308 297 324 50 67 70 83 79 72 70 76 74 68 98 189 210 208 210 188
326 325 324 320 330 317 298 290 284 277 276 300 310 316 332 330 301 291 106 134 167 181 165 143 154 168 131 122 150 213 239 232 191 203 231 199 169 204 212 198 205 132 79 56 59 52 38 35 46 53 57 160 222 228 229 239 239 229 245 243 231 244 250 240 216 191 74 30 19 347 329 346 337 333 0 20 8 322 289 300 70 83 101 101 82 59 58 68 60 47 55 78 196 210 216 194
330 325 329 337 342 338 326 312 292 275 275 287 288 293 310 323 303 299 96 113 140 169 167 144 151 170 145 133 159 201 228 225 185 215 233 186 155 206 218 204 217 205 75 43 46 42 35 42 48 41 33 46 196 242 245 247 240 237 253 253 243 238 238 231 216 236 319 5 13 352 331 343 333 339 8 16 18 354 318 330 69 82 84 88 76 42 51 57 47 43 55 67 103 194 198 189
