data/Arrowhead/Fire1/saz.asc
ncols 127
nrows 126
xllcorner -1620000
yllcorner 438000
cellsize 100
NODATA_value -9999
[rows 0 to 44 of 126, columns 0 to 95 of 127]
38 7 9 20 304 288 299 302 298 321 7 6 341 342 354 0 358 357 27 36 26 4 345 346 51 88 91 87 81 80 77 67 69 79 75 65 74 70 35 29 60 69 23 260 257 248 250 254 241 222 239 242 228 215 218 217 196 215 216 197 192 170 165 173 182 206 233 252 260 251 216 190 216 233 235 248 246 230 236 243 237 226 231 220 193 196 207 204 203 215 214 215 295 326 355 9
11 358 10 27 324 279 275 285 288 291 339 8 351 338 340 356 12 15 32 38 25 6 14 51 87 91 87 85 86 88 90 92 96 95 87 81 79 51 13 38 59 61 49 259 241 225 232 238 234 231 248 248 226 220 236 233 205 216 214 195 185 162 158 175 201 231 248 235 225 218 202 195 226 245 246 255 254 240 246 249 236 217 214 200 184 197 199 190 193 202 205 209 236 254 265 346
354 356 15 34 356 304 296 289 287 289 305 346 350 343 342 21 74 71 73 67 45 43 81 91 95 97 94 92 94 98 105 119 111 102 95 89 71 21 12 46 54 50 45 330 227 221 231 235 226 222 234 228 205 214 230 226 205 214 217 199 172 147 143 164 225 243 219 195 197 208 206 215 247 259 263 262 250 235 243 244 226 208 203 192 183 197 196 191 195 206 209 212 228 225 212 211
334 353 28 36 4 324 313 300 287 286 291 312 336 351 26 76 82 73 80 85 90 101 109 109 108 109 109 109 111 113 116 125 121 122 114 61 15 2 18 46 51 44 41 48 192 235 244 244 225 220 228 222 205 219 228 214 201 208 206 191 169 148 144 156 240 239 188 188 216 239 240 257 271 272 267 258 235 219 222 218 200 194 195 192 186 197 202 206 213 225 224 222 233 229 215 210
296 339 26 27 11 336 303 298 294 285 280 284 304 37 89 95 94 100 102 107 124 124 136 144 129 122 120 121 115 116 118 115 107 95 22 356 355 2 26 44 42 35 42 57 61 246 246 241 223 231 239 230 219 237 235 212 211 212 200 188 170 155 156 177 221 208 182 219 269 295 298 286 277 268 259 243 216 206 211 209 195 194 198 193 187 197 203 204 215 228 231 233 248 246 223 226
286 317 8 15 12 359 333 305 305 308 293 289 297 87 96 104 112 118 126 127 130 127 145 165 153 142 138 138 119 114 120 117 93 25 349 343 351 11 35 49 46 37 52 59 46 15 254 225 210 220 226 224 229 242 237 222 233 226 196 185 160 147 156 190 209 193 204 258 276 291 296 287 269 247 241 224 203 197 213 216 200 199 197 189 190 204 210 205 219 230 229 230 234 219 201 222
289 301 346 5 10 7 358 320 312 328 316 309 348 89 92 95 105 113 131 141 127 116 127 156 154 149 148 145 125 119 116 54 3 352 350 352 1 19 37 56 58 45 56 52 35 30 35 202 211 225 228 224 225 228 223 212 217 213 191 180 153 134 149 197 207 222 266 273 273 273 270 259 231 221 215 199 191 193 209 214 202 197 191 186 205 228 227 210 229 241 236 229 219 204 202 221
268 270 283 327 3 13 5 327 308 317 314 318 79 93 88 86 92 101 120 152 140 116 117 135 136 143 152 145 122 103 9 347 345 347 350 356 10 24 39 54 47 36 50 50 35 41 56 64 229 240 240 229 221 224 221 206 209 208 189 177 165 149 162 198 232 267 276 271 267 256 244 228 211 209 202 189 185 204 222 220 207 187 180 185 210 228 220 203 237 253 245 231 210 199 213 221
265 259 253 280 331 9 2 336 315 307 300 81 113 112 100 100 105 98 104 137 149 130 127 138 134 140 154 148 111 12 343 333 332 338 344 353 16 33 47 54 40 34 43 39 27 37 43 41 38 248 240 227 230 240 230 210 213 206 185 177 169 154 166 231 265 274 267 261 251 227 225 222 211 207 202 184 181 231 246 228 205 173 167 190 215 219 208 206 240 240 212 199 194 197 212 218
277 272 267 277 305 357 357 347 337 327 320 124 122 127 123 121 123 106 99 108 128 134 134 131 115 90 30 5 352 347 348 341 344 346 339 355 29 43 53 55 41 37 42 39 29 41 42 40 41 356 233 218 220 218 210 209 209 201 182 178 169 152 189 264 267 260 260 259 241 213 219 217 199 195 191 179 191 242 248 218 198 161 149 199 225 224 222 231 243 227 198 188 195 205 207 207
292 298 299 288 294 339 348 347 355 35 135 137 137 135 140 143 138 114 106 108 107 112 110 54 27 11 357 351 348 345 346 339 349 355 347 5 26 32 48 52 39 42 55 53 44 58 60 52 49 57 164 215 215 205 202 203 198 194 184 182 179 181 239 263 258 250 256 256 235 217 225 218 192 190 185 182 213 242 234 201 187 166 160 195 231 250 261 259 246 218 196 185 199 215 209 203
311 315 310 303 294 285 240 185 147 138 128 129 132 127 136 151 146 123 115 115 85 49 18 10 5 3 353 348 345 342 336 328 336 351 0 29 51 56 68 61 34 41 51 48 48 63 64 56 70 83 91 230 220 205 199 201 200 196 189 188 199 224 244 253 247 234 243 243 226 219 227 221 193 190 182 197 237 242 225 199 185 165 164 189 227 238 225 221 211 199 196 186 208 229 216 208
307 324 309 302 281 216 191 165 151 139 119 112 111 109 120 148 139 123 108 66 29 16 12 6 358 1 358 354 352 354 348 326 325 355 87 118 132 132 116 109 99 79 78 79 85 90 95 103 103 99 58 346 335 271 205 209 211 205 205 208 228 241 248 255 246 229 240 237 217 213 216 206 190 188 189 218 240 240 226 202 190 163 151 181 230 230 208 209 202 197 192 191 214 214 195 203
284 309 301 269 221 206 188 156 140 121 116 117 113 103 109 146 116 82 31 10 7 8 8 1 355 0 1 354 352 2 5 344 334 133 136 141 146 141 130 140 166 144 127 125 125 118 121 134 119 91 339 345 357 0 6 8 355 213 206 213 230 242 251 257 248 239 244 237 217 214 210 201 193 192 201 216 224 222 207 198 197 173 146 187 247 237 214 216 210 196 190 205 216 198 186 198
278 271 254 242 237 229 210 155 57 86 100 111 115 92 79 47 14 7 2 10 13 4 3 357 352 359 2 350 350 10 29 61 128 133 134 148 157 146 143 152 169 162 147 135 132 130 129 132 116 348 327 330 347 3 10 18 22 25 22 226 224 226 230 234 232 232 239 237 225 223 214 205 200 197 204 209 215 213 198 199 198 180 164 199 226 209 207 216 210 192 202 226 210 186 183 190
276 247 232 233 232 236 241 273 0 72 84 89 91 73 51 20 346 343 358 15 13 358 359 0 356 356 5 3 9 72 110 122 128 122 118 135 157 138 139 152 162 169 163 152 140 138 140 90 347 327 325 316 331 8 17 30 34 29 32 44 212 221 227 231 220 215 221 214 205 207 210 209 195 197 205 207 216 211 200 200 195 185 174 201 210 196 205 208 198 186 198 204 191 181 180 188
247 232 233 233 234 243 259 296 325 51 69 69 62 45 28 14 349 336 353 10 6 351 351 0 0 359 28 68 122 134 134 135 141 128 114 124 150 125 121 138 144 153 158 157 140 132 306 337 334 332 334 323 335 4 17 34 36 30 45 55 47 235 242 237 213 214 217 204 199 208 216 205 187 194 196 192 206 209 201 199 196 193 185 205 208 193 196 201 197 186 198 201 191 181 180 191
235 231 233 238 247 257 271 299 316 30 49 38 25 12 4 4 1 353 356 3 355 340 335 1 21 58 100 111 127 135 133 136 148 139 127 134 155 140 135 145 144 142 144 149 131 2 319 320 317 324 334 323 331 1 21 36 35 29 41 40 37 43 250 232 208 221 222 209 207 223 226 200 192 198 191 189 203 205 194 195 194 189 187 202 201 180 182 199 202 188 203 209 192 179 184 200
228 229 236 247 254 267 283 298 309 10 32 22 15 8 2 2 7 2 359 6 3 351 335 120 131 130 113 105 103 110 116 126 143 131 127 133 145 141 140 150 144 142 137 59 343 341 328 315 315 317 322 310 315 358 32 47 45 36 42 39 36 38 359 232 205 219 217 214 217 225 223 202 207 205 189 192 204 201 188 193 195 187 185 196 191 174 178 192 193 190 207 215 192 182 200 216
223 230 242 254 260 275 296 314 315 355 20 13 14 9 5 6 6 353 356 20 45 102 149 152 158 150 126 121 114 100 103 121 146 121 116 120 123 122 123 137 133 119 338 338 329 343 348 325 327 336 335 322 321 356 39 60 56 43 46 48 41 40 32 30 178 227 221 217 210 204 201 195 201 201 191 197 204 191 180 190 195 187 179 187 187 175 177 189 190 195 207 208 191 188 199 209
236 247 256 264 271 279 294 320 321 346 14 4 356 8 15 11 0 332 352 85 108 134 143 146 159 159 131 124 134 117 108 118 147 135 130 137 129 127 120 109 65 339 326 320 314 330 346 329 327 341 341 332 337 358 30 50 46 39 45 47 40 48 45 37 34 330 228 209 202 197 192 196 204 204 192 192 189 178 176 189 195 186 177 177 183 180 182 191 195 202 209 208 194 193 204 212
251 263 267 269 270 274 283 308 312 333 13 7 340 4 22 8 8 12 135 122 118 124 130 137 152 157 126 115 131 122 112 110 124 129 130 145 137 99 36 21 354 343 346 318 310 322 334 324 321 338 337 329 338 2 44 62 51 36 37 37 32 37 33 23 30 37 45 199 207 209 200 207 215 205 190 187 181 176 177 192 196 185 180 178 182 185 190 194 199 206 215 216 202 206 220 218
245 256 260 258 265 277 285 297 298 313 6 3 334 356 22 15 42 97 126 130 131 129 128 140 159 163 142 126 129 116 107 103 100 102 111 131 335 346 0 5 351 346 3 329 303 311 323 323 331 348 331 325 337 22 72 77 53 25 34 40 33 35 27 17 32 37 22 10 358 325 321 304 218 204 191 188 182 183 190 228 219 196 187 196 234 262 244 214 207 203 203 206 206 219 229 221
247 255 255 245 256 266 271 281 297 318 357 351 336 359 27 55 92 104 105 113 125 124 119 129 153 159 150 137 133 122 119 119 114 110 108 14 315 329 353 5 349 341 9 349 298 286 294 300 325 352 336 338 1 44 74 71 26 23 54 54 36 36 32 22 36 35 22 17 21 358 332 0 1 345 347 350 352 349 343 343 347 353 355 349 341 346 358 8 2 18 194 208 213 224 226 218
257 261 260 253 260 264 268 280 289 303 17 240 204 166 154 120 118 118 101 100 107 108 104 107 125 135 139 137 129 119 120 127 118 106 33 340 321 331 357 12 350 341 12 15 321 293 291 287 298 331 338 356 31 54 64 46 6 30 44 22 13 28 34 19 34 39 31 29 40 36 301 326 353 350 351 351 354 351 345 347 351 356 358 0 353 343 1 15 10 19 26 355 236 231 228 220
266 273 271 268 273 276 282 287 285 246 147 166 174 172 171 135 129 141 118 110 113 112 108 109 114 118 129 134 124 111 113 124 108 43 339 334 319 320 357 13 352 349 16 25 346 319 308 301 294 293 321 25 51 62 61 27 8 39 33 4 12 32 28 11 25 31 21 25 43 48 323 290 318 339 342 342 343 342 340 342 347 353 358 8 4 349 2 10 7 26 38 29 23 246 236 224
272 277 276 273 274 277 281 280 274 145 132 153 166 167 172 128 115 132 125 116 111 110 116 125 128 117 127 142 140 127 121 121 54 343 329 313 303 296 331 1 348 354 28 36 350 325 312 313 322 307 318 27 48 62 52 11 26 49 28 1 24 34 19 10 26 31 21 33 51 48 4 305 315 340 342 340 335 329 332 330 329 341 356 8 3 355 5 10 11 37 43 30 37 23 230 215
272 273 277 278 275 274 276 273 263 115 115 135 156 161 172 134 104 106 112 117 117 104 109 127 138 120 117 126 126 126 116 37 330 339 352 332 319 311 310 325 334 6 61 61 337 316 303 308 330 330 333 30 56 46 18 6 25 36 22 3 23 28 18 16 36 42 31 52 62 53 25 302 305 336 340 343 344 339 344 347 336 333 351 4 0 2 15 21 35 58 51 37 42 44 42 223
278 276 275 278 279 274 270 274 285 86 93 104 130 150 158 149 119 105 107 123 146 111 102 116 131 122 115 111 97 90 9 340 321 329 356 346 328 333 333 325 337 61 84 62 323 312 292 290 309 331 357 54 63 23 1 14 29 30 15 2 14 19 14 15 34 46 40 61 70 67 49 290 290 316 324 335 343 337 346 357 350 330 343 3 4 12 28 35 55 66 59 46 50 51 43 12
293 291 298 295 296 287 276 277 296 74 83 91 104 126 131 146 141 116 112 121 151 131 114 121 133 130 126 129 106 70 327 323 310 309 345 353 327 324 335 339 29 82 65 13 338 326 303 298 309 327 26 54 44 9 357 36 41 22 6 3 14 20 20 34 56 59 49 68 76 70 22 306 297 302 302 317 334 325 341 6 355 318 327 4 14 31 48 46 53 54 41 35 48 53 47 50
291 293 304 295 300 315 307 300 320 60 76 87 98 114 115 128 148 118 111 114 131 132 118 116 123 126 117 96 66 6 325 326 329 322 330 2 334 302 310 355 62 66 9 348 352 334 301 301 316 338 23 30 21 17 26 42 24 0 357 8 32 47 59 83 92 85 78 87 90 77 338 314 312 312 306 314 333 325 343 13 1 305 300 16 57 74 69 50 52 50 39 45 62 59 47 52
290 286 286 281 287 307 310 307 326 52 70 75 79 90 97 106 135 117 107 111 120 120 110 102 102 101 46 12 18 353 317 310 330 345 339 6 355 324 323 32 75 50 333 330 3 343 296 289 302 337 26 28 28 34 33 17 359 354 5 33 73 87 92 94 100 111 114 105 99 58 310 311 316 310 305 309 324 324 345 10 5 333 318 24 68 78 64 48 53 53 47 65 74 62 46 47
299 294 286 280 280 285 287 291 311 52 70 72 69 80 93 98 112 114 111 114 121 125 124 114 94 59 341 345 13 8 305 282 297 337 342 7 1 334 0 66 52 11 331 331 5 356 305 284 285 319 60 62 63 52 19 5 1 12 55 99 113 118 120 111 115 130 131 121 104 333 305 310 322 302 295 304 313 312 337 7 7 356 339 24 57 54 38 34 47 53 52 66 69 56 45 44
307 303 295 283 279 278 278 285 315 42 75 75 71 82 90 86 85 94 101 102 104 112 106 57 31 7 345 338 2 21 344 279 274 286 311 2 7 346 56 64 5 353 325 328 7 10 317 289 288 327 35 39 43 24 358 1 38 88 110 111 114 122 123 114 116 129 125 117 358 326 310 315 338 327 309 312 313 300 318 6 18 25 357 15 54 52 40 43 63 72 65 63 51 33 31 28
316 305 295 281 276 273 271 275 310 88 95 93 85 82 80 75 78 82 78 64 62 57 16 358 2 1 355 338 349 27 13 304 285 283 292 337 14 35 74 51 344 328 313 323 20 29 322 296 293 321 16 29 31 23 19 85 114 125 136 114 108 116 117 109 110 118 105 23 324 321 309 311 333 329 317 320 324 310 320 5 32 47 4 2 58 64 62 82 98 95 63 48 40 31 35 23
326 300 291 284 276 270 271 274 296 112 112 111 109 97 98 104 93 73 51 32 40 40 2 345 355 1 1 347 341 23 14 329 305 299 292 316 42 69 62 7 352 327 322 344 32 32 320 294 293 315 18 47 66 96 136 142 134 134 147 129 119 124 126 122 122 121 102 316 310 306 298 302 321 317 306 309 319 309 316 8 43 46 7 19 77 84 86 93 97 73 18 35 46 46 50 34
349 317 297 290 282 274 272 269 237 100 100 101 105 104 107 120 110 65 41 28 45 40 357 342 351 359 6 12 1 4 9 332 318 312 289 296 73 71 33 349 352 315 316 359 19 15 348 313 296 307 70 103 112 123 143 132 121 118 130 127 123 126 121 121 127 110 327 319 325 319 309 308 319 318 301 292 301 303 311 13 55 55 38 84 100 101 101 83 53 8 5 31 48 51 54 40
1 325 291 280 275 265 254 235 196 97 79 79 89 95 100 110 112 57 46 43 60 41 347 334 342 356 11 24 15 7 359 334 335 337 303 313 69 65 22 339 354 288 293 346 11 16 6 331 292 220 128 123 105 94 93 98 97 95 97 103 111 121 111 106 103 338 313 316 328 318 310 310 318 332 326 309 305 312 328 22 73 88 109 114 105 92 71 49 21 2 19 48 54 47 41 27
13 304 271 263 251 240 235 224 201 131 81 76 78 91 97 104 65535 22 35 42 62 41 326 313 321 348 17 35 30 21 351 322 332 341 323 351 62 57 16 354 9 285 280 307 9 38 26 344 311 140 127 119 99 75 62 77 85 86 84 90 98 107 102 98 46 310 299 302 319 311 293 293 301 319 330 318 300 309 359 77 99 104 109 98 91 65 38 27 15 9 50 67 58 44 34 21
85 250 253 245 231 233 240 231 209 181 103 89 94 101 101 99 198 246 54 53 50 17 334 314 312 342 26 54 55 34 350 307 299 310 318 30 67 57 19 3 9 296 289 306 14 51 30 2 41 80 78 79 83 75 71 80 88 96 103 104 101 101 97 83 334 317 311 312 321 325 300 278 279 296 320 317 294 301 70 106 105 100 85 63 40 18 16 22 22 25 58 64 55 46 33 22
116 220 250 242 228 234 234 219 212 195 116 104 102 100 94 81 68 225 164 95 20 356 342 318 314 349 53 68 49 17 2 338 307 286 297 70 75 62 40 4 348 297 292 305 29 53 25 16 39 51 50 64 70 78 90 95 101 111 110 112 113 113 106 58 316 309 308 316 326 338 340 312 286 292 318 322 297 305 91 102 98 80 38 24 15 13 19 32 35 39 55 51 34 20 14 15
5 11 291 257 241 240 234 229 250 265 89 85 75 63 53 56 50 65535 108 65535 294 308 323 307 306 31 87 87 45 6 1 353 347 307 312 66 63 58 45 354 325 300 291 294 46 56 26 36 57 62 63 78 92 112 121 117 123 137 121 115 117 115 109 314 304 295 291 297 307 323 345 350 296 281 295 311 299 337 76 75 72 45 16 10 16 31 45 55 53 48 46 36 20 14 17 26
3 20 2 292 273 266 268 275 284 324 58 55 55 49 43 41 32 26 352 341 335 314 296 283 270 117 106 102 124 298 322 343 0 326 327 63 44 35 22 0 324 306 303 306 41 60 43 74 93 103 102 102 110 125 129 124 128 140 129 127 132 125 11 315 312 299 298 295 281 288 321 2 318 287 284 292 293 358 64 58 51 23 10 17 27 24 37 53 49 40 38 34 22 34 57 85
358 19 17 340 340 319 304 302 289 311 67 60 69 67 52 53 57 50 331 315 338 347 317 292 196 136 117 108 162 274 285 308 357 350 8 47 26 21 19 9 317 298 309 332 45 78 101 107 108 114 120 113 114 124 121 118 118 123 121 123 133 166 303 313 315 302 311 330 314 295 303 350 342 304 292 297 303 12 64 63 54 24 14 25 32 21 52 69 62 62 84 107 129 122 114 115
351 27 32 339 344 334 328 335 335 147 149 139 94 80 64 79 85 81 276 269 292 342 327 341 116 135 106 82 357 290 287 299 338 14 26 19 18 29 39 28 305 290 297 347 97 110 127 127 129 126 126 121 123 135 125 125 124 115 111 109 109 288 292 303 308 297 304 333 331 306 289 312 342 331 315 305 269 157 99 68 51 28 30 45 67 105 123 124 144 143 140 154 163 159 154 145
