data/Arrowhead/Fire1/slope.asc
ncols 127
nrows 126
xllcorner -1620000
yllcorner 438000
cellsize 100
NODATA_value -9999
[rows 0 to 54 of 126, columns 0 to 95 of 127]
50 52 57 51 62 91 62 56 80 80 91 95 81 71 85 105 102 81 78 82 74 70 60 30 13 40 61 55 51 64 60 44 48 72 70 46 52 44 31 33 47 50 3 68 78 48 43 50 50 43 62 63 41 41 49 43 30 35 37 33 33 36 45 46 38 32 34 35 55 54 35 33 44 59 49 64 60 40 46 54 46 38 47 48 47 45 38 35 38 45 39 19 23 46 70 94
67 79 80 74 47 80 56 58 83 71 44 66 70 74 84 86 78 60 62 75 70 62 46 28 19 40 59 53 49 63 59 38 53 67 58 46 50 36 35 41 51 56 28 46 75 63 63 58 45 39 59 60 38 34 38 35 24 29 34 32 35 45 55 57 51 38 34 36 56 69 56 42 42 54 52 63 55 34 44 50 42 38 49 56 61 66 65 63 64 67 66 59 58 47 27 17
72 82 81 85 59 72 58 71 83 68 53 60 83 86 61 27 30 24 31 39 35 27 32 35 25 39 56 53 52 69 65 46 59 60 48 46 37 31 35 45 53 56 50 7 52 70 75 69 51 48 66 68 55 54 52 38 27 28 28 23 26 36 39 36 48 54 35 48 67 83 74 54 51 50 54 59 50 36 45 49 38 36 42 48 49 55 64 63 61 63 63 66 82 75 60 49
51 53 59 73 66 67 64 72 76 66 62 60 66 56 33 33 28 22 32 32 22 34 40 33 30 45 58 55 65 81 71 52 63 58 35 31 46 59 56 56 53 52 57 46 3 51 73 66 46 49 63 66 56 61 64 49 41 38 37 36 35 37 36 27 44 55 42 46 38 43 47 58 60 46 55 49 42 44 54 61 61 62 58 49 44 44 43 39 37 40 42 47 72 72 57 59
45 44 60 68 58 45 55 64 66 61 63 65 38 17 35 38 25 24 34 38 35 58 54 38 42 57 64 58 79 84 60 48 54 38 18 42 60 62 63 71 62 56 58 65 36 24 71 68 43 43 49 48 42 53 54 45 44 38 36 38 41 48 50 41 52 62 63 49 50 43 47 65 59 40 49 42 36 45 58 62 60 62 63 62 59 56 52 49 48 43 37 36 57 59 40 42
64 56 69 89 92 81 64 69 71 58 68 69 25 20 44 38 28 38 46 49 53 78 72 68 74 80 77 67 83 76 50 44 32 32 49 53 48 43 51 68 63 52 59 66 57 28 40 66 66 66 60 51 45 52 47 33 36 28 24 28 35 48 48 40 49 56 49 69 74 48 49 54 42 36 44 41 38 40 48 49 42 43 49 58 60 58 53 47 55 56 42 39 56 65 65 67
78 70 57 77 93 91 76 78 86 74 83 62 14 25 48 39 29 57 61 53 57 76 71 67 83 88 76 65 76 67 33 24 45 67 75 70 57 49 49 63 59 42 59 64 57 53 19 34 64 74 67 55 55 60 56 46 50 43 31 29 34 43 33 30 36 29 43 84 80 46 44 39 32 41 50 56 62 61 60 57 45 40 41 42 41 43 38 34 48 58 43 37 45 58 65 81
79 68 31 33 52 64 65 71 79 65 61 28 13 26 46 42 34 75 77 59 56 76 75 56 69 70 57 52 57 38 20 49 70 77 77 76 73 67 62 69 65 55 62 61 50 51 52 23 24 63 64 48 52 61 60 52 57 58 52 52 53 57 49 42 35 38 51 80 76 42 42 38 34 39 46 52 60 61 57 50 45 46 57 62 61 58 41 35 52 60 38 32 30 36 46 64
82 63 43 49 45 60 65 67 67 52 30 1 22 27 43 45 40 86 91 54 63 85 83 68 73 60 46 39 23 27 48 54 54 54 56 59 62 67 69 71 60 62 72 70 62 66 70 60 23 41 64 48 44 49 45 40 45 50 54 57 56 55 43 41 49 45 47 73 70 46 49 42 33 32 32 32 35 49 53 34 36 42 54 58 67 75 65 49 62 65 49 55 55 47 46 51
80 51 48 76 65 63 77 79 65 38 9 16 29 36 50 53 49 86 92 57 69 88 75 54 44 26 19 35 56 72 76 80 74 60 57 51 48 55 70 71 52 52 66 68 59 66 68 69 63 15 43 57 59 61 60 52 46 44 41 39 38 36 18 49 57 41 45 62 57 49 57 53 46 48 51 53 46 60 55 29 29 31 35 33 50 58 56 49 61 59 56 62 67 63 56 59
76 53 58 92 80 42 43 39 24 5 18 33 43 61 71 65 58 79 86 64 79 67 32 26 43 55 65 75 78 76 76 83 82 82 79 68 67 68 80 77 56 51 52 51 44 55 53 49 59 47 11 47 61 67 75 79 75 69 63 59 50 31 22 51 53 39 50 53 40 38 48 49 46 50 54 53 49 69 59 41 41 44 42 38 50 49 42 45 46 43 44 44 49 59 54 53
80 64 79 95 63 13 7 9 16 20 29 40 50 73 76 62 57 76 84 56 60 59 55 51 55 60 61 57 53 50 52 58 63 72 63 44 43 45 67 66 53 64 64 51 47 57 53 40 50 61 26 17 34 43 54 68 74 71 64 56 45 33 31 48 51 42 58 56 35 33 41 40 32 33 35 33 45 63 56 46 43 44 45 48 67 69 52 59 59 58 52 45 43 47 40 40
82 72 86 65 26 12 13 16 18 20 30 38 46 75 69 42 49 70 59 31 49 73 83 83 86 89 87 84 83 75 58 56 54 29 28 47 50 51 63 48 18 41 58 43 40 55 51 35 58 60 18 23 15 7 12 26 41 46 43 36 36 39 35 44 43 38 59 60 40 38 43 47 46 43 36 32 44 53 46 37 34 31 36 40 70 77 62 69 68 67 69 65 60 57 59 62
88 61 53 28 15 13 12 11 10 17 32 41 48 80 71 28 33 42 42 57 60 60 68 81 90 92 90 90 93 90 78 54 14 40 76 76 61 58 69 62 51 58 64 54 51 66 64 53 59 33 34 58 71 73 64 44 17 11 32 41 44 45 43 43 33 30 49 54 41 38 39 42 42 40 39 41 50 57 58 55 45 35 37 24 55 58 48 51 49 50 56 58 63 64 72 82
91 47 26 20 13 8 5 1 5 20 38 47 43 67 67 20 29 65 87 82 67 62 64 62 61 63 66 69 68 62 54 29 43 75 91 79 67 79 95 87 79 75 63 57 65 76 66 49 26 25 55 67 76 81 80 76 61 39 13 18 44 58 61 57 41 33 43 47 38 34 29 28 28 29 34 43 52 57 57 62 61 56 51 42 59 64 67 61 49 44 39 42 46 57 65 75
65 40 30 25 18 11 4 3 4 24 45 50 35 44 63 54 54 67 75 83 87 92 103 107 102 102 97 73 41 32 51 65 65 70 83 68 62 85 92 77 73 77 77 77 84 77 43 16 28 51 55 60 52 47 49 57 59 57 49 22 17 50 67 67 55 50 52 56 60 60 48 33 27 29 29 31 43 47 44 48 55 55 47 47 59 64 77 85 79 75 76 76 68 64 64 64
46 39 36 29 23 17 8 8 11 25 52 54 40 33 48 63 61 54 46 56 73 87 99 107 105 94 75 50 49 74 87 86 70 65 84 70 50 70 71 49 47 55 70 72 67 39 5 34 58 66 64 74 72 71 69 63 56 53 57 48 17 15 53 59 50 57 56 53 60 67 65 50 44 42 42 45 50 50 45 43 40 37 33 35 41 45 62 85 92 87 89 88 83 81 80 77
49 40 40 35 26 21 15 14 17 22 52 67 72 74 78 85 80 61 48 44 45 51 52 45 37 23 69 90 85 85 89 83 65 73 98 85 69 81 76 54 52 55 49 38 25 10 37 43 56 65 67 78 75 70 76 80 66 55 66 70 53 22 33 49 43 52 52 40 36 46 56 50 49 45 44 46 52 57 57 59 57 54 52 49 44 47 56 64 67 65 72 73 65 69 67 63
62 49 43 42 32 26 22 20 20 17 37 58 74 80 80 79 80 80 81 77 62 41 17 16 35 49 83 90 79 70 79 70 53 80 96 78 67 74 67 52 52 42 21 7 28 44 42 52 64 58 50 61 52 36 48 68 66 51 57 64 70 63 21 21 36 51 55 49 37 39 47 39 35 34 34 35 40 48 54 62 64 62 66 74 76 77 81 87 93 88 80 73 56 48 41 42
70 68 55 47 39 36 32 26 25 21 25 28 37 43 45 45 49 64 78 75 50 22 45 73 77 72 89 90 70 69 90 76 54 77 80 59 52 50 46 36 31 10 14 35 61 68 69 84 87 75 66 63 47 31 37 55 55 47 49 49 51 65 52 24 3 32 43 48 50 53 62 66 63 52 40 34 33 35 43 50 56 57 60 73 86 86 82 85 91 92 98 97 83 76 71 63
54 71 67 52 45 47 41 29 34 36 39 37 44 49 42 33 32 36 25 52 77 67 76 82 76 70 84 88 59 72 108 89 66 87 86 61 53 47 37 23 9 18 31 44 63 68 79 92 87 73 66 66 63 59 62 68 57 52 53 51 43 49 50 44 33 7 22 36 49 55 60 65 68 64 57 57 61 68 73 71 64 58 57 59 65 64 54 50 52 59 77 91 84 79 77 76
48 74 75 55 49 54 47 30 39 39 42 41 46 53 57 49 43 17 32 84 93 71 73 68 54 48 67 76 52 80 106 85 66 80 77 53 39 21 24 36 44 54 47 53 76 70 63 70 66 51 53 67 69 60 66 70 48 48 60 64 58 60 59 60 62 41 6 13 23 27 27 32 43 51 57 64 71 74 71 71 73 71 69 64 59 57 54 50 47 45 48 56 56 55 57 61
51 82 82 55 58 64 50 33 39 33 30 39 52 52 62 55 41 44 75 101 90 76 82 75 66 65 72 73 57 78 89 74 65 71 62 27 6 41 62 69 72 75 67 60 74 59 60 76 72 54 59 67 49 33 64 68 36 38 53 61 57 62 62 61 70 70 54 40 24 16 14 5 17 29 31 32 29 20 12 16 24 24 22 17 12 8 8 16 27 39 53 62 58 54 52 46
49 83 88 57 74 76 48 39 49 48 42 48 53 40 41 43 57 65 90 93 70 69 81 71 58 63 68 66 62 82 88 70 70 78 52 7 48 62 61 62 60 64 64 51 52 50 51 73 70 74 85 72 46 38 70 65 35 37 40 41 42 52 51 45 58 68 65 59 46 27 29 33 33 30 29 31 32 32 39 48 51 49 47 47 50 52 51 39 22 3 18 40 52 60 58 48
46 78 84 54 81 85 53 51 61 42 14 3 21 31 32 65 81 62 95 91 59 60 73 62 40 44 50 53 60 84 85 64 72 57 28 58 88 96 87 75 67 70 64 51 40 52 58 78 68 69 81 59 43 43 69 66 58 58 56 52 63 70 61 47 55 56 49 47 46 25 20 26 42 52 56 60 65 71 81 87 90 92 93 83 63 56 55 56 55 51 36 11 19 47 57 48
51 78 76 55 86 89 61 62 59 17 39 50 61 66 65 85 91 70 95 89 62 62 73 61 40 47 50 48 53 83 81 56 49 26 54 73 90 94 83 94 98 95 86 75 58 64 75 80 66 64 42 32 40 46 55 53 58 66 63 63 66 73 75 73 78 77 68 66 64 43 17 32 31 37 41 44 53 67 77 80 85 92 94 92 86 80 75 76 76 73 58 33 13 21 44 43
63 81 66 60 92 92 62 63 42 20 49 47 46 49 49 64 81 68 85 76 56 69 81 60 42 57 61 61 74 91 76 44 11 39 47 53 66 68 45 69 92 88 84 75 55 66 85 90 74 68 40 36 46 54 44 36 38 53 51 49 49 58 66 72 79 83 73 72 76 58 30 45 52 47 47 49 52 56 54 50 53 58 61 69 80 80 72 70 68 75 72 53 40 11 25 41
70 84 63 62 94 93 60 60 29 31 49 39 39 43 42 47 73 67 72 64 47 79 87 54 44 60 64 55 73 73 41 22 60 83 80 74 74 62 44 47 58 47 65 54 36 56 86 97 79 66 43 33 46 53 63 66 63 63 51 46 52 56 51 47 57 65 55 66 75 57 32 50 63 54 65 76 81 85 82 71 61 58 58 61 60 56 50 44 39 55 60 53 53 38 8 17
70 85 62 68 93 85 60 61 24 36 48 39 31 29 36 48 62 70 83 76 53 77 89 51 43 57 60 45 64 46 19 49 82 90 88 84 81 71 64 63 39 27 61 40 40 52 83 89 56 47 33 31 38 37 52 59 64 70 69 69 72 77 76 71 70 66 50 69 75 52 25 50 67 49 68 79 82 87 84 75 63 71 84 92 87 73 59 43 41 47 43 42 50 48 32 11
79 90 66 91 94 66 62 66 25 42 54 48 31 23 44 56 54 74 100 86 58 76 88 60 53 60 58 44 51 30 37 55 71 73 59 61 60 64 70 59 29 39 44 51 63 62 88 91 60 40 29 37 36 29 23 25 37 50 67 74 74 72 66 59 61 59 47 72 81 51 29 61 69 53 67 62 55 64 58 52 48 74 83 78 73 65 59 45 49 51 46 47 55 52 38 24
84 93 71 103 92 68 74 69 31 45 68 58 35 31 54 53 42 78 103 79 56 67 73 59 55 51 38 24 31 33 64 87 92 74 57 50 42 52 50 32 43 42 38 68 69 57 85 90 62 44 42 51 54 46 29 21 25 38 45 46 46 44 36 51 56 43 39 75 83 39 36 73 70 65 76 69 61 70 60 55 46 63 59 28 37 47 48 41 49 50 43 42 51 49 41 39
86 85 65 97 92 69 70 54 25 40 81 72 42 38 56 55 41 76 96 75 59 52 53 52 52 33 16 36 51 50 67 100 101 91 81 70 63 70 52 23 44 34 43 58 50 44 77 80 53 36 37 40 41 40 39 39 44 45 36 27 36 41 37 62 60 42 46 80 76 17 54 73 62 66 74 70 65 84 83 86 83 75 58 32 49 48 36 35 46 48 39 44 48 39 37 45
89 71 65 96 97 63 51 34 13 24 79 85 52 50 62 61 49 75 94 79 59 52 51 45 44 23 29 46 56 46 47 94 83 72 85 81 76 73 40 33 33 45 64 67 61 56 63 69 53 19 22 19 22 24 31 44 44 30 22 31 49 48 44 73 73 55 66 80 46 26 73 74 52 56 73 71 68 89 83 87 89 71 46 37 64 58 42 41 50 51 42 53 49 34 32 38
79 61 65 94 93 57 50 31 10 12 68 88 57 65 68 57 57 81 90 68 54 47 31 24 46 58 62 66 76 78 42 87 90 50 48 51 59 44 35 35 30 44 63 64 55 47 43 62 57 26 33 32 29 27 30 29 24 24 31 49 57 48 50 79 78 59 68 48 18 58 86 84 69 74 91 79 68 87 67 57 57 45 28 31 65 63 43 38 46 48 36 51 53 46 44 43
61 54 57 86 85 51 51 32 7 9 64 82 53 71 68 53 63 90 87 63 66 53 39 57 74 81 75 69 67 84 70 79 83 56 63 55 60 39 42 26 23 34 59 51 35 32 35 60 59 36 41 51 47 33 17 10 35 47 40 51 58 47 52 78 74 52 46 19 52 65 85 86 70 81 95 86 79 97 81 63 61 49 26 28 58 62 40 38 50 42 24 41 52 49 47 42
42 42 55 81 72 49 53 33 5 28 78 75 47 68 71 51 54 76 83 85 99 82 54 60 64 66 64 54 41 53 72 76 73 59 82 57 47 52 39 35 45 63 77 50 37 32 33 55 61 41 29 35 39 30 28 41 58 58 43 53 63 55 67 88 72 47 17 29 48 55 80 81 59 64 75 76 74 91 77 55 69 63 38 27 55 62 41 52 51 24 25 37 43 39 39 28
42 42 63 74 56 49 53 32 4 44 81 60 44 70 82 54 33 45 61 71 95 91 76 92 105 115 109 81 50 43 51 60 67 57 82 43 45 54 35 42 44 64 77 61 67 67 57 56 63 33 22 33 54 54 38 42 47 41 36 53 64 58 78 85 53 21 26 59 65 76 93 81 61 58 62 70 69 84 61 35 62 60 29 29 63 64 39 47 46 44 47 48 49 41 39 28
36 36 57 61 44 44 48 34 20 37 75 64 49 75 88 44 11 20 33 40 72 70 74 98 111 119 123 117 87 64 60 81 83 65 76 37 49 47 26 24 17 54 74 51 69 75 60 46 41 15 40 43 51 44 23 32 37 33 36 53 62 56 74 69 24 16 55 76 71 80 85 76 75 74 73 79 95 90 51 29 60 59 34 46 62 52 32 36 45 50 44 45 47 46 45 41
12 15 45 52 40 40 47 40 27 17 59 74 59 89 92 32 0 8 24 36 64 46 52 74 76 69 78 98 85 63 54 72 65 69 79 42 55 46 27 24 18 55 80 40 35 42 34 28 12 20 38 34 36 34 30 38 37 32 37 62 68 52 66 56 9 32 63 74 59 57 61 68 73 69 71 76 101 77 32 27 72 69 34 45 48 36 37 38 34 29 35 42 38 40 44 45
1 5 37 48 41 42 43 34 26 19 43 69 74 105 85 23 1 3 5 21 52 59 66 74 77 59 57 73 64 47 40 43 39 50 52 31 53 43 25 22 23 59 85 53 31 39 27 21 15 24 25 29 28 23 29 44 42 32 43 70 70 51 62 39 27 59 86 83 61 49 48 66 76 74 59 59 95 59 29 50 77 59 23 38 50 57 62 59 46 32 40 44 34 30 32 34
1 2 25 41 38 45 47 38 32 21 39 66 91 104 64 21 1 3 5 6 23 52 64 77 82 48 49 65 57 56 53 42 36 52 33 30 43 38 20 12 20 66 88 51 27 39 28 24 26 32 30 36 32 23 29 49 50 35 59 77 65 56 53 16 42 72 91 78 71 73 69 59 89 93 61 60 89 37 52 62 65 42 25 35 51 58 58 58 50 40 44 46 43 46 50 50
17 14 13 28 27 38 42 35 31 9 35 58 85 96 77 44 9 0 2 0 14 27 39 69 62 21 52 53 27 39 53 59 51 55 32 37 37 38 26 18 34 72 76 38 20 32 24 22 22 26 28 39 39 33 41 63 63 51 72 76 60 56 32 18 47 71 76 62 65 74 79 67 82 94 56 57 75 24 62 65 59 36 35 35 32 30 31 40 41 39 45 48 49 51 47 42
36 33 18 19 19 30 33 34 44 20 38 54 80 89 96 88 51 21 16 28 34 30 35 57 31 30 57 45 5 10 31 49 52 45 20 33 36 45 48 43 54 76 62 34 20 29 16 22 24 22 28 47 54 48 57 75 70 61 78 80 64 42 7 44 55 77 74 54 59 71 62 63 66 81 62 57 61 21 60 69 67 49 45 40 34 34 41 44 39 40 44 43 38 34 29 29
61 64 50 44 40 37 42 41 46 14 29 37 63 64 62 82 66 28 17 37 45 42 44 41 16 44 52 35 3 18 40 35 32 29 16 25 32 42 47 41 46 69 58 39 31 33 17 28 28 28 36 56 64 51 61 69 59 55 73 76 50 11 37 54 58 89 91 70 68 84 72 59 63 66 69 71 61 25 51 59 56 43 40 41 40 32 40 46 29 28 35 29 22 28 34 45
57 62 54 42 45 58 73 66 31 21 40 28 51 54 38 74 72 25 6 39 37 35 46 20 32 33 32 23 6 26 49 44 36 35 26 24 28 27 26 21 36 68 53 14 39 42 30 35 34 38 46 67 74 57 70 68 53 57 71 61 24 24 55 53 59 95 97 74 73 70 67 51 66 80 83 65 23 23 28 47 47 36 31 29 32 28 49 60 45 58 78 72 66 68 71 74
25 37 46 31 42 70 77 55 42 59 55 48 43 36 27 78 82 40 9 39 48 24 29 19 46 16 24 33 23 30 49 45 32 31 40 40 40 37 34 30 33 63 40 28 62 47 34 34 36 40 56 78 73 56 76 74 61 71 71 42 9 44 63 57 61 92 93 58 54 50 53 61 70 82 70 16 48 70 64 48 31 23 43 51 52 66 79 80 70 85 91 72 66 71 74 67
8 24 52 57 58 69 42 14 69 74 39 38 39 21 7 60 83 60 29 27 47 39 40 11 50 40 41 46 37 31 43 39 34 17 33 36 36 37 34 33 23 49 29 57 70 47 34 34 40 43 62 73 55 49 75 72 58 69 50 7 28 60 74 71 83 106 100 71 60 53 48 68 83 43 5 36 64 56 73 75 63 65 90 97 95 99 101 97 90 97 83 61 58 55 42 18
4 24 43 63 67 53 8 32 69 73 44 26 21 14 7 35 67 62 43 4 34 40 58 28 48 74 72 66 61 50 39 30 43 32 23 22 25 26 23 26 22 30 14 56 56 33 31 42 53 53 67 70 51 52 77 71 46 44 16 25 38 67 80 74 95 110 95 77 77 83 86 81 48 39 59 60 68 57 51 54 58 68 89 88 88 104 109 97 87 86 65 48 40 27 8 20
21 32 35 34 43 25 20 28 64 76 48 23 9 16 19 20 51 55 51 18 17 30 61 56 38 51 62 66 69 68 62 57 65 53 42 40 38 30 22 23 14 12 21 48 45 28 33 50 57 51 68 73 57 68 89 71 41 21 16 34 41 71 83 67 90 98 78 70 84 90 93 67 24 50 63 74 85 77 72 78 79 69 83 81 65 80 82 61 50 43 25 16 11 1 20 42
32 32 31 23 12 12 28 24 61 75 47 30 6 5 12 25 38 42 48 25 11 28 63 64 42 28 29 49 56 58 59 67 68 51 43 47 53 48 36 32 17 36 39 44 44 35 43 48 47 44 64 68 54 78 85 54 26 7 36 48 62 86 88 73 95 101 76 80 92 69 45 40 65 51 43 68 83 75 75 77 80 78 90 86 71 77 66 43 34 20 6 2 7 17 31 44
52 49 41 31 15 19 24 27 58 70 50 37 19 15 16 33 35 36 40 20 14 37 68 60 37 36 20 35 42 40 44 59 54 33 19 24 37 38 30 46 48 46 50 54 53 41 56 62 58 51 62 67 54 74 63 24 7 31 52 56 71 83 76 69 100 106 85 98 73 15 27 50 62 59 60 67 63 54 61 58 58 74 86 75 59 61 48 26 16 4 5 14 28 36 38 47
39 48 44 33 29 35 35 39 62 80 78 65 34 19 33 49 27 28 26 12 26 53 69 47 30 33 25 10 25 49 65 68 49 32 30 44 60 61 57 60 53 38 44 59 57 45 63 71 59 53 67 76 63 69 47 8 14 42 60 55 65 64 58 65 105 111 86 82 22 35 52 62 60 62 83 84 68 60 61 56 51 56 56 46 38 41 28 7 2 9 18 28 43 50 57 79
42 28 28 31 36 47 48 44 53 69 80 74 44 37 49 68 37 23 14 17 33 51 55 33 24 25 24 20 39 56 65 52 33 47 48 67 78 68 61 57 48 42 45 49 41 36 58 65 47 54 75 73 56 50 20 20 43 67 71 66 82 75 59 82 118 107 77 48 13 42 36 44 55 59 90 89 63 58 63 61 54 55 50 41 33 30 15 6 15 24 32 39 50 54 62 93
63 49 15 34 48 55 52 41 37 43 73 64 35 38 55 80 52 37 28 33 36 42 43 28 21 18 18 22 60 54 22 7 46 61 53 85 75 46 46 49 50 51 56 56 49 41 52 62 48 66 70 50 38 23 14 42 64 75 64 61 88 83 77 107 123 94 61 13 36 40 47 59 53 48 84 85 53 53 64 54 40 39 34 22 10 17 29 41 52 63 63 57 62 59 51 81
62 67 35 30 28 35 63 66 54 50 73 53 22 20 45 80 63 51 46 43 35 32 32 24 20 15 18 26 61 67 47 35 69 71 58 81 69 31 35 45 48 49 59 59 51 47 57 69 57 71 64 36 27 4 31 49 63 60 46 46 84 83 68 98 105 68 23 33 50 47 59 63 50 52 78 78 51 60 57 31 18 16 6 18 31 44 55 63 68 75 82 96 105 95 78 91
