data/Arrowhead/Fire1/slope.asc
ncols 127
nrows 126
xllcorner -1620000
yllcorner 438000
cellsize 100
NODATA_value -9999
[rows 55 to 109 of 126, columns 0 to 95 of 127]
50 62 58 64 62 29 19 62 73 63 75 55 28 26 39 71 70 61 50 42 38 34 25 17 14 14 21 31 54 65 66 60 73 60 47 63 59 34 44 49 42 40 53 49 36 43 62 67 54 63 54 20 10 35 58 66 79 76 58 47 78 90 59 82 86 35 16 47 51 48 51 50 46 54 74 71 49 62 51 19 12 3 19 38 49 56 58 57 58 61 71 99 112 98 82 88
48 55 58 63 69 61 38 34 61 59 86 69 32 26 31 55 76 85 76 64 55 41 26 12 3 14 23 31 43 49 52 49 47 36 35 58 55 33 52 54 38 37 54 50 32 40 52 49 41 49 36 7 33 60 70 72 86 79 64 65 76 78 64 88 70 2 36 56 57 46 45 48 50 53 73 71 46 57 46 16 5 14 36 48 65 82 93 86 69 65 73 92 80 66 55 67
57 61 66 74 77 75 62 31 42 25 67 68 35 29 27 38 59 74 73 57 46 33 20 12 18 32 40 46 49 45 44 37 29 22 34 60 49 30 57 59 35 32 55 55 31 44 54 46 38 37 19 18 46 62 60 61 78 72 59 66 64 53 61 95 55 21 47 57 47 38 44 50 48 55 75 68 41 48 38 11 6 26 40 47 69 75 79 89 97 99 102 119 103 89 67 65
42 45 54 71 78 85 87 52 67 66 62 34 25 34 29 27 28 37 48 33 28 23 22 31 32 39 43 49 62 59 61 60 52 39 40 54 37 32 58 57 33 37 58 56 37 49 49 33 24 15 19 41 69 82 76 71 79 80 58 51 42 34 54 94 44 32 52 53 35 33 43 44 42 58 66 54 40 42 30 7 10 27 36 45 72 67 39 50 77 90 92 106 87 88 94 99
26 28 31 43 48 61 79 48 74 76 76 58 43 39 31 23 15 14 33 40 42 32 31 35 32 37 37 36 58 63 61 61 56 51 42 42 28 31 54 55 34 49 60 51 43 53 43 17 8 14 34 52 80 87 77 86 106 103 75 67 60 47 58 86 24 35 53 54 34 33 44 43 36 51 52 42 40 42 26 8 15 28 36 43 70 71 39 51 48 40 48 69 51 41 76 102
42 44 42 39 37 50 60 30 64 62 55 65 77 78 68 59 49 40 45 61 61 49 43 42 44 44 41 36 42 48 46 42 38 36 35 35 25 22 47 53 38 60 63 46 43 50 43 17 9 24 35 47 76 75 56 84 106 93 72 64 59 55 71 71 11 33 51 53 33 36 44 42 35 49 48 36 39 41 19 9 16 31 39 39 58 67 45 58 54 33 37 54 44 12 23 52
38 44 56 58 53 60 65 66 74 68 54 49 51 52 49 49 45 44 53 64 66 54 45 43 48 44 46 44 49 57 56 48 40 34 25 19 17 23 47 52 46 70 65 39 38 42 38 28 30 43 50 60 82 75 54 90 98 59 44 44 44 49 65 39 29 31 53 55 35 43 46 39 40 57 50 32 41 35 9 3 15 34 41 40 41 49 50 65 62 46 49 55 58 57 55 57
23 28 44 57 60 64 71 77 78 75 65 58 65 63 56 51 45 43 48 55 62 49 37 37 37 34 41 41 41 48 52 56 59 57 46 31 22 31 50 52 55 72 57 29 33 32 30 34 38 48 54 73 94 85 73 93 97 61 46 48 52 61 53 17 30 27 54 58 36 51 50 40 46 59 50 34 37 23 8 9 19 38 43 44 30 21 41 65 64 54 60 54 47 46 58 61
26 24 30 45 53 53 53 51 57 67 61 55 59 56 57 59 61 65 69 80 81 58 42 42 36 27 35 41 25 29 36 44 51 56 53 39 29 37 50 48 54 63 46 21 24 27 30 28 28 40 44 77 94 82 80 86 79 58 46 59 57 39 16 39 45 40 50 52 39 57 54 42 52 59 46 31 25 7 10 15 28 47 48 56 39 21 16 52 55 40 50 44 27 25 47 49
31 37 44 60 73 72 57 42 51 60 47 36 29 31 39 48 55 60 66 85 84 69 64 63 55 45 50 53 31 26 29 25 23 31 35 28 23 35 43 38 47 55 39 26 33 45 51 49 43 41 41 81 92 70 70 71 57 41 49 22 21 22 48 58 48 49 53 48 46 65 60 44 58 59 39 27 11 7 14 21 38 51 50 61 42 36 22 37 46 33 47 46 34 37 52 48
23 30 38 51 66 78 78 66 68 74 63 51 33 28 31 33 33 32 37 67 63 50 53 51 49 49 60 59 44 43 44 36 28 33 36 27 17 27 33 28 41 46 39 38 47 51 53 51 41 35 39 84 98 75 88 81 46 27 44 18 37 29 46 49 32 40 47 44 46 66 62 43 57 54 29 18 9 17 19 27 39 43 43 56 34 31 29 24 34 34 44 45 42 50 61 56
14 12 18 24 35 53 68 66 67 73 61 57 52 47 51 51 44 36 29 66 61 26 22 22 25 31 45 46 40 44 47 38 29 38 48 39 22 24 28 23 32 32 39 44 42 37 36 36 26 24 38 87 99 73 111 88 67 62 45 17 26 25 45 45 29 44 49 34 42 65 59 39 51 45 17 13 21 27 33 41 42 41 44 58 40 31 33 8 22 30 39 36 32 44 54 48
23 13 21 27 34 42 48 43 47 55 36 36 47 46 48 48 41 35 35 68 62 28 29 30 29 30 44 45 31 23 35 29 25 31 44 44 28 17 21 17 24 39 57 65 60 51 46 43 32 26 37 82 93 70 127 97 74 81 57 38 27 38 47 38 29 48 57 38 53 66 50 37 39 31 23 26 28 31 37 42 38 35 50 64 46 36 48 37 12 17 32 29 21 40 50 43
44 25 29 39 46 53 64 65 55 42 26 24 32 24 24 30 29 26 36 65 59 31 31 33 37 44 55 47 26 25 35 30 28 27 37 36 26 3 17 13 24 39 49 53 49 47 50 55 47 37 42 82 90 71 134 117 52 46 57 48 28 48 50 33 30 51 60 44 64 65 41 30 22 22 30 31 31 30 29 29 22 25 56 63 42 32 47 50 30 14 21 27 24 49 64 55
48 44 40 39 44 43 56 64 56 43 40 35 37 30 31 33 29 30 41 61 55 29 27 28 35 44 50 35 22 26 31 24 17 29 44 34 29 10 18 11 24 35 33 26 26 26 37 51 50 39 51 93 94 79 135 119 24 28 52 41 30 53 53 35 40 55 56 51 75 66 31 17 7 15 25 31 35 38 39 38 33 32 58 62 37 22 33 40 30 24 22 31 34 71 93 81
40 54 49 33 40 28 28 39 42 39 44 41 42 34 36 43 45 55 71 84 68 44 32 30 33 39 38 22 17 25 25 15 17 40 49 35 34 27 38 42 48 47 41 37 34 26 29 38 40 29 53 91 88 84 126 89 16 50 49 30 28 50 50 33 56 59 47 56 78 64 23 11 6 14 16 23 35 42 46 44 38 34 56 67 46 37 46 49 35 30 29 41 47 95 111 81
50 54 46 30 47 39 25 29 37 32 36 35 41 31 31 39 46 56 76 82 64 52 49 50 48 39 16 5 16 35 34 26 34 49 45 33 40 35 41 51 56 47 41 41 42 33 35 41 41 29 54 88 83 82 104 53 32 47 45 41 44 61 66 54 69 62 43 54 73 56 21 19 13 16 14 25 37 42 46 41 32 29 56 68 50 42 52 67 63 64 67 77 100 127 107 70
57 54 41 33 59 53 41 45 51 51 50 47 49 34 28 29 35 46 66 60 39 40 44 45 31 10 34 51 57 57 46 40 51 49 34 31 47 36 20 31 42 40 32 31 35 24 19 29 27 24 61 93 85 93 84 20 35 45 46 41 44 66 76 61 68 62 47 48 59 43 18 22 21 23 27 46 60 64 62 48 36 29 54 65 47 42 47 71 76 72 68 79 116 130 106 93
45 49 45 42 59 59 43 46 47 48 47 47 56 45 48 61 71 68 65 55 33 31 24 11 17 45 62 63 70 66 52 53 61 50 40 39 55 38 20 30 42 32 25 27 25 14 22 26 11 22 65 90 80 94 54 15 37 52 57 53 62 83 79 53 56 51 38 42 45 26 11 18 27 30 38 59 68 66 60 58 55 43 50 63 49 53 53 67 72 57 38 51 100 104 81 85
60 61 55 46 48 57 42 31 31 32 30 32 48 47 57 70 75 71 66 53 30 23 23 46 57 62 66 61 61 54 46 50 60 63 64 59 58 36 25 30 41 8 23 30 24 16 23 19 15 25 63 83 72 84 35 29 36 57 62 56 69 80 63 45 49 43 30 26 27 25 28 34 37 33 43 67 63 48 38 42 52 43 33 56 51 62 63 68 87 89 63 53 96 104 60 44
56 57 52 51 53 56 55 47 45 38 26 27 40 42 45 48 46 47 46 28 16 48 69 74 74 85 95 88 80 67 54 37 58 61 56 53 45 26 21 29 33 9 29 25 20 15 19 22 34 41 61 75 69 69 31 25 35 63 63 47 64 63 39 31 36 29 10 22 50 69 76 74 66 57 55 75 62 47 30 15 22 30 12 47 57 75 65 44 53 84 78 63 93 81 43 46
39 39 38 45 50 50 55 48 41 50 45 46 56 60 54 45 37 29 12 23 45 79 83 60 61 92 107 93 73 56 51 28 54 55 32 41 33 20 18 29 22 22 26 19 18 18 18 30 41 38 44 58 60 54 47 48 52 79 73 52 58 53 31 24 23 18 29 45 57 69 75 72 66 61 48 57 58 51 40 24 15 25 10 37 58 84 68 34 15 26 48 43 69 42 28 40
47 40 37 35 31 35 46 44 28 44 50 49 49 50 43 26 2 28 63 84 90 98 87 65 70 88 72 42 31 32 40 30 49 50 43 33 33 32 37 40 28 33 35 29 23 22 26 36 27 11 22 46 56 48 49 49 58 83 67 46 40 37 30 35 46 57 55 58 53 42 37 38 39 40 32 37 61 48 31 41 26 24 14 22 50 86 76 49 42 14 18 11 40 29 23 28
64 58 53 52 53 48 44 47 32 30 31 28 21 17 16 25 39 71 91 88 83 87 83 71 72 68 39 17 7 26 40 39 48 50 58 35 33 36 44 42 33 37 40 41 42 37 23 13 9 16 21 37 49 37 25 23 44 67 41 26 22 23 29 47 72 82 79 74 64 54 47 42 39 35 32 31 54 57 22 44 45 40 26 4 34 73 68 54 56 37 19 14 30 31 29 37
51 54 49 51 56 54 55 62 49 42 38 26 14 11 35 55 56 73 70 51 48 64 69 55 50 41 16 9 21 18 49 67 71 70 67 39 31 25 32 35 33 33 34 32 29 30 20 25 37 33 34 39 49 46 35 28 39 53 28 21 27 33 41 54 61 59 64 66 57 50 44 42 48 49 52 52 54 69 40 44 47 52 42 20 22 54 52 45 52 42 24 20 30 39 36 48
33 34 30 35 40 42 54 61 44 37 34 31 33 52 79 82 74 90 83 61 59 69 60 38 36 28 9 15 31 40 30 53 72 75 60 39 39 40 39 26 26 27 30 26 26 39 37 31 35 29 33 35 42 42 39 34 14 37 49 60 73 75 69 64 53 42 43 43 35 31 28 31 39 43 50 48 40 67 40 44 49 60 59 48 22 30 50 47 50 42 25 17 22 36 33 40
55 56 50 41 43 38 41 39 17 15 44 56 47 70 85 73 67 88 87 83 95 91 71 60 55 33 28 22 26 48 42 46 43 28 17 12 18 20 7 20 30 31 44 49 43 48 45 35 33 25 29 26 32 31 28 33 25 19 44 58 65 66 70 73 57 52 64 62 51 36 27 28 29 20 18 19 16 60 44 37 48 53 52 50 45 11 44 62 67 56 42 22 21 32 30 25
54 54 58 57 58 52 42 12 19 42 67 55 40 71 73 53 54 78 83 80 91 86 78 75 54 34 45 28 28 45 51 63 56 36 25 24 23 21 32 46 45 50 59 54 44 51 51 46 38 29 34 34 40 37 28 32 44 26 10 18 13 23 50 59 55 53 62 57 59 46 34 25 26 22 21 23 21 57 55 24 42 46 35 36 53 44 20 52 72 63 58 43 39 45 54 50
36 33 41 54 56 44 26 40 63 89 103 82 65 84 84 58 67 89 86 67 65 62 59 49 34 63 56 35 32 46 56 72 71 56 46 48 44 34 32 40 33 39 43 37 34 47 51 47 38 34 33 35 44 45 35 41 52 43 35 34 25 22 43 25 32 36 36 25 43 32 24 15 10 21 36 40 43 54 48 23 36 56 46 39 54 62 41 10 55 61 60 53 40 37 48 57
36 32 35 35 21 8 48 79 74 93 96 77 70 81 81 63 82 89 72 58 55 41 25 8 51 73 54 33 22 38 46 59 67 60 48 48 47 42 31 38 28 34 37 33 37 53 56 39 29 36 34 33 42 46 35 44 51 45 41 48 40 26 40 25 39 46 24 28 30 31 33 15 3 24 35 39 50 56 40 29 21 48 53 50 56 60 61 38 24 60 59 53 35 21 22 37
44 38 27 3 26 40 70 88 61 73 69 41 45 61 70 60 75 68 47 39 34 32 36 53 61 60 55 39 23 36 46 49 49 48 34 30 34 41 25 26 20 31 39 35 46 65 56 39 37 48 47 41 45 47 32 37 37 30 34 52 46 37 57 41 34 27 32 44 28 35 29 6 12 37 41 33 36 42 40 36 22 33 41 55 59 51 56 70 36 44 67 76 72 57 43 38
32 16 29 46 55 66 91 91 64 81 79 48 46 56 58 52 67 59 31 19 28 38 53 63 54 46 52 52 36 44 56 60 55 63 59 36 31 43 28 9 18 40 48 32 51 60 40 25 27 42 56 54 57 60 52 53 48 34 37 49 35 31 68 60 18 12 51 45 21 21 22 34 43 61 52 36 30 34 31 31 29 32 28 52 61 43 42 73 69 23 47 72 79 68 54 45
21 40 59 63 54 64 82 73 62 80 73 42 51 65 59 51 68 57 12 17 33 37 38 46 47 43 55 69 44 41 54 57 51 61 68 54 50 60 58 37 16 41 58 30 44 53 41 33 30 16 30 43 51 57 58 63 59 43 54 51 30 34 65 62 30 18 47 38 19 23 48 63 70 72 47 30 24 26 25 16 22 30 17 43 58 43 39 68 78 46 25 31 54 55 49 39
63 70 72 67 54 58 64 50 45 61 58 30 47 60 56 52 63 46 10 32 40 49 50 58 53 45 61 72 36 31 49 47 34 35 48 43 54 64 71 59 48 27 53 36 42 48 50 49 50 44 21 6 27 38 43 59 59 44 64 56 35 40 60 58 41 21 25 41 48 44 53 51 54 49 32 26 21 17 22 12 19 33 25 38 44 42 46 64 73 66 61 27 31 53 54 37
73 83 93 91 85 79 63 45 38 56 62 37 49 53 39 37 50 27 28 40 35 40 48 59 57 59 73 66 36 40 58 50 35 39 45 29 37 45 60 53 56 27 26 37 47 46 45 49 52 54 52 37 2 32 34 49 55 47 64 54 32 39 57 56 44 35 17 37 50 53 53 44 48 46 43 43 35 25 26 16 22 36 33 34 28 31 54 66 64 70 80 65 24 40 72 81
57 81 90 83 82 74 56 42 47 68 70 50 63 63 45 39 42 13 40 45 33 24 34 53 54 55 65 54 38 41 65 64 53 57 60 50 51 49 59 50 57 40 12 12 32 38 35 46 45 38 44 59 26 27 37 40 43 50 71 66 37 34 47 49 41 53 38 8 6 30 37 32 38 35 33 37 42 45 34 14 26 32 33 34 22 19 46 68 64 64 84 81 48 32 57 79
57 81 79 53 50 47 48 41 53 71 63 55 66 60 40 40 34 17 46 54 41 26 36 51 46 41 46 39 33 28 46 53 52 55 55 51 52 52 63 54 66 55 43 36 18 23 21 40 42 26 27 61 46 18 41 43 35 41 68 71 49 47 46 42 43 63 55 29 30 31 15 15 25 17 8 11 19 29 25 26 33 29 37 29 10 7 19 45 60 71 91 79 56 58 39 32
56 83 80 53 53 53 52 49 44 55 50 47 55 47 28 34 20 29 45 62 48 17 35 50 43 44 49 39 27 22 32 34 37 44 38 34 35 36 52 53 64 61 55 63 71 65 59 56 47 30 28 58 51 9 38 43 34 35 59 57 46 59 54 40 41 63 69 50 52 47 21 16 23 12 14 17 22 21 23 39 42 37 49 34 20 17 20 21 37 78 96 75 62 69 49 20
45 77 79 47 53 61 70 85 77 55 54 49 49 42 27 34 21 38 50 72 62 26 39 55 46 43 45 34 29 32 42 49 56 61 51 37 32 28 39 44 51 51 40 53 76 84 83 82 73 64 67 74 57 30 44 46 41 44 53 43 40 60 53 33 32 40 48 47 62 61 33 18 12 19 31 37 50 60 45 40 50 38 40 20 14 18 24 28 31 71 92 76 67 76 57 25
45 65 75 46 57 57 54 69 74 49 46 45 40 33 28 43 37 48 69 84 71 52 61 73 61 59 58 34 26 32 38 44 50 57 54 50 46 44 46 48 53 54 41 53 54 56 60 64 66 69 78 79 57 34 42 42 46 62 61 51 51 70 61 32 36 35 29 34 59 66 42 23 22 41 46 49 52 58 59 39 47 27 29 18 7 13 29 33 30 61 85 74 68 80 65 32
80 78 61 39 61 62 39 30 26 30 26 35 33 27 31 54 39 10 47 78 55 33 49 69 63 78 67 27 12 17 23 25 34 43 39 47 48 46 43 43 54 68 67 72 76 77 75 68 64 63 63 52 25 30 35 19 25 53 63 53 49 73 66 41 54 54 38 36 59 66 41 34 45 49 47 45 41 35 48 30 26 21 30 30 23 35 49 47 43 56 67 64 76 83 67 40
75 71 50 33 53 58 40 40 15 37 29 28 29 24 32 54 37 30 38 71 56 35 50 61 53 80 72 47 41 31 20 22 35 42 38 38 37 44 31 31 44 62 71 68 76 70 76 80 80 79 66 32 35 59 47 28 15 23 38 35 39 67 47 28 53 62 45 41 60 62 57 72 72 64 59 54 46 38 45 37 10 26 40 43 33 44 51 46 45 47 42 48 88 90 60 47
52 55 54 45 41 41 33 53 36 41 57 57 50 42 41 42 12 25 32 62 64 38 43 51 39 59 65 57 57 63 48 11 26 48 57 51 50 56 38 31 36 43 49 43 60 45 54 67 67 64 48 43 59 74 49 41 43 40 33 32 50 62 28 11 37 59 44 43 52 38 54 70 70 63 63 68 68 54 57 61 16 24 58 56 36 46 48 42 34 29 24 30 88 95 57 53
56 57 62 54 36 25 25 55 55 29 43 57 60 53 44 22 12 20 27 46 53 43 37 44 42 48 51 47 47 63 60 31 21 40 52 45 47 52 52 47 44 50 61 59 58 48 47 45 34 22 45 70 65 79 46 33 39 38 31 28 45 49 27 15 34 55 43 52 47 14 34 40 45 46 52 57 54 45 59 65 42 26 68 64 39 61 65 57 47 30 21 25 77 91 55 53
63 58 58 71 62 36 20 49 56 39 32 35 40 35 14 18 25 18 24 30 31 48 45 56 78 86 82 72 69 66 52 44 48 35 24 42 43 38 45 44 38 47 61 74 72 67 56 38 13 33 73 75 64 78 46 22 21 21 29 31 27 34 25 20 36 47 35 54 56 47 53 58 56 50 46 37 24 36 57 47 35 36 56 58 41 64 62 36 34 35 29 35 62 74 57 59
63 57 42 55 72 70 55 49 41 35 45 53 30 16 30 32 23 19 21 21 15 33 29 32 54 79 83 80 91 79 61 61 74 59 12 37 48 40 36 32 22 39 45 59 70 69 44 22 33 69 82 68 68 82 55 33 30 32 38 34 22 28 42 40 29 28 31 50 61 57 62 70 63 66 58 34 32 46 54 32 18 13 30 53 48 66 64 41 16 22 29 34 41 50 59 75
53 47 29 27 40 64 75 68 45 34 53 57 11 33 51 40 29 30 25 12 10 25 21 10 12 21 52 66 88 82 66 67 82 72 38 14 47 56 57 54 39 41 46 46 46 37 29 53 53 71 71 58 65 81 54 35 41 52 51 43 43 56 61 33 3 25 40 46 49 45 55 60 51 60 58 44 45 50 44 35 30 28 19 34 54 69 58 46 41 21 26 25 25 33 47 81
65 51 33 27 20 30 47 54 51 43 46 39 19 47 54 41 33 31 31 28 22 31 34 29 38 17 32 52 75 74 57 74 81 62 55 36 34 53 56 55 49 51 61 55 33 18 58 66 58 66 60 50 54 73 48 20 41 50 42 35 41 56 40 11 31 35 45 59 67 62 56 57 46 41 42 55 54 45 33 41 38 32 24 5 54 71 47 45 57 42 35 32 17 25 34 75
51 47 40 39 35 31 34 37 43 39 24 15 29 50 55 39 29 27 32 38 35 34 38 31 43 48 32 30 54 60 55 90 87 58 61 67 41 22 42 44 40 47 59 42 20 58 75 63 64 73 67 55 56 64 49 21 37 29 18 20 28 28 2 33 42 35 37 52 67 68 65 73 61 46 52 66 58 33 21 30 33 29 25 18 53 76 42 42 63 55 30 28 23 23 29 66
26 32 37 42 37 22 10 10 3 3 10 28 37 58 63 40 29 29 33 29 31 30 34 25 28 47 47 43 48 40 32 79 90 66 67 85 78 37 12 42 41 36 38 9 36 72 73 52 57 78 71 55 60 57 39 29 33 18 6 12 19 8 13 37 42 31 32 39 45 53 60 68 51 43 64 68 52 37 27 28 33 35 31 25 44 78 45 36 55 59 37 7 23 26 26 53
52 48 46 35 20 17 19 35 41 35 26 33 30 51 56 34 36 43 48 50 57 50 31 25 22 30 38 43 50 42 32 49 68 60 62 76 81 76 49 13 39 44 31 16 44 72 72 47 50 81 69 33 48 46 29 25 27 16 13 15 19 23 28 40 46 38 41 39 31 39 46 47 29 54 73 59 49 48 36 26 25 32 38 40 36 63 50 33 47 55 47 25 17 24 26 38
90 78 51 22 17 26 33 33 36 34 18 26 27 42 50 31 32 45 53 54 57 55 46 37 37 45 57 67 65 50 38 36 41 37 49 57 53 61 73 51 20 23 20 36 44 70 67 40 55 86 71 36 47 43 20 14 13 26 35 36 34 33 33 36 39 36 44 37 28 37 55 60 47 71 76 54 47 45 34 21 19 20 30 38 29 29 49 48 55 54 51 46 31 33 36 33
80 71 48 37 25 22 43 37 33 41 38 28 31 38 48 37 34 43 41 35 35 41 46 45 50 57 62 68 65 58 56 57 51 35 35 45 45 45 68 67 37 20 12 38 44 72 71 42 67 81 58 45 50 45 18 20 40 47 46 46 40 32 26 25 28 35 51 42 29 39 58 51 48 78 75 50 46 54 45 28 23 15 17 24 28 4 31 50 64 59 59 58 39 32 42 57
39 49 62 47 23 22 54 54 22 35 44 37 36 35 39 35 47 46 34 32 35 37 34 32 41 46 40 42 42 48 57 59 56 49 35 25 38 47 64 58 40 29 7 35 43 76 78 48 68 63 48 61 73 65 33 46 59 68 73 76 77 74 58 32 26 37 59 48 27 36 45 22 32 71 69 47 46 52 50 37 36 34 34 39 50 50 21 46 66 62 60 65 48 26 47 65
28 54 69 52 40 41 73 75 21 18 28 30 31 28 28 28 52 52 27 23 33 50 55 48 39 38 34 41 44 40 38 37 37 37 36 26 29 55 64 48 40 39 11 38 50 80 75 53 58 49 49 55 71 60 27 48 54 57 65 73 80 82 82 64 41 36 59 53 32 36 34 15 30 62 57 42 49 53 40 33 36 40 40 44 54 73 67 46 48 59 67 76 58 37 50 50
