data/GlacierNationalPark/Fire2/elevation.asc
ncols 106
nrows 90
xllcorner -1620000
yllcorner 438000
cellsize 100
NODATA_value -9999
[rows 39 to 77 of 90, columns 0 to 85 of 106]
1840 1830 1827 1822 1826 1839 1842 1813 1820 1824 1836 1844 1861 1872 1873 1891 1901 1902 1919 1925 1919 1960 1931 1898 1898 1859 1816 1785 1777 1700 1684 1660 1630 1601 1571 1527 1512 1487 1449 1431 1440 1450 1429 1420 1419 1422 1414 1402 1382 1344 1319 1302 1288 1279 1267 1252 1232 1229 1220 1204 1191 1177 1167 1139 1125 1112 1100 1105 1087 1067 1070 1067 1061 1023 1012 1004 996 978 979 989 978 958 939 941 931 920
1902 1881 1873 1853 1859 1874 1890 1901 1901 1901 1923 1941 1947 1917 1922 1941 1945 1946 1972 1977 1981 2014 1999 1972 1949 1894 1855 1852 1826 1782 1796 1749 1709 1680 1670 1568 1544 1508 1456 1437 1417 1422 1415 1410 1407 1405 1401 1397 1381 1348 1324 1311 1293 1283 1275 1260 1237 1228 1221 1205 1191 1178 1168 1143 1126 1107 1094 1093 1073 1066 1066 1066 1052 1020 1017 1006 997 974 968 974 962 946 948 944 924 930
1991 1929 1904 1879 1887 1905 1932 1931 1935 1944 1965 1983 1996 2026 2043 2055 2067 2046 2075 2094 2013 2047 2062 2043 1991 1929 1915 1905 1876 1847 1847 1784 1749 1738 1672 1631 1588 1546 1480 1461 1441 1401 1392 1388 1389 1389 1386 1381 1363 1347 1327 1311 1295 1286 1276 1251 1242 1233 1226 1208 1189 1174 1164 1161 1135 1112 1084 1079 1067 1058 1055 1056 1051 1010 1012 1003 997 974 970 964 949 946 935 938 943 940
2111 2056 1993 1934 1908 1930 1967 1969 1987 2003 2024 2044 2045 2090 2122 2133 2133 2100 2127 2147 2118 2127 2156 2167 2089 2069 1976 1961 1929 1912 1894 1817 1798 1774 1684 1638 1588 1550 1523 1491 1465 1418 1398 1379 1362 1357 1362 1362 1358 1345 1327 1313 1295 1285 1276 1254 1245 1237 1227 1204 1190 1177 1157 1155 1125 1098 1089 1085 1077 1064 1041 1034 1027 1003 998 997 985 980 973 966 951 951 946 940 942 944
2168 2096 1992 1950 1932 1951 2030 2053 2068 2136 2088 2098 2113 2155 2179 2202 2189 2165 2180 2214 2181 2173 2195 2215 2147 2124 2098 2023 1989 1951 1910 1842 1816 1778 1678 1633 1591 1578 1553 1526 1494 1437 1411 1393 1370 1341 1342 1348 1346 1342 1330 1316 1299 1288 1276 1256 1245 1238 1228 1202 1183 1168 1142 1126 1097 1078 1064 1073 1075 1066 1054 1038 1026 1004 998 993 986 987 980 968 950 952 952 947 943 956
2188 2130 2021 1972 1948 1956 2042 2070 2102 2187 2228 2230 2226 2306 2282 2322 2344 2242 2239 2289 2261 2238 2239 2208 2163 2119 2076 2009 1980 1943 1856 1819 1774 1737 1680 1665 1660 1626 1590 1550 1522 1459 1428 1408 1362 1343 1329 1339 1342 1340 1330 1316 1299 1287 1277 1256 1245 1237 1228 1197 1179 1160 1120 1101 1087 1092 1073 1061 1055 1049 1048 1030 1021 1005 997 994 992 999 997 976 960 960 967 958 946 962
2230 2166 2038 1994 1966 1962 2055 2080 2108 2205 2259 2284 2283 2377 2348 2373 2404 2370 2375 2393 2357 2326 2267 2176 2133 2080 2030 1995 1975 1929 1840 1802 1774 1752 1716 1712 1702 1639 1613 1600 1579 1522 1494 1450 1374 1343 1324 1326 1336 1337 1328 1305 1297 1287 1277 1255 1246 1236 1215 1199 1174 1141 1103 1115 1133 1123 1119 1078 1057 1036 1031 1023 1020 1006 999 997 991 1002 1006 985 972 974 970 958 948 960
2228 2164 2066 2031 1995 1983 2058 2096 2111 2196 2247 2294 2333 2419 2418 2437 2446 2419 2393 2370 2316 2293 2251 2137 2071 1995 1974 1928 1910 1889 1839 1814 1802 1784 1760 1760 1731 1676 1646 1624 1600 1551 1528 1478 1383 1347 1326 1308 1322 1331 1324 1303 1296 1285 1272 1256 1244 1227 1192 1175 1160 1124 1129 1145 1150 1134 1131 1126 1109 1067 1055 1043 1022 1014 1000 997 991 1003 1009 982 976 981 971 958 948 948
2234 2171 2083 2040 2009 2016 2054 2089 2131 2176 2201 2241 2327 2370 2434 2459 2429 2407 2373 2312 2277 2251 2222 2099 2053 2005 1947 1930 1917 1902 1901 1901 1892 1872 1839 1806 1757 1708 1673 1641 1617 1559 1547 1505 1397 1356 1329 1311 1310 1326 1319 1299 1293 1280 1266 1231 1211 1189 1160 1143 1131 1132 1161 1167 1168 1146 1140 1133 1120 1076 1059 1047 1026 1020 1008 1000 993 999 1012 993 981 983 974 960 949 947
2263 2187 2094 2054 2027 2030 2048 2079 2109 2157 2183 2216 2296 2345 2387 2411 2368 2347 2320 2215 2238 2207 2172 2075 2035 2001 1953 1947 1946 1946 1956 1961 1952 1887 1856 1818 1789 1737 1692 1649 1599 1576 1554 1510 1402 1361 1333 1298 1300 1319 1316 1295 1283 1268 1215 1196 1177 1160 1163 1167 1179 1187 1195 1196 1179 1155 1141 1134 1122 1079 1061 1053 1032 1025 1014 1005 996 1001 1016 1001 984 976 980 960 951 944
2315 2243 2127 2076 2046 2056 2059 2073 2104 2140 2154 2187 2269 2315 2357 2389 2341 2317 2284 2181 2148 2116 2088 2070 2072 2080 2160 2021 2014 2025 2014 2020 1991 1906 1868 1828 1796 1733 1695 1655 1605 1584 1565 1532 1415 1378 1347 1306 1291 1307 1316 1301 1281 1251 1189 1181 1177 1181 1194 1192 1199 1198 1205 1207 1194 1164 1148 1142 1112 1100 1083 1063 1037 1027 1018 999 997 999 1015 1008 989 975 968 962 962 951
2336 2230 2152 2092 2065 2079 2096 2112 2144 2152 2161 2169 2243 2292 2336 2371 2322 2285 2242 2155 2126 2104 2081 2108 2116 2132 2210 2193 2165 2138 2094 2048 2004 1918 1876 1837 1799 1747 1714 1672 1615 1591 1573 1534 1424 1386 1354 1312 1292 1275 1305 1302 1257 1218 1234 1214 1214 1211 1226 1219 1221 1207 1214 1217 1203 1171 1158 1158 1126 1113 1091 1075 1046 1040 1031 1009 999 997 1006 1013 994 973 971 966 968 959
2330 2287 2196 2117 2096 2123 2126 2146 2182 2181 2178 2179 2222 2270 2319 2370 2306 2270 2213 2142 2132 2123 2121 2150 2166 2195 2262 2250 2191 2119 2082 2041 2001 1929 1889 1847 1782 1762 1741 1693 1627 1598 1574 1529 1422 1386 1359 1315 1298 1272 1288 1297 1253 1215 1267 1291 1277 1262 1253 1254 1249 1218 1221 1227 1212 1178 1166 1171 1141 1126 1104 1082 1051 1045 1034 1015 1007 998 999 1022 1000 979 970 969 972 965
2335 2386 2269 2175 2133 2150 2151 2203 2242 2238 2207 2196 2219 2258 2306 2370 2305 2252 2211 2185 2168 2154 2224 2262 2219 2258 2302 2257 2205 2110 2071 2032 1994 1921 1883 1843 1789 1763 1739 1710 1630 1595 1553 1500 1476 1447 1394 1321 1299 1279 1282 1253 1231 1223 1294 1309 1290 1260 1261 1263 1257 1237 1230 1240 1208 1194 1189 1190 1157 1138 1114 1091 1055 1050 1039 1019 1008 998 997 1027 1005 986 968 968 971 968
2378 2396 2320 2234 2197 2189 2219 2273 2302 2299 2251 2226 2226 2247 2291 2374 2315 2259 2226 2206 2191 2183 2278 2326 2396 2383 2304 2255 2205 2104 2063 2022 1983 1913 1883 1846 1797 1767 1736 1708 1636 1608 1585 1534 1502 1465 1429 1345 1317 1298 1257 1252 1229 1243 1313 1319 1299 1266 1266 1270 1263 1243 1235 1241 1215 1212 1207 1197 1177 1167 1137 1088 1067 1062 1044 1025 1010 999 1004 1021 1007 992 969 967 969 964
2468 2414 2341 2263 2216 2223 2252 2296 2412 2418 2352 2266 2259 2251 2276 2369 2338 2285 2225 2226 2224 2227 2284 2350 2403 2339 2295 2250 2201 2094 2040 1985 1946 1916 1897 1869 1817 1778 1739 1712 1662 1634 1599 1541 1508 1473 1438 1357 1327 1307 1285 1279 1284 1287 1327 1330 1308 1274 1269 1273 1268 1251 1239 1240 1233 1227 1219 1207 1177 1172 1149 1093 1068 1059 1049 1029 1024 1020 1004 1004 1002 994 974 970 967 959
2507 2438 2365 2303 2268 2277 2292 2333 2450 2475 2396 2290 2274 2266 2277 2358 2410 2367 2308 2291 2298 2294 2295 2357 2397 2309 2267 2227 2185 2067 2013 1979 1927 1916 1904 1879 1831 1802 1768 1712 1693 1662 1619 1550 1514 1481 1420 1381 1343 1316 1317 1314 1313 1309 1331 1336 1312 1278 1272 1277 1274 1266 1252 1248 1255 1236 1223 1211 1184 1172 1163 1098 1077 1062 1050 1037 1035 1031 1012 998 996 995 993 996 982 957
2435 2464 2442 2417 2367 2357 2364 2389 2484 2492 2442 2332 2302 2282 2292 2363 2436 2451 2362 2348 2343 2364 2395 2418 2376 2265 2217 2200 2163 2059 2015 1992 1936 1931 1923 1899 1844 1815 1777 1722 1704 1678 1634 1570 1531 1492 1441 1410 1371 1334 1348 1344 1332 1315 1333 1338 1316 1281 1276 1279 1278 1271 1255 1248 1261 1249 1229 1209 1192 1179 1166 1114 1089 1070 1046 1042 1039 1035 1015 1003 996 995 999 1010 998 958
2418 2427 2420 2383 2354 2370 2387 2432 2446 2452 2450 2445 2347 2318 2338 2380 2454 2515 2423 2405 2403 2432 2435 2400 2351 2245 2199 2158 2121 2091 2069 2053 2000 1970 1927 1906 1854 1824 1786 1727 1709 1683 1640 1570 1537 1499 1447 1420 1390 1371 1372 1358 1348 1325 1328 1335 1316 1284 1277 1279 1282 1274 1259 1253 1264 1258 1238 1209 1197 1184 1171 1141 1114 1089 1056 1047 1038 1031 1018 1006 997 995 1000 1013 1005 960
2380 2399 2371 2322 2326 2350 2365 2402 2417 2429 2427 2419 2423 2430 2432 2441 2475 2482 2477 2456 2459 2454 2419 2383 2332 2217 2180 2147 2100 2099 2114 2121 2040 1995 1963 1896 1867 1834 1792 1732 1707 1676 1639 1570 1541 1507 1456 1434 1411 1388 1379 1363 1349 1327 1327 1336 1322 1287 1282 1282 1288 1284 1263 1257 1263 1265 1246 1211 1202 1192 1179 1165 1131 1100 1061 1045 1037 1033 1027 1020 1010 995 998 1012 1008 962
2285 2280 2258 2283 2293 2320 2330 2370 2388 2404 2402 2402 2398 2406 2405 2413 2424 2426 2454 2438 2414 2387 2374 2351 2322 2200 2166 2134 2108 2122 2154 2175 2067 2019 1978 1904 1874 1839 1801 1740 1711 1683 1617 1581 1550 1520 1474 1447 1425 1392 1381 1362 1347 1329 1324 1332 1299 1290 1286 1286 1287 1288 1279 1256 1253 1266 1249 1218 1213 1199 1190 1181 1143 1108 1065 1047 1038 1037 1032 1026 1016 995 999 1010 1004 960
2226 2222 2200 2193 2240 2254 2267 2301 2320 2377 2378 2381 2377 2379 2380 2383 2385 2377 2411 2400 2375 2349 2345 2335 2313 2240 2198 2185 2212 2236 2250 2201 2080 2028 1982 1917 1887 1859 1816 1745 1719 1690 1623 1586 1556 1529 1484 1462 1445 1388 1378 1365 1352 1329 1322 1329 1303 1293 1291 1290 1292 1295 1284 1261 1253 1264 1250 1222 1215 1209 1192 1187 1152 1122 1085 1053 1040 1038 1034 1027 1019 998 1002 1010 977 963
2159 2155 2147 2176 2202 2218 2234 2268 2282 2306 2315 2316 2315 2327 2325 2343 2339 2354 2363 2354 2337 2315 2310 2306 2273 2269 2260 2256 2273 2291 2264 2207 2116 2067 2020 1944 1908 1866 1825 1751 1722 1693 1627 1593 1562 1537 1493 1469 1450 1393 1380 1367 1352 1328 1322 1319 1306 1298 1297 1295 1296 1294 1288 1269 1255 1257 1250 1231 1213 1208 1190 1185 1152 1124 1094 1068 1048 1037 1034 1027 1022 1002 1005 1009 976 973
2094 2093 2097 2141 2168 2193 2204 2241 2257 2272 2281 2289 2281 2292 2296 2287 2265 2291 2290 2279 2256 2246 2276 2272 2246 2242 2246 2255 2258 2290 2282 2184 2132 2081 2037 1955 1916 1883 1804 1761 1728 1700 1650 1616 1575 1524 1495 1477 1455 1400 1382 1369 1341 1328 1323 1317 1306 1299 1303 1307 1305 1296 1288 1285 1273 1256 1251 1239 1213 1212 1186 1180 1158 1129 1100 1079 1055 1036 1034 1027 1022 1012 1005 1008 981 984
2001 2008 2019 2060 2100 2131 2175 2216 2234 2239 2239 2249 2244 2263 2268 2259 2234 2253 2249 2232 2218 2214 2209 2196 2180 2175 2176 2181 2228 2246 2256 2200 2149 2103 2054 1965 1928 1892 1818 1775 1742 1712 1660 1629 1596 1532 1496 1476 1461 1409 1385 1371 1342 1330 1323 1317 1305 1300 1307 1320 1313 1302 1292 1287 1281 1267 1231 1233 1211 1217 1192 1172 1161 1114 1104 1086 1060 1036 1033 1028 1022 1010 1003 1005 980 982
1987 1989 2000 2026 2054 2086 2138 2158 2163 2161 2158 2160 2213 2240 2241 2233 2205 2213 2211 2189 2189 2187 2175 2160 2147 2145 2150 2155 2153 2154 2159 2183 2150 2133 2091 1970 1935 1904 1833 1795 1756 1721 1664 1643 1613 1542 1506 1478 1465 1420 1389 1370 1342 1334 1327 1316 1301 1299 1311 1323 1320 1308 1300 1282 1288 1280 1233 1233 1214 1216 1194 1171 1159 1113 1104 1093 1072 1031 1023 1026 1012 1006 999 993 980 984
1987 1979 1985 1997 2017 2042 2100 2123 2127 2120 2120 2127 2142 2179 2186 2182 2160 2125 2131 2155 2160 2154 2139 2124 2116 2114 2126 2130 2119 2117 2115 2133 2124 2135 2057 2005 1962 1935 1871 1839 1798 1734 1673 1653 1628 1549 1510 1481 1465 1430 1394 1372 1341 1333 1331 1321 1301 1300 1316 1324 1326 1319 1310 1281 1288 1288 1240 1229 1215 1218 1196 1173 1162 1121 1104 1091 1075 1035 1024 1016 1002 997 994 985 983 983
2004 1984 1972 1987 1993 2007 2048 2081 2095 2090 2090 2098 2112 2148 2152 2152 2136 2087 2094 2094 2092 2081 2070 2064 2063 2089 2096 2097 2086 2088 2078 2076 2093 2116 2088 2032 1988 1953 1891 1853 1810 1718 1689 1648 1608 1559 1525 1482 1455 1434 1400 1378 1341 1334 1334 1308 1299 1300 1316 1324 1328 1320 1301 1282 1281 1293 1259 1234 1215 1222 1198 1177 1170 1129 1113 1083 1077 1037 1024 1019 1004 996 990 983 985 987
2029 2001 1979 1964 1969 1974 1983 2004 2011 2024 2064 2064 2077 2112 2117 2123 2108 2055 2061 2062 2060 2047 2037 2036 2037 2029 2018 2020 2014 2002 1988 1993 2055 2074 2087 2057 2006 1970 1900 1853 1807 1719 1685 1643 1602 1552 1527 1491 1444 1432 1407 1378 1347 1335 1337 1308 1298 1297 1311 1323 1330 1323 1302 1281 1277 1287 1269 1241 1219 1225 1208 1183 1184 1126 1124 1092 1064 1042 1029 1025 1005 995 991 982 983 988
2058 2021 1970 1961 1960 1966 1969 1976 1984 1998 2014 2030 2027 2029 2032 2041 2043 2030 2036 2034 2029 2013 2006 2009 2006 1990 1979 1979 1975 1964 1952 1954 1952 1944 1977 1982 1985 1984 1900 1855 1805 1706 1670 1634 1596 1538 1521 1492 1442 1428 1406 1380 1352 1336 1333 1305 1295 1292 1297 1319 1332 1326 1300 1281 1276 1280 1276 1249 1224 1229 1210 1183 1188 1129 1125 1107 1072 1059 1043 1026 1011 997 991 983 982 987
2083 2036 1970 1961 1954 1953 1960 1961 1966 1967 1970 1986 2004 2006 1996 2003 1987 1990 1986 1979 1960 1951 1974 1977 1968 1949 1939 1936 1933 1919 1918 1905 1898 1892 1913 1916 1924 1922 1935 1905 1836 1717 1662 1620 1552 1524 1508 1485 1437 1422 1405 1367 1354 1338 1333 1306 1295 1291 1292 1312 1330 1327 1300 1285 1278 1275 1284 1256 1230 1227 1208 1184 1187 1132 1122 1115 1081 1067 1049 1030 1014 1006 993 994 989 987
2131 2044 1971 1949 1939 1932 1934 1948 1951 1943 1938 1941 1952 1977 1989 1981 1971 1974 1965 1954 1939 1931 1936 1925 1910 1882 1854 1833 1820 1865 1863 1846 1835 1828 1846 1849 1859 1861 1881 1901 1854 1718 1663 1619 1536 1506 1488 1467 1429 1418 1403 1369 1356 1341 1333 1309 1295 1290 1296 1306 1324 1328 1300 1286 1280 1276 1282 1262 1235 1213 1205 1192 1163 1136 1121 1119 1089 1074 1057 1033 1014 1011 1001 1002 995 993
2249 2071 1980 1949 1933 1919 1919 1918 1916 1900 1893 1888 1880 1931 1945 1953 1944 1937 1932 1927 1917 1910 1914 1890 1868 1834 1808 1783 1770 1770 1755 1744 1727 1718 1727 1778 1785 1799 1806 1827 1849 1734 1674 1625 1534 1501 1477 1457 1424 1411 1400 1370 1361 1348 1338 1320 1305 1290 1292 1297 1316 1327 1302 1286 1281 1275 1276 1261 1235 1212 1206 1198 1163 1141 1126 1116 1101 1081 1066 1029 1016 1011 1007 1007 1001 998
2335 2158 1989 1950 1927 1907 1909 1903 1897 1882 1872 1865 1855 1864 1865 1868 1871 1860 1846 1852 1889 1882 1873 1840 1811 1788 1747 1741 1733 1729 1711 1702 1687 1681 1679 1685 1679 1688 1700 1716 1732 1760 1684 1627 1533 1498 1470 1448 1418 1403 1395 1372 1361 1349 1339 1328 1309 1293 1290 1290 1296 1313 1302 1292 1279 1274 1271 1259 1235 1212 1207 1208 1165 1146 1130 1115 1108 1086 1074 1046 1019 1012 1015 1016 1008 1009
2446 2323 2012 1966 1930 1901 1893 1887 1879 1858 1856 1848 1832 1831 1831 1831 1837 1828 1818 1820 1815 1805 1793 1762 1747 1735 1722 1715 1705 1698 1681 1672 1659 1645 1643 1644 1636 1641 1650 1667 1708 1727 1706 1645 1539 1494 1463 1422 1412 1398 1391 1370 1360 1347 1336 1332 1313 1298 1289 1290 1292 1312 1305 1294 1276 1270 1261 1248 1229 1212 1211 1216 1168 1151 1135 1117 1117 1092 1076 1054 1021 1011 1019 1022 1013 1011
2530 2380 2028 1991 1964 1923 1903 1890 1873 1842 1835 1831 1817 1815 1815 1811 1813 1813 1807 1796 1792 1783 1772 1749 1741 1741 1742 1735 1729 1724 1725 1726 1683 1650 1636 1624 1615 1605 1608 1617 1649 1668 1678 1654 1539 1491 1459 1420 1401 1389 1380 1364 1355 1346 1331 1332 1318 1306 1288 1285 1287 1311 1306 1300 1278 1270 1257 1245 1217 1213 1215 1231 1177 1160 1140 1109 1123 1097 1079 1063 1029 1011 1028 1027 1020 1015
2510 2275 2071 2007 1971 1943 1931 1911 1877 1855 1842 1828 1820 1819 1817 1804 1806 1799 1794 1785 1778 1772 1761 1752 1757 1768 1773 1761 1751 1742 1752 1755 1751 1717 1711 1690 1669 1634 1618 1586 1593 1609 1630 1640 1537 1489 1457 1421 1402 1387 1376 1359 1352 1342 1324 1325 1327 1321 1301 1288 1279 1307 1305 1307 1284 1265 1254 1242 1215 1212 1213 1233 1185 1162 1142 1107 1118 1100 1082 1075 1049 1024 1022 1032 1027 1013
2548 2315 2141 2042 2004 1980 1966 1938 1907 1886 1866 1854 1856 1858 1856 1840 1838 1828 1820 1822 1810 1807 1791 1769 1781 1796 1802 1785 1775 1772 1781 1787 1784 1755 1751 1729 1685 1659 1641 1625 1576 1543 1540 1545 1518 1487 1458 1423 1404 1387 1361 1353 1347 1339 1321 1316 1320 1324 1309 1291 1277 1299 1301 1307 1292 1256 1246 1237 1216 1216 1212 1232 1191 1166 1143 1109 1114 1100 1082 1079 1057 1032 1019 1028 1031 1018
2603 2400 2270 2178 2117 2062 2042 1977 1948 1924 1904 1897 1895 1906 1912 1894 1889 1876 1863 1864 1851 1847 1840 1836 1847 1853 1838 1832 1833 1837 1807 1814 1809 1794 1786 1772 1719 1697 1677 1652 1596 1565 1526 1507 1504 1481 1455 1419 1401 1388 1361 1346 1341 1335 1320 1314 1319 1328 1316 1298 1281 1291 1297 1304 1274 1258 1244 1232 1224 1223 1216 1238 1212 1179 1145 1113 1108 1102 1084 1084 1067 1041 1012 1022 1026 1016
