data/GlacierNationalPark/Fire2/elevation.asc
ncols 106
nrows 90
xllcorner -1620000
yllcorner 438000
cellsize 100
NODATA_value -9999
[rows 0 to 38 of 90, columns 0 to 85 of 106]
2148 2152 2104 2099 2129 2097 2081 2073 2056 2014 2040 2063 2050 2038 2066 2101 2082 2042 2010 1950 1931 1949 1945 1948 1952 1946 1923 1928 1929 1913 1858 1823 1780 1666 1635 1595 1563 1468 1432 1398 1323 1299 1276 1246 1224 1209 1203 1193 1191 1190 1184 1170 1157 1152 1139 1128 1119 1109 1092 1085 1080 1071 1067 1061 1061 1040 1030 1024 999 1001 1014 1016 1034 1019 998 947 936 928 924 917 906 895 881 873 866 844
2041 2032 2013 2003 2025 2001 2032 2035 2007 1979 2001 2024 2010 2002 2030 2067 2039 2002 1969 1921 1893 1882 1863 1863 1861 1857 1834 1839 1896 1885 1857 1824 1783 1691 1646 1610 1585 1492 1457 1428 1348 1318 1293 1275 1244 1227 1207 1189 1190 1192 1188 1175 1161 1157 1149 1136 1127 1118 1091 1087 1081 1072 1068 1065 1065 1052 1034 1022 1000 1002 1013 1021 1032 1028 1006 954 941 933 929 923 912 901 883 874 869 860
1993 1984 1962 1952 1965 1942 1928 1929 1924 1904 1921 1938 1961 1966 1981 2023 2007 1963 1929 1888 1861 1851 1827 1826 1821 1816 1789 1791 1804 1812 1815 1815 1796 1719 1656 1622 1561 1515 1480 1445 1375 1342 1316 1274 1255 1238 1218 1185 1184 1186 1187 1180 1168 1158 1164 1151 1137 1125 1097 1088 1082 1074 1068 1067 1070 1055 1041 1027 1001 1001 1014 1022 1025 1026 1015 973 956 946 933 929 916 904 884 876 874 877
1950 1933 1915 1908 1903 1883 1877 1880 1876 1864 1871 1879 1860 1880 1883 1908 1909 1888 1858 1849 1826 1812 1791 1789 1780 1776 1749 1742 1755 1768 1775 1793 1787 1730 1689 1652 1584 1550 1518 1478 1414 1370 1347 1301 1275 1251 1231 1201 1189 1181 1180 1176 1169 1157 1162 1159 1149 1122 1110 1096 1087 1074 1069 1068 1062 1058 1043 1032 1005 999 1011 1021 1022 1025 1017 983 960 949 938 934 924 914 891 885 876 879
1859 1839 1830 1862 1843 1836 1834 1837 1829 1827 1828 1815 1814 1821 1831 1836 1835 1825 1812 1768 1751 1730 1723 1720 1705 1729 1707 1703 1711 1724 1739 1758 1762 1738 1704 1670 1597 1568 1544 1498 1430 1403 1389 1360 1328 1294 1265 1212 1202 1193 1177 1175 1170 1161 1148 1150 1145 1128 1114 1098 1092 1076 1069 1070 1064 1058 1050 1042 1021 999 1005 1023 1018 1022 1017 996 963 951 941 935 928 919 893 884 876 873
1831 1803 1794 1789 1782 1775 1769 1767 1774 1799 1793 1774 1776 1777 1784 1776 1773 1765 1747 1727 1715 1703 1698 1694 1679 1640 1637 1642 1645 1636 1654 1708 1738 1734 1708 1673 1600 1574 1558 1515 1444 1416 1408 1377 1349 1317 1289 1231 1218 1212 1198 1194 1189 1169 1145 1137 1134 1126 1117 1100 1095 1076 1069 1068 1060 1057 1056 1047 1027 1004 1001 1026 1021 1016 1010 1004 968 952 944 936 931 922 891 884 876 870
1807 1785 1780 1777 1770 1763 1759 1757 1760 1759 1752 1734 1730 1725 1720 1710 1728 1719 1706 1700 1696 1686 1681 1670 1666 1644 1618 1615 1611 1594 1606 1614 1658 1679 1686 1665 1586 1555 1547 1482 1459 1436 1432 1394 1363 1337 1276 1247 1226 1218 1208 1206 1200 1172 1158 1144 1135 1123 1111 1104 1087 1078 1072 1069 1061 1057 1057 1052 1033 1013 997 1022 1024 1015 1008 999 976 955 948 939 932 926 890 882 877 869
1793 1784 1783 1780 1777 1771 1766 1765 1761 1759 1755 1735 1731 1724 1723 1721 1708 1703 1702 1701 1698 1687 1678 1678 1687 1681 1653 1613 1586 1561 1562 1577 1612 1637 1651 1645 1583 1547 1517 1466 1457 1455 1463 1444 1378 1351 1292 1260 1234 1225 1213 1211 1206 1177 1165 1150 1138 1123 1112 1104 1090 1085 1083 1078 1067 1060 1057 1051 1042 1024 1000 1016 1023 1016 1003 997 978 958 948 939 930 919 900 885 879 862
1813 1817 1820 1822 1827 1826 1832 1788 1780 1777 1771 1752 1751 1751 1751 1742 1727 1727 1731 1730 1722 1721 1720 1724 1744 1739 1714 1686 1654 1565 1542 1544 1573 1592 1608 1622 1580 1538 1503 1458 1447 1446 1454 1448 1431 1394 1310 1282 1256 1237 1220 1213 1209 1184 1171 1155 1142 1126 1114 1104 1092 1089 1085 1076 1067 1062 1056 1066 1059 1042 1018 998 1005 1014 1002 997 981 962 943 938 929 928 909 892 882 866
1847 1851 1857 1859 1876 1872 1879 1879 1866 1856 1838 1824 1838 1789 1783 1777 1763 1761 1770 1767 1761 1767 1762 1764 1776 1769 1752 1727 1650 1609 1572 1544 1506 1515 1540 1592 1569 1530 1493 1450 1438 1438 1439 1439 1432 1409 1322 1287 1259 1227 1220 1217 1218 1207 1185 1169 1152 1133 1119 1107 1093 1092 1085 1074 1066 1063 1054 1068 1064 1051 1025 1010 997 1011 999 991 975 961 939 937 928 933 921 901 886 874
1885 1890 1895 1902 1925 1931 1929 1925 1910 1892 1872 1872 1887 1888 1876 1872 1872 1866 1859 1807 1813 1824 1814 1817 1820 1815 1799 1766 1695 1649 1608 1569 1506 1495 1513 1531 1530 1515 1487 1432 1424 1426 1426 1426 1424 1415 1335 1289 1263 1231 1221 1217 1218 1214 1192 1175 1145 1141 1132 1120 1091 1094 1089 1066 1065 1062 1056 1069 1068 1058 1021 1016 1001 1003 998 991 984 960 941 935 930 929 928 916 901 877
1962 1967 1975 2003 1964 1959 1959 1970 1951 1913 1891 1912 1933 1944 1930 1928 1930 1924 1906 1903 1906 1945 1949 1959 1932 1937 1846 1815 1738 1687 1641 1598 1522 1494 1489 1508 1513 1508 1480 1423 1409 1398 1400 1403 1399 1394 1345 1306 1272 1240 1227 1220 1217 1216 1198 1180 1147 1144 1138 1124 1093 1092 1088 1072 1064 1061 1056 1057 1070 1066 1027 1018 1005 993 997 992 988 960 947 944 935 935 932 921 891 882
2003 2003 2003 2033 2040 2045 2043 1979 1964 1929 1907 1947 1976 1994 1990 1984 1983 1974 1964 1964 1961 2022 2040 2054 2027 2021 1965 1896 1803 1754 1700 1605 1539 1508 1478 1483 1490 1491 1469 1417 1400 1387 1383 1386 1384 1377 1346 1315 1290 1253 1241 1225 1218 1216 1204 1184 1150 1144 1141 1127 1098 1091 1087 1077 1069 1058 1056 1049 1064 1064 1044 1026 1013 998 996 997 990 966 952 946 938 933 934 924 893 886
2042 2030 2019 2036 2060 2088 2084 1983 1953 1937 1956 2000 2042 2085 2134 2103 2117 2033 2036 2031 2016 2134 2156 2130 2090 2056 1993 1936 1819 1767 1737 1652 1609 1564 1518 1465 1448 1434 1411 1410 1391 1376 1367 1372 1370 1358 1348 1320 1294 1259 1247 1228 1216 1217 1214 1194 1161 1150 1146 1127 1119 1094 1084 1079 1073 1066 1058 1044 1056 1062 1053 1032 1012 998 990 994 1006 973 958 948 942 932 929 922 894 889
2147 2059 2030 2033 2062 2105 2099 1986 1965 1960 1964 2015 2061 2105 2193 2175 2195 2156 2171 2170 2143 2241 2319 2217 2122 2059 1998 1938 1861 1843 1796 1698 1657 1604 1564 1489 1474 1454 1423 1396 1375 1357 1343 1345 1348 1352 1346 1326 1296 1264 1249 1232 1216 1214 1215 1198 1166 1152 1148 1136 1125 1110 1090 1084 1079 1070 1052 1044 1051 1059 1061 1039 1014 989 979 984 1006 974 958 949 935 932 927 919 893 887
2208 2158 2087 2056 2065 2109 2072 2000 1987 1983 1988 2027 2074 2162 2218 2236 2249 2242 2226 2240 2206 2279 2347 2300 2163 2107 2071 2021 1920 1870 1822 1737 1692 1638 1598 1519 1497 1475 1431 1398 1369 1353 1332 1327 1329 1322 1324 1322 1310 1270 1253 1235 1217 1212 1213 1200 1170 1157 1150 1141 1129 1115 1095 1084 1081 1072 1053 1044 1042 1047 1061 1052 1035 992 981 973 993 979 961 950 939 929 925 918 891 888
2250 2220 2137 2088 2099 2125 2124 2082 2068 2057 2043 2056 2101 2169 2218 2270 2307 2331 2297 2310 2275 2330 2358 2304 2181 2118 2060 1961 1910 1858 1815 1755 1714 1668 1584 1553 1509 1486 1436 1409 1385 1351 1331 1319 1309 1305 1310 1310 1292 1273 1256 1246 1220 1212 1208 1203 1184 1162 1151 1145 1133 1117 1100 1079 1085 1078 1058 1045 1044 1040 1052 1056 1046 996 985 977 976 992 972 956 942 929 922 912 890 890
2263 2277 2195 2128 2142 2166 2190 2142 2114 2099 2086 2103 2135 2190 2237 2280 2325 2428 2442 2413 2346 2363 2347 2298 2192 2138 2087 1976 1919 1867 1821 1749 1715 1685 1615 1580 1547 1514 1443 1413 1391 1360 1342 1323 1306 1293 1295 1294 1292 1275 1260 1249 1225 1214 1205 1198 1186 1165 1151 1146 1140 1129 1095 1073 1084 1081 1061 1047 1043 1039 1045 1057 1048 999 985 976 998 994 974 958 946 929 909 892 889 889
2245 2294 2240 2255 2290 2229 2259 2190 2166 2147 2157 2181 2190 2228 2262 2308 2352 2446 2410 2357 2305 2269 2291 2255 2164 2120 2086 1996 1940 1883 1836 1759 1728 1699 1632 1595 1565 1530 1458 1423 1398 1369 1359 1344 1321 1281 1276 1270 1286 1278 1264 1249 1226 1216 1205 1196 1186 1170 1154 1146 1148 1136 1101 1076 1074 1076 1054 1047 1045 1040 1038 1051 1048 1001 986 977 991 993 977 960 948 928 903 892 886 891
2238 2280 2297 2326 2371 2381 2454 2368 2300 2275 2318 2253 2250 2271 2293 2337 2427 2451 2394 2328 2258 2223 2218 2173 2135 2095 2053 1957 1921 1891 1812 1761 1735 1698 1641 1605 1575 1542 1471 1436 1413 1379 1366 1350 1329 1284 1272 1267 1274 1273 1265 1250 1227 1219 1209 1194 1187 1175 1160 1143 1152 1144 1108 1082 1065 1070 1049 1046 1044 1041 1038 1039 1041 1011 994 981 972 991 979 961 948 926 909 913 892 879
2244 2271 2344 2396 2447 2466 2522 2464 2418 2362 2369 2398 2401 2389 2388 2361 2356 2418 2393 2320 2219 2178 2141 2113 2093 2059 2014 1937 1908 1886 1825 1796 1772 1748 1681 1645 1616 1548 1509 1457 1434 1389 1374 1356 1312 1290 1274 1263 1260 1263 1263 1240 1229 1221 1210 1190 1189 1182 1153 1142 1148 1148 1111 1087 1064 1063 1050 1048 1044 1040 1038 1037 1041 1016 997 987 961 983 977 963 948 930 915 923 910 891
2323 2331 2373 2438 2496 2517 2568 2548 2514 2451 2448 2462 2452 2395 2354 2319 2310 2312 2343 2345 2222 2156 2109 2040 2042 2014 1991 1928 1912 1897 1891 1857 1809 1764 1694 1660 1626 1569 1539 1494 1456 1411 1391 1373 1337 1309 1280 1263 1251 1256 1261 1243 1230 1223 1215 1189 1186 1181 1157 1142 1145 1150 1111 1089 1069 1054 1051 1048 1047 1040 1040 1039 1033 1017 996 986 960 973 974 951 947 933 921 919 931 906
2325 2325 2380 2418 2454 2485 2539 2543 2564 2513 2475 2438 2379 2344 2318 2273 2261 2258 2304 2318 2267 2212 2157 2065 2028 2006 1995 2000 1991 2005 1924 1861 1817 1782 1710 1674 1636 1574 1549 1508 1474 1420 1399 1381 1342 1312 1283 1269 1244 1238 1245 1244 1231 1225 1220 1190 1182 1179 1160 1142 1139 1144 1111 1090 1073 1055 1052 1050 1047 1044 1048 1050 1029 1013 996 985 961 965 970 948 945 934 925 915 929 909
2298 2298 2341 2372 2397 2453 2467 2467 2454 2426 2391 2344 2295 2269 2221 2237 2205 2226 2263 2301 2273 2257 2223 2138 2086 2069 2079 2065 2054 2049 1976 1944 1899 1801 1750 1711 1659 1573 1550 1520 1459 1431 1406 1386 1347 1318 1291 1263 1250 1237 1236 1241 1230 1215 1197 1175 1170 1167 1159 1140 1136 1136 1110 1091 1074 1058 1054 1049 1046 1042 1050 1054 1026 1010 997 983 965 944 942 938 945 938 928 912 923 914
2272 2272 2295 2318 2332 2397 2398 2418 2400 2374 2344 2309 2244 2231 2190 2152 2110 2137 2185 2189 2163 2206 2205 2187 2177 2162 2130 2125 2119 2092 2008 1972 1919 1818 1762 1712 1668 1583 1552 1524 1473 1446 1419 1391 1352 1327 1302 1267 1256 1242 1228 1232 1219 1200 1178 1164 1158 1153 1140 1131 1120 1105 1096 1092 1080 1061 1056 1050 1041 1041 1050 1054 1030 1008 995 977 970 943 943 934 938 941 933 912 914 916
2200 2201 2208 2218 2241 2333 2346 2362 2341 2325 2295 2284 2193 2178 2155 2122 2067 2101 2160 2134 2102 2082 2099 2083 2102 2096 2063 2111 2113 2088 2011 1979 1931 1818 1764 1714 1674 1583 1551 1520 1473 1448 1425 1408 1365 1343 1322 1280 1264 1247 1233 1216 1217 1230 1204 1172 1162 1151 1132 1124 1117 1113 1109 1102 1086 1061 1052 1045 1041 1038 1046 1052 1035 1017 1000 979 967 955 953 944 931 936 921 914 916 914
2158 2161 2164 2170 2197 2240 2257 2261 2208 2208 2192 2204 2169 2123 2109 2048 2021 2047 2092 2078 2037 2027 2028 2022 2050 2047 2024 2018 2032 2010 1987 1966 1926 1813 1753 1708 1670 1597 1563 1531 1486 1460 1438 1420 1375 1351 1330 1284 1270 1253 1241 1236 1235 1233 1223 1206 1195 1180 1163 1146 1134 1118 1114 1105 1094 1067 1060 1048 1038 1036 1037 1048 1042 1019 1001 991 974 954 958 962 931 930 918 915 923 916
2120 2121 2126 2134 2162 2195 2208 2212 2160 2152 2135 2164 2124 2054 2019 1979 1937 1942 2026 2030 1983 1967 1969 1963 1993 1993 1988 1980 1991 1980 1963 1952 1924 1827 1783 1740 1666 1624 1584 1554 1496 1468 1446 1405 1386 1358 1338 1295 1277 1261 1239 1236 1234 1230 1218 1214 1216 1201 1191 1169 1149 1128 1115 1105 1096 1075 1065 1056 1034 1033 1036 1045 1040 1018 999 994 975 956 957 979 954 930 924 928 928 921
2040 2047 2045 2102 2122 2155 2160 2160 2122 2095 2081 2121 2078 2023 1969 1941 1899 1891 1917 1911 1887 1869 1849 1848 1933 1928 1935 1933 1944 1946 1938 1937 1919 1834 1793 1754 1677 1639 1596 1561 1506 1477 1454 1422 1403 1378 1345 1305 1285 1268 1242 1237 1232 1227 1220 1223 1218 1207 1197 1178 1156 1134 1124 1113 1094 1084 1074 1069 1035 1032 1043 1047 1036 1018 1000 997 977 958 966 976 954 933 928 928 932 923
2012 2005 2014 2031 2053 2064 2073 2061 2033 2069 2034 2039 2012 1964 1921 1898 1860 1837 1860 1843 1833 1814 1791 1798 1816 1816 1840 1842 1848 1879 1896 1926 1913 1845 1803 1761 1685 1652 1609 1572 1514 1488 1465 1428 1412 1386 1359 1319 1297 1281 1257 1243 1230 1227 1230 1228 1221 1213 1201 1183 1161 1140 1131 1121 1097 1088 1077 1074 1050 1034 1038 1040 1033 1021 1002 998 980 960 964 970 952 934 931 930 932 927
1979 1969 1984 1993 2006 2019 2017 2006 1980 1998 1956 1909 1872 1833 1822 1846 1808 1785 1779 1771 1767 1760 1748 1749 1754 1776 1798 1800 1808 1837 1851 1866 1854 1828 1798 1765 1706 1661 1621 1557 1527 1496 1472 1435 1421 1394 1345 1325 1307 1288 1261 1246 1235 1230 1235 1236 1232 1221 1212 1188 1168 1145 1138 1129 1101 1093 1082 1075 1057 1038 1027 1040 1028 1019 1003 992 983 966 958 951 941 939 938 934 931 929
1930 1930 1947 1951 1953 1969 1962 1940 1925 1946 1916 1847 1814 1784 1764 1734 1713 1699 1674 1667 1659 1659 1698 1699 1704 1729 1740 1751 1756 1780 1780 1817 1830 1811 1789 1762 1717 1682 1647 1574 1545 1514 1483 1448 1426 1400 1352 1332 1314 1291 1265 1256 1244 1230 1237 1239 1234 1226 1213 1195 1162 1150 1151 1144 1110 1097 1086 1069 1061 1046 1029 1041 1030 1022 1009 990 984 968 958 948 940 941 947 949 941 938
1845 1848 1856 1856 1842 1847 1908 1877 1858 1879 1866 1786 1764 1740 1718 1697 1678 1669 1642 1630 1621 1624 1623 1617 1616 1625 1638 1648 1702 1719 1720 1749 1784 1789 1771 1748 1722 1692 1655 1584 1554 1520 1489 1454 1434 1413 1368 1345 1327 1304 1269 1261 1252 1238 1239 1239 1235 1228 1216 1200 1167 1153 1152 1148 1113 1098 1094 1077 1070 1068 1059 1017 1033 1023 991 986 985 973 958 948 940 949 949 953 947 940
1806 1818 1824 1819 1797 1794 1786 1766 1762 1756 1739 1707 1733 1704 1672 1664 1655 1649 1625 1616 1609 1598 1594 1587 1585 1586 1591 1601 1612 1610 1616 1627 1658 1672 1729 1718 1710 1692 1662 1588 1559 1524 1496 1460 1440 1423 1379 1354 1335 1310 1279 1269 1260 1250 1242 1239 1237 1230 1219 1204 1172 1158 1151 1152 1119 1101 1098 1081 1074 1071 1063 1020 1026 1025 1003 986 981 977 956 945 940 950 953 954 949 940
1775 1783 1790 1782 1760 1753 1740 1724 1724 1716 1699 1676 1674 1665 1657 1661 1663 1662 1666 1632 1625 1613 1601 1596 1592 1574 1565 1558 1572 1566 1570 1576 1596 1603 1604 1630 1637 1646 1634 1584 1565 1529 1482 1465 1449 1432 1384 1362 1344 1292 1282 1274 1266 1254 1243 1240 1237 1230 1223 1209 1178 1165 1155 1154 1126 1106 1103 1090 1079 1074 1064 1026 1013 1029 1007 992 981 977 949 948 946 949 959 952 950 936
1743 1734 1731 1751 1732 1723 1709 1700 1697 1686 1674 1666 1670 1671 1689 1696 1697 1697 1701 1697 1694 1668 1658 1658 1654 1595 1584 1570 1545 1542 1539 1541 1543 1547 1551 1573 1576 1597 1593 1570 1566 1536 1488 1476 1464 1449 1405 1371 1351 1301 1286 1279 1271 1257 1245 1239 1236 1231 1223 1211 1181 1166 1156 1154 1138 1117 1109 1116 1097 1077 1059 1043 1008 1019 1013 1000 983 957 948 959 962 947 958 953 946 929
1742 1727 1719 1713 1711 1709 1711 1709 1705 1705 1684 1685 1693 1702 1729 1733 1736 1736 1738 1745 1735 1707 1698 1695 1688 1662 1647 1633 1591 1574 1561 1548 1509 1510 1515 1523 1524 1537 1536 1540 1551 1531 1485 1479 1466 1455 1412 1389 1367 1317 1295 1287 1281 1267 1249 1239 1235 1230 1222 1213 1185 1169 1155 1149 1137 1118 1113 1121 1106 1084 1063 1063 1044 1018 987 983 989 959 954 972 974 944 954 950 949 928
1760 1743 1733 1733 1735 1737 1738 1740 1738 1741 1749 1759 1772 1782 1806 1812 1771 1773 1775 1786 1793 1758 1747 1738 1715 1701 1686 1666 1621 1606 1598 1564 1546 1525 1509 1480 1468 1473 1505 1511 1525 1520 1476 1472 1464 1442 1419 1395 1371 1326 1302 1292 1286 1272 1258 1245 1235 1229 1223 1214 1187 1171 1159 1143 1134 1119 1112 1120 1114 1092 1064 1064 1056 1032 1005 994 985 973 971 984 987 949 947 945 928 921
1777 1761 1756 1761 1760 1770 1772 1774 1776 1785 1795 1800 1815 1824 1831 1848 1855 1861 1869 1873 1872 1890 1804 1782 1778 1753 1734 1700 1668 1652 1637 1609 1583 1559 1537 1502 1485 1466 1442 1449 1474 1474 1443 1441 1454 1443 1421 1397 1375 1329 1307 1296 1284 1276 1262 1249 1234 1229 1222 1203 1188 1175 1165 1140 1128 1116 1108 1116 1116 1098 1064 1069 1061 1043 1011 1002 994 979 974 986 991 956 941 934 934 924
