data/GlacierNationalPark/Fire2/saz.asc
ncols 106
nrows 90
xllcorner -1620000
yllcorner 438000
cellsize 100
NODATA_value -9999
[rows 0 to 49 of 90, columns 0 to 95 of 106]
189 165 161 188 179 165 173 163 144 168 213 188 166 189 220 197 155 146 140 144 169 177 177 183 180 168 171 187 175 114 90 77 79 74 60 55 64 61 41 52 53 40 45 51 52 48 66 80 34 33 55 66 61 55 58 53 52 67 81 79 75 78 69 41 53 65 65 81 92 257 272 284 341 68 82 91 86 57 51 55 64 76 78 57 45 58 58 41 42 -1 -1 -1 -1 -1 -1 -1
180 168 166 184 178 173 182 172 159 176 200 188 173 193 217 190 140 137 132 132 158 168 172 179 177 167 171 195 191 159 133 99 81 75 69 75 81 73 54 65 65 50 53 58 54 51 70 95 188 146 78 71 63 43 42 45 47 68 76 74 80 80 70 24 56 67 68 82 85 272 274 272 256 77 76 70 46 42 45 58 65 74 80 72 47 61 58 49 58 59 -1 341 -1 -1 -1 -1
169 162 163 180 174 169 180 176 167 178 193 187 183 188 199 188 158 149 146 142 151 154 162 175 172 159 163 193 192 180 174 144 87 76 64 70 77 63 50 61 61 46 53 60 56 56 66 69 93 170 127 88 78 52 33 47 56 72 68 55 70 79 75 -1 86 80 73 77 80 266 265 257 219 95 77 69 52 53 52 56 62 69 70 52 22 55 57 57 64 54 329 341 -1 -1 -1 -1
171 166 173 178 168 167 177 178 169 177 187 180 183 188 191 186 170 160 156 157 162 163 169 173 176 166 160 185 194 192 196 187 113 82 63 66 67 52 50 62 61 43 40 39 35 39 53 56 39 61 117 110 88 101 154 100 81 78 68 60 68 78 74 86 97 83 69 67 68 307 257 253 212 121 81 76 73 74 66 61 60 69 71 64 70 69 59 56 61 61 -1 -1 116 -1 -1 -1
167 165 180 180 169 172 178 179 179 182 174 171 182 189 187 182 174 165 157 158 163 165 172 170 173 171 169 182 187 189 199 202 156 95 77 79 79 64 62 72 70 45 38 41 39 41 54 58 32 35 34 24 45 74 130 158 117 90 78 75 76 82 85 94 96 79 59 62 68 67 263 268 126 145 91 78 77 77 74 72 70 80 87 91 103 105 62 57 66 72 -1 -1 -1 -1 305 -1
150 148 176 175 167 171 176 181 191 185 163 167 180 183 179 178 176 167 158 155 155 157 166 158 149 156 171 182 178 184 200 204 193 159 116 95 95 100 95 90 77 45 46 59 58 63 73 67 38 38 29 15 43 67 76 104 115 104 92 87 91 88 77 93 99 85 60 70 74 72 267 267 81 113 108 86 80 74 71 70 71 84 90 95 94 115 97 72 78 80 60 -1 0 341 -1 -1
145 130 145 131 114 109 114 185 203 178 147 152 171 174 171 177 177 162 156 153 139 135 145 137 68 58 70 144 155 175 198 206 204 189 161 109 102 121 118 109 85 29 31 52 59 72 79 71 56 53 43 25 65 72 62 59 77 94 96 91 88 66 35 48 63 57 72 75 69 68 284 258 104 94 108 94 83 76 75 81 91 89 84 77 90 119 156 111 95 87 66 -1 -1 -1 -1 -1
42 19 4 4 7 6 13 21 13 21 52 49 20 14 14 26 47 36 12 13 23 22 10 353 0 21 31 35 62 115 187 212 215 202 186 122 100 108 112 111 115 14 29 52 50 60 67 58 51 50 52 43 74 74 66 68 74 81 83 84 75 41 39 61 68 66 48 43 50 56 47 232 188 114 101 92 84 83 92 98 94 80 71 61 78 100 148 115 94 77 61 56 -1 -1 -1 -1
352 356 357 355 358 359 9 15 6 7 16 9 7 11 7 20 15 357 357 6 6 4 1 348 353 17 28 36 54 62 68 195 199 197 200 157 106 103 104 108 146 195 175 81 55 65 71 64 66 74 73 45 59 58 54 58 64 70 73 80 75 56 82 95 93 87 344 358 46 58 62 112 207 149 104 101 93 92 100 104 79 58 62 61 67 73 96 103 87 77 75 61 333 -1 -1 -1
344 352 353 347 351 357 3 10 9 12 14 0 5 12 5 7 5 359 5 11 358 359 1 350 355 17 29 52 62 52 43 76 157 197 210 188 133 112 104 111 155 186 182 153 96 82 80 79 86 91 90 45 45 55 57 65 73 64 54 66 75 62 87 102 109 92 278 293 61 75 76 68 -1 176 109 98 90 91 95 98 90 58 60 55 58 69 78 90 91 81 75 69 -1 -1 -1 -1
351 354 352 352 356 358 358 9 24 33 16 347 356 8 5 2 2 3 13 10 352 356 0 359 1 14 30 49 54 48 49 63 76 191 218 197 156 120 102 110 158 178 182 175 152 96 83 75 76 74 62 56 63 73 73 80 85 62 53 70 80 79 87 91 104 96 239 253 61 77 81 73 83 158 115 77 78 83 76 57 47 32 58 66 75 74 60 62 64 61 67 71 -1 -1 -1 -1
359 355 346 354 5 0 7 22 44 52 1 328 340 0 7 1 3 10 13 4 346 347 356 2 5 17 32 42 48 43 51 68 73 78 200 204 176 129 102 104 139 167 183 178 166 114 88 71 67 63 49 51 63 78 76 80 81 63 70 80 81 92 87 75 71 96 157 227 225 78 70 59 72 90 101 67 79 79 63 50 50 28 64 84 89 73 48 55 63 68 78 82 -1 -1 -1 -1
14 2 330 333 354 357 29 62 78 56 337 322 334 348 1 2 8 14 4 3 334 333 354 8 14 29 42 52 58 48 57 62 52 43 57 169 176 158 131 116 120 144 179 181 161 122 93 77 72 67 57 68 78 70 69 74 73 51 72 75 67 67 89 75 64 66 95 216 231 87 68 63 73 81 135 18 66 71 64 65 73 94 100 89 84 66 47 52 62 69 81 84 52 -1 -1 -1
25 29 351 287 298 336 65 81 76 23 316 309 318 327 352 2 11 14 0 5 336 329 0 26 40 61 73 74 66 45 54 54 40 40 50 69 125 132 129 125 126 142 172 184 167 135 94 82 82 79 74 80 88 75 70 75 72 55 68 66 57 59 65 62 56 66 90 186 241 110 70 74 87 109 165 243 71 78 76 82 93 107 115 96 91 62 2 19 49 61 74 78 56 -1 -1 -1
30 37 27 323 281 288 88 83 41 359 302 287 292 298 328 357 9 11 358 6 338 316 2 46 57 59 56 59 52 38 56 57 49 50 57 55 36 53 72 98 116 129 158 183 178 167 132 91 79 77 77 81 86 141 90 84 80 69 67 65 63 65 63 58 63 81 92 141 229 225 72 66 72 89 143 232 139 89 82 87 95 106 107 96 94 11 313 356 49 56 59 61 48 45 -1 -1
30 41 40 11 304 323 66 48 12 3 334 301 291 289 303 334 353 7 1 9 341 302 1 69 70 60 65 75 74 74 77 69 58 63 70 63 48 66 76 77 81 95 120 167 173 176 171 126 94 83 73 74 78 108 102 82 73 65 68 70 73 76 80 83 68 75 79 88 206 226 196 61 69 75 79 227 199 80 65 70 78 94 111 99 95 289 279 296 70 63 61 61 56 58 -1 -1
357 45 51 24 329 341 26 27 12 9 353 321 296 285 286 301 324 353 4 12 356 315 49 87 83 76 88 96 96 91 89 84 72 73 72 59 50 66 76 73 72 76 79 104 141 172 185 152 112 90 73 73 75 85 109 87 76 74 77 72 67 74 88 109 -1 74 77 75 101 230 237 78 80 82 77 334 297 53 70 71 78 95 125 120 110 275 271 233 100 88 78 71 65 65 61 -1
282 45 46 8 352 350 15 33 21 12 354 337 317 302 297 294 296 323 19 53 74 204 145 106 97 88 81 78 74 75 81 84 77 73 68 55 53 66 75 73 75 68 52 55 79 136 178 173 125 84 77 82 82 81 98 100 87 81 79 66 55 72 85 104 209 101 93 89 81 201 242 204 88 87 85 306 294 71 83 80 82 96 114 125 132 254 245 185 121 100 78 62 57 62 65 -1
260 12 24 350 357 355 6 24 16 2 356 355 336 319 308 304 297 296 116 124 140 172 164 131 119 117 103 96 88 84 87 84 75 79 77 68 67 75 75 67 68 64 50 55 73 96 155 191 182 101 85 86 85 78 83 92 85 76 75 64 45 73 78 83 174 123 107 107 83 96 231 207 96 83 70 -1 230 120 85 83 88 91 81 57 66 197 216 184 122 97 65 49 51 59 64 -1
270 284 331 330 347 346 3 25 18 1 358 4 354 347 338 305 274 202 102 107 124 157 161 145 135 129 116 113 112 95 87 71 53 63 63 52 59 71 69 58 61 64 61 80 89 87 91 180 195 147 104 96 88 76 84 92 80 77 87 108 14 78 80 82 114 121 102 96 92 92 195 208 95 80 67 89 208 197 93 87 87 84 50 29 51 82 216 210 112 90 47 45 55 67 72 50
333 310 308 316 331 329 358 31 26 11 354 0 5 9 16 195 209 189 128 95 101 132 144 152 152 137 116 106 101 74 53 37 39 56 60 50 62 66 58 52 57 60 51 69 76 70 72 112 179 186 111 96 88 76 84 93 91 86 90 111 246 86 85 83 90 112 99 66 76 83 71 -1 96 88 82 90 163 225 112 102 92 79 47 15 45 57 110 195 163 158 347 42 58 73 76 60
353 311 288 281 280 281 318 30 31 25 2 18 101 123 137 152 183 196 184 95 78 72 87 114 144 131 95 54 17 24 39 49 58 71 73 68 75 73 62 60 63 64 54 65 67 68 74 87 138 195 142 94 81 71 79 88 115 92 85 92 227 97 90 84 84 94 93 64 68 42 358 51 97 97 93 92 111 230 120 110 101 81 73 304 53 72 81 149 180 202 205 160 80 72 63 47
156 238 246 231 221 223 204 176 138 118 139 147 149 151 152 156 172 206 218 122 70 46 51 52 41 27 15 12 3 23 46 46 52 65 63 58 74 82 78 78 81 77 68 77 81 80 80 86 102 178 182 114 96 115 111 115 147 116 94 98 193 108 93 87 83 78 66 79 87 4 328 64 92 98 94 90 103 186 149 129 104 79 81 220 123 81 61 56 112 200 200 193 130 71 56 50
168 213 221 208 215 213 192 180 165 154 150 143 147 151 156 162 174 204 208 175 152 112 62 44 21 8 5 7 7 40 52 40 55 68 65 65 77 82 82 84 83 73 67 78 80 75 76 80 76 86 185 146 120 131 131 136 159 147 124 125 160 137 113 91 80 74 67 93 117 240 276 82 89 94 97 93 95 134 157 158 161 75 78 117 184 82 54 54 71 145 202 213 197 64 56 54
178 192 199 195 211 210 190 178 158 151 144 128 136 147 143 148 173 211 203 171 174 182 161 138 87 68 56 358 27 66 72 67 79 82 83 84 85 85 87 87 81 72 68 72 72 63 66 67 63 72 114 148 115 79 81 93 124 131 131 135 138 128 99 70 74 81 96 107 119 237 254 89 82 79 85 91 85 68 41 72 194 124 97 101 219 88 57 46 58 67 162 195 204 217 58 70
184 185 189 193 213 209 189 174 166 166 165 143 134 152 144 137 171 222 201 156 165 182 178 180 182 161 175 193 166 127 108 94 89 91 93 92 88 85 80 83 80 73 65 68 69 61 69 71 65 67 65 51 5 31 47 38 28 43 51 49 53 45 37 54 72 76 79 92 110 214 235 109 78 74 74 72 74 59 18 49 85 139 113 90 346 70 48 35 66 66 46 68 201 201 173 117
190 184 188 202 219 208 188 166 163 171 176 161 135 149 152 147 173 209 199 155 154 175 178 188 191 166 171 188 175 150 135 114 93 87 79 80 83 75 61 68 71 66 72 81 77 69 76 76 66 69 62 27 357 59 61 33 23 29 30 32 41 50 63 74 75 69 55 71 98 190 237 188 88 87 83 71 76 77 327 39 58 78 75 348 6 53 41 25 66 57 28 25 38 135 173 147
186 182 192 208 218 209 188 154 148 165 186 172 132 138 147 145 166 203 198 165 160 173 177 193 197 175 172 183 180 158 150 125 92 82 67 72 77 70 64 71 75 70 77 78 67 64 73 73 64 72 79 90 113 107 85 32 37 42 45 52 59 61 61 73 78 67 47 66 83 245 277 -1 97 93 88 81 83 73 295 37 69 68 33 339 25 55 48 20 45 48 37 32 48 51 48 60
184 182 198 208 203 195 182 163 159 164 184 175 139 133 140 139 149 195 192 169 164 168 174 197 196 181 182 182 186 181 180 155 94 84 76 80 79 72 72 77 77 69 70 67 59 64 71 69 60 64 63 61 95 87 33 18 59 65 69 73 73 67 54 66 75 66 48 64 69 343 270 135 98 89 81 80 83 70 277 108 93 82 38 319 51 65 61 48 7 38 37 34 53 48 28 21
180 182 202 204 196 189 178 165 173 172 167 170 158 155 160 154 148 178 181 169 167 162 171 196 193 188 188 183 193 196 197 183 124 100 87 82 78 72 78 84 79 69 73 73 68 78 82 74 60 64 65 66 72 26 355 22 47 54 66 74 75 68 53 68 73 67 63 70 70 68 221 157 104 91 88 90 83 78 214 143 109 82 29 2 57 73 76 88 277 356 32 47 61 45 27 42
186 185 198 195 195 187 172 161 179 173 150 157 159 161 172 167 159 170 175 174 175 175 180 186 193 200 194 186 200 201 197 189 152 122 103 86 76 67 74 79 71 65 71 71 70 82 87 78 69 76 76 64 59 14 321 23 49 57 68 78 82 67 37 62 69 63 74 84 78 75 -1 168 92 86 86 93 85 81 123 134 120 48 5 16 26 45 59 70 268 277 28 69 73 56 56 78
191 185 188 182 184 188 175 161 180 175 137 138 150 153 163 163 163 164 167 173 176 186 186 181 189 192 188 190 199 192 194 201 178 139 118 98 81 69 73 73 66 69 73 72 70 75 72 61 64 73 73 57 57 36 307 45 72 75 77 82 84 66 30 67 75 68 71 73 57 45 39 111 99 89 101 106 86 81 87 95 78 326 343 17 32 43 58 59 324 256 245 75 69 47 64 81
190 186 184 174 177 190 180 166 180 178 153 149 157 148 152 152 155 145 144 160 169 185 182 177 185 188 187 195 196 185 189 197 190 180 164 129 102 83 82 82 78 79 79 77 69 71 70 60 63 71 69 52 54 39 0 63 77 77 77 80 78 67 53 80 81 70 66 63 38 33 65 97 175 91 95 106 91 82 88 96 -1 302 322 30 65 76 78 63 34 249 243 78 65 43 51 59
188 193 181 161 165 183 174 169 177 174 159 163 170 148 151 155 142 93 72 71 90 127 148 158 172 182 187 196 190 182 186 194 192 190 186 173 164 140 103 91 82 85 88 81 67 74 76 68 78 88 79 53 54 55 54 68 79 79 76 79 76 64 49 78 78 65 63 65 50 61 82 88 217 85 73 72 87 92 96 93 315 288 321 59 88 97 102 69 47 33 257 90 72 55 56 67
181 186 182 163 157 165 159 166 171 160 148 164 174 145 34 358 4 5 18 18 14 18 11 6 26 55 130 178 179 178 186 195 193 189 191 186 183 174 134 110 87 85 87 71 55 67 71 66 81 88 81 60 64 72 77 85 91 85 79 81 79 71 63 75 73 57 35 38 42 68 83 82 145 123 78 68 91 110 104 10 5 300 290 90 104 110 125 139 111 129 201 177 114 123 137 133
150 171 184 172 157 158 147 149 147 121 107 47 349 340 343 354 358 357 3 8 15 18 7 3 25 30 16 26 41 59 154 173 180 184 193 192 190 185 162 151 117 91 84 64 57 68 70 61 70 71 55 48 56 66 72 86 98 93 88 85 82 81 91 89 79 66 13 29 54 71 71 58 45 101 118 109 95 99 36 330 34 49 231 104 97 103 135 152 133 137 171 180 162 157 148 130
62 66 103 157 86 18 10 9 6 13 8 354 351 344 345 1 5 357 354 359 19 22 8 10 28 25 16 30 33 18 24 54 86 168 182 180 185 189 182 185 164 108 101 105 95 90 80 66 72 72 58 45 54 63 65 68 87 95 89 85 83 80 90 106 97 88 333 40 69 73 66 45 48 67 94 111 82 64 335 324 53 77 206 137 119 116 145 153 127 125 158 180 111 5 22 19
49 34 12 0 356 355 357 0 358 356 355 350 349 345 345 4 7 357 354 356 7 17 18 15 20 21 24 40 37 19 27 37 32 30 61 115 168 188 190 193 186 140 134 166 132 98 86 79 82 81 71 64 73 72 67 70 83 93 98 96 89 77 81 99 105 101 196 -1 75 78 78 51 64 66 58 39 61 51 330 313 64 79 141 140 122 115 133 140 107 72 342 351 5 356 8 12
37 13 2 358 354 353 2 2 353 349 348 345 344 346 342 353 0 354 353 357 356 13 22 9 11 17 21 24 24 22 24 30 30 32 43 45 38 81 163 193 193 155 146 180 171 127 98 83 79 76 66 67 75 74 73 80 89 97 99 98 88 76 82 93 106 111 172 184 132 112 96 53 88 91 83 61 68 67 305 280 91 89 99 107 89 83 42 31 37 4 334 341 17 27 46 49
26 8 5 1 350 349 2 3 356 351 349 350 353 357 346 344 353 348 347 358 344 2 21 10 15 27 24 16 25 23 14 23 24 22 34 42 37 58 73 159 195 163 142 172 180 161 129 96 82 76 66 64 66 66 67 74 80 90 90 87 84 82 85 87 95 108 154 159 139 138 136 110 105 104 94 76 87 98 225 188 123 106 76 70 93 51 357 8 14 355 339 326 80 90 113 135
22 20 20 10 340 336 351 359 357 349 344 349 357 359 351 351 358 352 347 4 352 346 16 21 37 46 25 17 31 18 15 31 25 23 42 45 37 57 61 53 103 154 156 167 176 170 158 133 106 91 79 75 73 68 77 83 77 68 78 84 91 96 83 71 74 92 130 140 123 140 177 138 103 102 104 90 91 98 181 158 132 125 128 87 48 359 3 62 122 -1 108 145 141 105 107 121
19 25 26 21 343 322 337 352 350 343 338 345 347 347 350 353 3 356 344 11 7 343 0 20 31 30 20 19 27 14 32 49 30 46 67 63 57 62 52 38 54 82 131 158 171 176 173 152 122 99 87 85 85 84 90 91 77 64 79 88 91 97 97 84 89 98 106 104 91 110 157 162 120 118 152 127 104 86 76 107 107 93 95 56 7 9 41 81 127 205 115 127 137 101 85 79
23 39 46 41 354 311 330 350 344 349 351 348 338 332 343 354 12 1 336 8 12 345 348 21 30 25 26 24 26 24 51 57 40 70 84 87 82 63 46 39 54 61 59 85 130 168 183 167 134 101 87 82 82 84 86 84 77 77 88 95 101 106 130 133 124 128 141 128 75 77 97 135 117 112 145 130 105 66 57 78 79 36 35 14 322 3 47 73 80 195 124 130 129 96 65 55
45 68 73 62 7 295 307 338 328 343 359 354 342 341 348 352 13 11 339 358 15 354 343 45 57 47 54 55 55 76 95 99 108 101 92 67 43 35 41 45 57 62 53 64 85 124 188 190 154 107 87 84 83 84 87 87 88 89 91 97 109 115 131 139 130 119 138 174 150 117 92 94 96 91 94 90 38 15 44 65 59 352 18 35 329 336 58 80 90 130 121 135 131 97 76 55
56 70 71 58 27 282 281 299 291 309 347 356 338 342 354 345 13 16 347 357 17 12 33 93 106 117 117 111 106 105 112 120 118 98 68 24 29 42 43 38 46 46 35 55 76 93 162 210 188 114 100 101 98 91 90 90 90 101 101 98 106 113 121 107 28 22 34 61 129 148 139 122 103 90 79 64 342 342 44 59 35 350 19 58 322 298 78 84 88 113 118 129 146 111 120 120
72 77 73 53 35 289 280 289 276 274 290 332 315 329 357 336 11 19 355 13 46 56 89 112 131 138 139 141 139 112 101 89 65 51 30 12 43 55 41 32 44 42 36 59 74 82 113 201 209 149 106 106 104 97 95 92 97 113 122 121 115 109 73 343 1 16 30 34 39 49 56 67 74 75 68 75 283 289 66 73 33 1 63 86 168 209 117 99 90 106 133 145 161 131 124 173
86 84 76 57 39 299 278 279 273 259 241 252 274 288 334 339 27 63 105 132 138 135 111 112 123 127 136 141 140 99 55 21 16 22 18 22 51 53 42 45 63 61 53 71 77 76 86 163 222 185 106 102 106 106 110 123 139 134 138 147 131 91 342 338 13 38 31 33 44 48 36 53 63 62 60 67 284 271 75 76 33 31 77 84 106 158 131 123 114 113 131 146 149 133 118 172
76 80 79 69 41 303 271 260 260 247 229 240 246 241 238 179 143 144 135 142 152 143 117 110 107 96 93 67 32 19 8 6 16 28 32 43 56 57 56 69 81 73 66 79 81 78 84 115 228 213 108 108 121 125 133 144 150 143 134 109 29 347 337 354 35 54 48 64 78 79 72 74 69 58 58 58 0 276 46 67 56 73 79 81 85 106 114 125 117 99 93 113 122 129 111 120
63 68 70 62 31 320 280 257 251 241 231 245 246 236 226 169 143 149 128 140 164 155 133 110 70 25 22 21 3 359 357 5 39 61 67 68 70 73 75 83 87 74 69 81 81 73 77 94 223 227 105 94 112 119 131 145 137 104 10 357 352 344 342 13 53 64 60 79 85 73 53 63 69 64 73 80 52 275 351 71 76 111 104 82 60 81 97 103 85 55 51 64 104 124 132 108
64 73 71 61 25 337 326 306 291 270 240 248 247 239 236 159 123 135 117 123 153 150 138 67 5 342 7 19 3 4 8 21 62 74 73 76 82 82 76 77 76 68 71 81 81 71 73 78 163 216 171 98 114 111 88 41 15 350 350 354 352 348 334 29 63 67 46 60 70 56 49 62 64 49 63 73 69 256 250 75 77 94 107 65 39 66 69 54 33 22 45 52 72 82 98 129
