data/GlacierNationalPark/Fire2/slope.asc
ncols 106
nrows 90
xllcorner -1620000
yllcorner 438000
cellsize 100
NODATA_value -9999
[rows 0 to 59 of 90, columns 0 to 95 of 106]
82 84 79 73 74 69 52 45 51 39 43 38 41 40 51 53 69 72 70 65 55 55 59 63 67 71 68 57 36 39 45 41 77 74 43 43 71 76 54 67 58 34 31 30 24 15 11 6 2 6 11 14 10 10 13 12 12 14 12 6 7 6 5 5 11 15 11 15 9 6 7 9 4 18 32 30 12 7 8 10 11 12 13 12 21 39 35 13 4 0 0 0 0 0 0 0
71 80 76 75 78 78 75 72 69 59 62 57 47 40 50 40 49 53 55 50 40 49 57 61 64 67 67 69 62 49 35 31 65 72 43 37 59 61 41 59 58 34 32 30 25 21 19 10 3 1 7 13 10 8 13 15 13 18 15 6 7 6 4 3 8 16 13 17 11 6 9 8 2 12 35 33 15 10 8 10 12 14 13 6 9 31 39 24 12 2 0 1 0 0 0 0
48 50 50 51 57 65 72 74 68 61 66 71 71 68 76 75 71 68 61 50 39 38 37 37 39 43 45 53 63 57 39 21 48 66 48 47 55 49 44 60 60 41 38 34 25 23 26 16 1 3 5 9 10 4 7 15 16 20 17 9 8 7 3 0 5 13 14 19 13 5 10 6 3 6 28 31 17 12 9 9 12 16 14 7 5 20 36 33 21 5 1 1 0 0 0 0
68 71 62 54 56 54 48 46 45 42 48 60 70 74 80 87 84 75 66 63 60 59 55 54 53 47 44 44 46 44 38 28 33 49 45 56 55 42 45 60 58 42 48 51 43 37 36 27 11 5 4 6 9 5 4 7 15 19 15 11 10 9 3 2 5 10 12 19 18 1 11 6 2 3 20 29 18 11 8 8 11 17 15 7 2 8 25 36 33 12 0 0 1 0 0 0
61 64 61 60 59 56 54 54 47 38 40 47 47 49 54 62 66 63 63 62 59 54 49 48 54 61 58 52 57 62 60 46 24 30 35 54 51 29 38 58 52 32 38 47 47 43 45 35 17 16 12 10 12 12 8 10 12 14 14 11 11 11 3 3 5 6 9 17 21 7 11 7 1 3 13 26 22 11 8 6 8 18 17 8 5 3 12 29 41 23 0 0 0 0 1 0
31 30 29 36 38 37 37 38 36 35 39 41 43 48 55 58 55 54 51 40 30 25 22 24 30 40 44 45 52 61 71 72 52 32 28 53 51 22 32 53 43 24 27 35 35 37 44 34 17 16 16 15 17 20 13 6 9 11 12 11 12 11 3 4 5 3 5 14 21 13 9 10 3 5 8 21 24 12 8 7 7 19 19 7 6 3 3 17 43 31 2 0 1 1 0 0
20 16 7 6 6 6 3 2 9 16 22 22 22 26 29 29 30 30 24 15 12 12 10 7 13 25 16 15 30 37 51 66 65 47 31 49 53 27 40 46 25 21 31 44 38 41 45 30 16 11 10 9 17 22 16 12 10 11 10 11 11 8 7 7 7 3 3 11 19 18 4 12 3 7 8 16 22 14 8 7 7 19 20 7 7 6 4 14 40 32 4 0 0 0 0 0
7 14 19 23 27 32 30 20 11 10 15 14 11 13 15 13 7 6 11 14 15 18 21 28 38 49 52 43 34 22 28 42 50 45 35 39 49 32 42 35 11 3 15 41 48 54 52 32 22 15 10 6 17 21 15 14 13 13 9 11 10 6 7 8 8 4 3 9 18 24 8 9 7 8 9 12 19 15 9 8 7 15 19 11 10 9 6 16 32 27 11 1 0 0 0 0
26 32 36 41 47 51 55 57 53 48 45 46 46 37 30 30 29 29 32 33 34 38 41 44 44 47 56 60 62 45 12 21 48 60 52 31 42 38 41 29 10 9 8 17 35 60 57 31 25 17 9 5 14 21 18 17 16 15 11 11 8 4 6 8 7 5 1 6 15 23 19 4 8 5 9 11 17 17 11 7 5 11 19 15 13 12 7 15 22 23 15 3 1 0 0 0
35 36 38 42 48 50 54 63 64 59 56 59 66 68 64 66 70 68 59 47 45 48 48 45 40 41 46 58 66 56 41 26 27 46 54 41 38 36 41 30 12 11 12 11 15 54 61 32 27 19 7 3 9 19 21 19 17 14 14 15 9 3 9 10 5 5 2 4 9 21 21 11 0 3 9 10 15 19 12 5 3 5 16 18 17 16 12 15 17 20 18 5 0 0 0 0
60 58 62 62 50 42 42 43 43 37 32 41 54 69 75 77 81 78 73 70 76 86 93 91 84 75 64 68 73 58 51 54 36 9 32 36 29 28 42 33 16 18 19 18 16 43 58 36 31 21 8 2 2 13 19 22 17 9 13 20 12 2 11 11 3 4 2 6 4 22 21 11 6 4 6 7 15 20 11 6 4 3 10 17 18 16 14 18 19 19 22 10 0 0 0 0
62 56 59 60 59 57 49 37 35 33 22 40 47 51 56 56 55 54 60 71 83 98 111 113 107 103 98 89 85 70 65 67 49 15 14 23 19 20 41 35 16 18 20 20 20 32 45 36 33 25 13 7 2 9 18 25 18 5 10 22 15 2 10 11 5 4 3 8 3 19 23 13 11 4 1 5 16 20 10 7 6 3 6 18 19 12 12 18 21 17 23 15 0 0 0 0
43 31 26 28 44 59 56 41 25 25 32 54 61 75 90 92 83 69 62 62 74 96 97 89 78 77 90 95 85 63 74 79 60 44 19 15 30 37 42 31 17 14 14 15 16 22 31 30 32 25 15 11 4 6 16 27 20 6 10 20 18 8 7 9 8 6 5 5 9 10 20 17 14 8 1 1 15 21 11 7 6 3 5 19 18 8 8 15 24 22 25 17 1 0 0 0
69 40 13 19 26 27 54 60 21 16 36 54 58 75 89 99 101 101 100 100 107 130 117 97 64 53 63 83 78 58 80 85 70 64 54 29 13 24 29 24 21 19 19 19 17 15 20 26 31 24 15 14 6 2 12 27 22 8 10 16 19 16 9 7 8 9 9 3 9 2 15 20 18 12 7 7 10 23 12 8 7 4 5 18 17 5 8 18 31 31 30 20 2 0 0 0
86 77 40 17 31 13 56 60 21 19 32 48 54 71 55 60 76 94 99 100 98 115 87 110 86 63 66 86 80 62 80 79 62 60 66 52 30 31 28 22 21 20 18 20 20 17 15 21 30 25 16 16 8 1 8 24 22 9 9 12 15 19 13 6 7 12 12 3 8 6 8 21 25 18 6 13 6 22 13 10 8 5 6 17 15 1 11 14 30 38 38 29 9 1 0 0
58 88 70 32 32 15 51 60 50 47 41 47 63 71 47 45 62 74 70 68 65 80 31 98 97 61 61 76 64 46 65 66 55 57 62 51 31 34 37 28 23 20 13 13 18 21 17 15 25 24 16 18 12 2 6 20 22 12 8 10 13 17 15 6 5 14 14 4 4 9 2 14 30 26 7 7 6 14 16 12 10 7 6 16 14 3 12 4 18 31 39 36 18 6 0 0
28 72 82 45 40 40 60 74 65 57 48 49 62 62 47 43 58 83 99 90 67 54 15 86 91 56 70 77 58 48 57 55 44 59 59 46 39 43 42 28 27 24 16 10 12 13 14 14 19 20 14 18 16 6 6 13 20 15 8 8 13 18 20 7 0 13 16 7 1 6 8 4 30 30 10 2 7 10 18 14 13 11 12 17 10 5 11 3 12 21 31 33 24 11 1 0
28 44 80 79 82 67 62 67 52 50 55 61 61 58 50 48 68 59 51 49 21 21 37 80 80 51 76 80 56 50 58 52 35 55 57 41 41 52 49 28 28 25 20 19 17 12 16 15 10 15 13 18 17 9 7 10 16 17 10 6 10 22 26 8 3 11 16 7 3 1 8 3 28 31 11 3 9 8 17 14 14 17 17 13 4 5 9 6 12 16 23 29 31 21 5 0
40 10 55 92 108 115 121 124 100 96 98 81 62 55 50 60 76 27 44 67 64 62 67 82 72 48 70 74 50 52 62 50 31 49 51 35 35 54 54 31 29 24 18 22 28 19 11 12 8 10 13 18 16 10 10 9 13 16 12 4 6 23 30 13 5 11 15 5 3 2 6 7 23 29 13 0 9 6 16 14 16 20 15 10 5 4 10 7 10 11 14 23 33 34 14 0
35 27 46 77 88 114 129 147 130 111 107 107 100 84 62 50 53 9 55 72 66 56 70 76 60 52 73 70 39 50 59 41 36 52 54 41 41 55 54 36 33 26 16 22 32 24 9 5 9 8 12 18 14 9 12 10 9 15 16 3 1 21 31 20 6 9 11 3 3 3 1 4 15 25 15 9 8 6 14 15 16 19 11 14 16 6 6 6 7 6 7 14 27 40 25 1
46 50 63 73 71 74 68 100 109 88 80 93 92 64 29 11 56 56 45 75 73 52 64 66 56 53 65 55 25 38 54 54 49 58 57 42 49 55 53 46 40 33 21 28 33 25 15 7 8 7 11 17 11 9 15 11 5 16 18 4 2 19 30 22 11 8 7 2 3 3 1 0 11 21 14 16 4 9 12 14 14 16 6 8 19 20 4 11 10 4 1 8 20 42 33 5
41 42 57 53 37 38 22 46 76 77 50 21 30 40 46 48 54 65 42 56 79 54 55 42 35 35 37 41 45 57 61 53 45 56 54 36 48 48 43 45 45 36 22 31 35 28 21 13 8 10 8 13 9 7 17 14 4 14 19 6 4 16 29 21 16 8 4 2 4 3 4 4 12 19 14 17 6 8 11 14 10 13 7 2 10 25 15 7 10 8 6 4 12 37 39 17
13 29 50 52 55 56 47 40 37 43 42 66 81 77 66 54 47 49 46 27 59 66 84 72 40 33 47 64 71 72 74 63 62 65 57 45 55 46 33 41 43 34 21 29 34 29 23 18 12 8 8 8 10 9 19 18 8 11 17 9 4 15 26 19 17 10 3 2 3 1 5 9 17 16 14 17 11 10 15 11 5 10 9 2 3 22 19 14 7 12 12 9 6 22 36 31
28 36 54 58 66 65 63 69 76 79 76 81 75 69 66 68 68 70 69 60 48 22 57 77 77 75 69 64 58 63 74 67 78 75 54 48 64 53 29 42 43 30 24 30 34 28 27 21 13 6 5 7 14 19 25 20 13 14 17 13 11 19 21 15 16 11 4 4 4 2 5 10 21 15 14 15 16 11 12 8 2 7 12 3 3 15 14 19 19 6 13 11 3 9 24 34
51 54 68 77 85 75 59 55 57 58 54 63 61 51 52 63 64 71 67 76 85 80 62 36 13 18 9 16 28 54 59 45 77 79 51 46 66 58 29 40 40 27 26 33 34 27 32 25 15 13 6 9 10 16 21 13 7 12 16 13 12 13 10 12 17 12 5 6 4 3 6 9 21 17 15 14 16 12 6 3 3 5 13 6 1 9 8 15 28 18 7 18 19 6 13 29
59 58 66 72 86 84 75 81 90 86 74 68 64 52 57 63 47 61 51 60 69 82 87 79 66 60 54 52 46 56 50 38 78 83 52 44 62 58 31 39 37 25 24 33 35 25 33 29 16 16 12 7 8 18 30 26 20 19 17 12 11 10 9 12 19 16 7 7 4 3 8 4 18 18 17 15 15 10 9 12 5 7 11 3 2 7 5 8 25 27 14 5 12 24 22 28
40 40 41 44 61 70 71 79 89 86 76 61 67 65 75 81 70 83 70 63 63 60 61 60 56 50 48 58 60 55 40 33 74 81 50 47 58 54 37 42 39 26 24 31 31 24 33 30 17 16 12 8 6 7 18 22 27 30 30 26 20 13 8 10 18 17 11 11 6 3 7 2 15 19 14 14 17 8 6 15 17 8 6 5 5 8 5 4 20 26 20 23 18 9 24 25
57 58 53 47 48 48 48 53 56 54 52 46 67 71 71 71 65 83 88 85 82 81 86 82 69 55 48 43 40 35 27 24 63 73 48 56 58 46 39 45 42 26 28 29 27 27 34 31 18 19 12 3 3 7 7 7 14 18 22 24 22 17 11 11 16 15 12 16 11 1 6 0 14 19 12 12 19 8 9 9 23 13 5 6 5 7 6 4 13 24 18 14 23 27 15 9
54 56 58 60 61 65 69 73 65 51 51 58 72 71 59 55 49 58 79 87 82 80 84 89 90 84 76 70 66 51 32 17 51 63 42 59 57 41 40 46 43 27 30 29 25 30 36 32 21 22 17 7 5 5 5 5 8 11 16 21 22 17 12 15 15 12 10 18 18 2 6 2 13 18 11 11 19 7 8 5 21 12 3 2 3 6 5 3 4 17 24 18 19 23 27 28
32 34 41 54 62 67 72 76 67 58 71 95 109 101 76 59 56 55 65 68 62 57 51 62 78 78 70 67 66 57 46 36 45 51 38 55 55 41 43 46 39 27 30 27 22 30 34 28 21 23 20 12 7 3 5 7 10 12 16 21 22 16 11 18 17 10 8 15 20 6 5 5 11 15 11 10 17 8 5 11 16 8 4 2 2 5 5 3 4 7 21 25 20 14 16 20
46 37 38 42 48 50 55 60 57 59 78 94 102 94 83 80 79 77 86 89 85 72 55 50 52 51 48 47 49 54 57 52 43 38 33 46 51 42 51 48 35 30 32 27 22 35 34 22 20 23 20 13 10 3 4 5 9 11 17 22 21 13 11 21 20 11 10 12 17 13 0 1 10 12 13 10 14 11 5 11 9 3 7 8 6 7 8 5 4 9 7 26 23 9 7 15
66 63 64 70 79 78 65 64 61 56 70 73 62 55 58 69 68 64 67 71 71 68 65 65 70 76 78 72 63 60 64 58 37 28 28 36 40 39 55 51 33 32 33 28 23 37 35 21 22 26 20 12 13 5 3 2 6 10 15 24 22 9 8 21 23 11 12 12 13 18 11 3 6 13 16 9 10 13 10 8 3 4 6 8 9 8 9 8 2 9 3 22 25 11 10 16
55 59 61 68 77 86 87 88 86 90 95 77 51 48 47 40 32 31 30 26 26 34 47 55 61 70 74 76 79 81 87 93 85 63 39 30 27 31 53 51 32 32 33 28 22 35 36 23 23 29 21 11 13 9 3 2 5 9 14 24 23 8 3 19 25 10 12 13 10 14 21 11 3 16 18 7 7 13 12 8 0 5 4 3 6 7 8 7 3 4 7 13 24 15 16 18
33 34 33 38 42 54 73 77 73 78 81 62 46 44 33 20 11 11 17 12 7 8 11 11 15 24 36 49 64 73 78 88 93 92 80 61 43 32 48 47 31 34 32 25 19 32 35 22 25 29 18 11 12 10 5 2 4 8 13 23 23 11 4 16 25 11 10 13 7 6 25 18 3 11 19 9 5 13 14 6 2 6 3 2 7 9 6 3 4 1 7 5 18 14 15 18
32 40 42 38 36 36 38 35 33 35 35 27 25 16 5 15 20 26 36 42 41 38 34 34 30 17 6 17 29 35 38 47 56 68 79 75 63 49 44 35 26 38 31 19 19 33 37 24 32 30 12 9 11 11 7 3 4 7 11 22 22 12 5 13 24 14 11 16 14 10 22 23 2 4 16 13 10 16 11 5 6 5 2 4 9 11 5 2 4 7 10 9 15 18 21 28
18 27 33 32 28 22 17 11 9 13 13 4 10 21 33 36 36 36 41 51 55 52 48 48 52 51 42 35 20 6 5 19 36 45 48 53 56 53 45 28 18 38 29 13 16 31 38 27 37 34 14 10 12 14 10 4 4 6 9 20 22 13 6 10 19 14 8 14 20 17 18 25 15 6 15 11 15 17 2 11 11 2 3 4 10 11 4 3 9 23 31 39 40 33 26 21
20 11 2 4 4 7 14 18 22 29 37 45 51 57 59 52 42 37 39 43 49 49 44 39 43 52 52 53 46 34 28 23 13 10 24 42 54 56 44 31 20 34 27 9 13 26 32 26 37 36 16 10 12 16 13 8 5 6 8 19 22 14 10 10 15 12 1 4 18 22 14 16 24 21 15 6 14 16 11 15 16 10 3 7 13 11 5 6 18 31 16 8 7 7 18 25
35 21 19 22 25 29 31 32 35 42 52 58 61 60 56 56 60 62 64 65 73 80 63 47 47 48 45 48 46 40 41 42 38 28 19 17 21 34 44 45 37 37 31 16 13 22 25 23 35 35 17 9 10 14 14 11 7 6 9 18 19 13 14 13 13 11 2 0 14 24 13 6 18 28 22 10 12 13 10 11 17 19 4 9 11 9 6 7 19 17 25 37 39 35 30 28
53 44 45 45 46 50 47 41 40 42 43 44 45 43 39 44 58 66 69 68 74 91 98 87 87 82 72 71 72 58 49 52 49 44 42 35 23 14 23 38 41 37 32 24 20 18 20 21 33 34 19 12 10 12 14 14 9 6 11 16 15 12 17 17 12 11 5 8 17 23 10 3 16 25 17 9 12 9 5 6 15 22 8 5 8 7 4 8 18 25 27 18 14 11 9 9
63 60 56 50 49 53 58 62 61 61 65 68 62 51 47 47 45 46 50 52 57 69 94 94 87 81 73 76 82 78 76 77 70 67 69 54 35 37 26 8 23 24 21 17 20 18 15 16 29 32 21 16 12 11 14 17 12 6 12 15 13 11 18 20 14 13 8 13 23 17 5 4 20 23 11 8 13 10 5 7 18 18 7 6 8 4 7 10 13 13 8 1 3 10 10 13
73 56 41 32 32 38 45 55 58 61 66 68 70 76 83 83 80 76 79 73 56 51 64 69 63 59 53 57 68 73 77 77 69 67 75 68 49 51 40 19 9 18 21 16 15 15 14 16 24 26 19 16 13 10 13 18 13 8 12 15 14 11 15 20 19 17 11 14 16 8 6 7 23 20 6 8 14 12 5 11 17 12 4 6 7 7 5 2 1 0 2 3 4 12 15 18
104 93 69 44 30 37 37 37 43 51 54 52 60 82 96 97 90 81 82 80 70 67 77 91 95 88 70 58 62 59 58 62 49 52 62 54 46 52 47 35 31 21 12 16 21 22 20 18 19 20 17 15 13 9 15 17 10 9 13 17 15 13 10 16 23 21 12 8 11 8 11 14 24 20 9 9 13 11 4 9 10 5 3 1 5 6 5 6 2 2 3 4 4 10 14 19
94 97 75 46 25 43 52 60 75 81 69 60 64 72 71 69 65 58 60 64 74 71 72 85 98 101 94 73 62 52 57 57 37 58 65 45 39 38 44 41 45 37 19 14 15 20 21 16 12 14 15 16 13 10 16 15 8 8 15 19 15 17 16 23 32 25 12 4 9 13 11 10 20 16 6 8 8 7 8 12 8 4 7 4 3 5 9 10 3 1 5 4 3 7 9 18
63 85 74 39 18 48 56 52 75 89 97 95 99 102 92 94 96 77 67 67 70 56 41 42 54 50 64 54 39 40 54 46 33 61 62 39 42 44 44 42 50 46 27 25 23 13 13 12 8 9 13 15 14 10 15 15 9 8 18 22 17 24 27 29 26 16 10 10 11 12 13 12 15 13 4 5 4 8 13 16 9 6 9 9 6 7 12 14 5 2 5 3 3 5 4 10
68 93 83 40 17 47 57 30 59 68 76 89 100 102 91 93 103 107 98 91 89 70 38 41 47 45 57 47 35 59 65 47 39 48 44 42 52 49 44 46 59 61 47 44 37 18 7 10 5 6 13 15 13 10 15 15 9 10 19 23 21 31 27 10 15 24 24 12 11 14 15 13 13 12 5 4 3 7 14 20 12 10 9 10 3 5 13 16 6 4 4 3 2 4 4 3
65 91 82 44 27 44 58 29 58 70 39 35 68 67 62 63 63 80 70 47 44 40 60 71 70 73 67 53 45 63 57 31 29 40 43 43 49 50 39 41 56 61 56 65 53 23 10 11 11 6 15 15 10 10 15 15 10 17 24 23 28 30 11 20 26 26 32 36 30 18 10 11 11 11 6 3 2 7 10 17 8 7 7 11 1 6 13 14 7 7 5 4 3 5 7 4
64 83 73 42 30 37 52 29 51 62 48 42 59 45 34 37 24 26 22 45 52 48 82 89 70 63 53 43 33 37 42 50 59 64 60 49 54 53 38 31 42 42 42 73 66 29 17 6 13 7 15 14 9 12 18 21 23 32 35 31 28 12 20 26 18 16 17 28 38 32 18 17 14 11 9 5 2 8 8 16 5 4 10 11 4 6 13 11 8 9 5 3 3 5 8 5
68 80 67 38 22 26 38 33 44 47 47 64 69 55 38 20 39 45 65 72 55 50 83 87 52 49 33 17 22 35 55 70 71 64 52 46 53 52 40 33 39 33 33 75 73 33 24 10 12 8 13 14 12 22 34 37 37 35 23 9 13 26 33 24 20 17 9 11 29 30 14 16 14 11 11 8 2 9 5 17 6 3 10 12 6 8 11 8 7 7 4 1 4 6 6 2
65 91 74 40 21 19 23 31 40 38 36 64 70 56 50 38 52 51 79 77 67 73 79 61 30 52 79 65 51 57 58 56 56 52 38 38 47 49 41 41 37 25 31 76 75 35 31 17 10 11 10 15 16 36 43 31 21 8 13 25 31 31 25 19 22 20 11 11 26 27 18 19 15 10 11 9 1 9 2 15 11 4 8 11 8 12 11 6 4 5 6 4 6 6 4 2
43 95 79 44 22 24 26 31 33 23 24 57 68 52 43 23 44 43 75 70 53 58 41 18 40 78 112 128 109 92 70 48 60 61 39 36 45 48 41 47 38 22 29 75 76 36 36 26 6 16 7 19 28 36 27 15 18 25 28 26 19 12 10 12 24 23 13 17 24 23 22 23 18 11 14 12 2 8 4 12 16 8 6 6 8 17 13 6 5 6 8 8 9 6 2 3
20 88 81 50 26 34 36 43 40 25 14 40 60 51 45 15 46 46 71 59 24 20 19 37 49 70 70 99 89 62 45 38 61 62 41 42 45 40 42 53 42 23 29 75 74 34 36 30 14 12 14 22 39 15 28 50 49 40 32 29 23 13 10 10 24 24 12 20 26 21 22 25 19 11 17 15 6 3 8 6 20 12 4 3 6 17 17 8 2 4 8 9 11 10 5 6
23 83 104 68 36 35 37 52 50 39 25 24 46 49 50 7 51 47 57 41 25 35 64 70 62 72 51 48 59 53 42 41 58 57 40 48 42 27 35 56 49 28 37 66 63 43 46 35 20 3 13 27 36 10 40 40 39 27 20 19 22 17 11 10 24 22 15 21 27 23 24 27 19 9 15 15 9 2 11 3 21 15 5 0 2 12 19 16 5 2 6 8 11 12 8 9
43 63 111 84 49 42 54 70 62 55 43 22 29 42 57 1 56 46 40 35 32 48 83 94 103 83 35 46 72 65 40 40 56 54 38 47 40 25 29 54 53 32 41 50 50 53 63 49 24 13 13 27 20 29 44 15 24 15 5 7 16 16 8 10 22 18 18 21 28 27 30 31 19 11 17 15 10 4 13 2 19 18 8 1 1 4 12 20 12 3 4 7 9 11 11 12
55 50 91 75 45 43 58 77 80 87 79 43 21 29 61 13 55 50 31 23 29 48 73 68 68 49 43 48 75 72 46 46 53 45 32 44 42 32 29 48 50 35 47 46 36 40 63 56 27 24 19 19 25 43 39 13 27 18 5 5 13 15 4 9 17 16 15 19 21 24 37 35 16 11 17 16 13 9 7 5 13 17 11 0 2 3 4 14 13 6 4 6 8 8 8 11
53 65 78 66 41 42 51 82 84 85 96 57 22 15 56 35 49 71 54 45 51 50 60 58 5 59 53 48 78 81 53 50 43 27 26 42 45 38 37 42 43 40 49 47 34 38 56 52 29 26 28 33 37 37 27 12 28 19 3 3 12 16 9 9 16 15 13 20 17 15 39 40 16 11 15 14 13 14 6 6 8 12 13 12 10 2 0 9 11 8 4 5 6 4 4 10
9 54 77 85 76 67 62 87 74 46 94 68 26 15 48 60 44 86 80 62 62 64 65 46 33 73 52 47 79 83 45 43 32 14 22 40 43 38 45 39 32 40 56 52 37 44 50 46 38 24 27 30 23 17 16 9 28 20 3 3 8 14 11 7 11 17 14 19 18 13 37 42 20 15 13 9 8 13 14 6 3 4 11 17 21 9 3 7 12 10 7 8 7 3 3 12
43 17 40 54 47 46 52 67 46 16 70 83 54 29 46 69 51 66 78 56 58 67 60 22 65 80 50 47 67 65 41 52 47 29 26 40 42 34 47 38 24 36 56 52 38 46 45 39 40 28 26 23 20 8 10 8 27 20 2 2 5 12 11 4 5 17 20 19 16 13 32 40 28 24 16 6 4 11 15 9 3 1 7 8 25 16 5 0 9 8 6 11 10 4 5 13
45 32 46 49 24 14 26 36 31 26 23 56 69 69 68 67 55 31 63 56 54 41 16 36 81 79 44 44 43 33 48 68 66 45 36 40 39 36 49 39 23 34 55 50 35 44 40 31 33 25 17 15 18 8 6 5 26 19 3 3 4 12 12 4 4 14 24 20 13 14 24 35 33 32 22 8 6 9 12 12 8 1 8 2 26 22 4 5 9 5 1 8 11 7 10 14
77 73 75 54 35 32 39 40 31 25 23 17 22 36 33 30 32 22 18 18 3 20 37 45 81 78 40 38 22 16 41 62 72 47 50 46 34 37 50 42 26 37 53 45 33 43 39 28 28 19 12 14 17 10 3 6 24 16 4 4 3 12 15 3 4 8 26 21 12 14 18 29 35 35 27 11 6 6 10 12 13 5 8 3 25 25 2 4 6 2 1 5 9 7 14 17
85 85 81 64 53 50 55 56 48 33 23 21 22 25 26 33 43 47 36 36 45 49 42 36 70 72 34 34 49 67 62 67 80 46 56 50 33 38 52 45 28 44 51 37 31 40 38 27 31 23 13 15 17 12 2 10 21 9 4 3 3 8 17 10 4 3 24 19 11 13 13 24 36 38 32 16 6 4 6 8 14 8 7 3 25 20 3 3 5 2 2 2 7 7 14 18
