data/Arrowhead/Fire2/elevation.asc
ncols 75
nrows 77
xllcorner -1620000
yllcorner 438000
cellsize 100
NODATA_value -9999
[rows 0 to 41 of 77, columns 0 to 74 of 75]
1323 1257 1250 1236 1337 1385 1445 1494 1541 1554 1561 1562 1552 1535 1506 1451 1424 1381 1289 1272 1237 1183 1076 1017 964 850 811 765 746 808 832 871 965 1016 1073 1127 1202 1222 1241 1261 1269 1295 1333 1351 1373 1393 1408 1303 1266 1196 1275 1312 1340 1362 1363 1367 1368 1362 1388 1407 1424 1439 1405 1357 1262 1242 1275 1328 1445 1465 1507 1516 1465 1429 1395
1319 1311 1310 1312 1394 1446 1471 1523 1592 1580 1584 1591 1581 1562 1536 1473 1430 1384 1336 1291 1225 1170 1092 1043 993 878 832 803 779 806 841 856 960 1009 1061 1110 1193 1238 1273 1301 1321 1352 1381 1407 1425 1438 1432 1396 1328 1278 1299 1352 1391 1403 1406 1409 1410 1407 1431 1446 1467 1462 1425 1388 1296 1265 1286 1335 1464 1519 1559 1575 1561 1548 1514
1361 1369 1368 1364 1410 1470 1513 1586 1610 1629 1632 1613 1598 1583 1526 1500 1441 1423 1364 1309 1264 1218 1127 1068 1009 887 844 818 802 798 852 895 973 1022 1063 1103 1177 1206 1235 1306 1342 1386 1419 1442 1455 1463 1452 1405 1368 1334 1326 1378 1411 1463 1483 1492 1499 1523 1536 1494 1514 1489 1454 1412 1320 1289 1303 1419 1474 1535 1569 1606 1607 1605 1530
1401 1422 1429 1419 1453 1492 1542 1605 1623 1634 1633 1615 1606 1593 1539 1514 1495 1475 1416 1367 1309 1193 1147 1085 1018 895 856 833 798 799 860 909 1001 1044 1091 1132 1207 1242 1276 1303 1318 1370 1421 1496 1483 1488 1478 1449 1410 1366 1350 1403 1441 1478 1511 1522 1533 1568 1586 1596 1578 1546 1500 1442 1344 1321 1328 1428 1486 1549 1596 1650 1657 1657 1576
1469 1502 1526 1537 1547 1582 1568 1629 1631 1634 1634 1619 1606 1594 1546 1525 1504 1482 1423 1381 1314 1180 1134 1081 1016 916 872 846 799 815 868 917 1015 1064 1114 1204 1244 1275 1305 1356 1368 1378 1469 1508 1525 1530 1531 1510 1470 1385 1359 1410 1451 1500 1521 1553 1567 1609 1628 1642 1603 1562 1506 1443 1353 1334 1357 1457 1517 1575 1627 1714 1700 1708 1619
1512 1540 1567 1584 1592 1615 1637 1639 1634 1637 1635 1607 1589 1580 1544 1530 1502 1477 1423 1390 1335 1200 1151 1097 1043 939 882 846 810 851 888 931 1024 1079 1130 1231 1276 1311 1340 1395 1415 1420 1468 1514 1538 1551 1563 1549 1523 1437 1419 1458 1487 1553 1567 1595 1626 1650 1669 1683 1612 1564 1508 1406 1362 1343 1371 1468 1528 1587 1638 1738 1776 1808 1721
1561 1587 1612 1636 1639 1645 1652 1641 1634 1631 1612 1600 1581 1565 1526 1498 1462 1403 1389 1389 1353 1248 1194 1130 1033 980 905 854 819 853 886 927 1023 1083 1138 1248 1304 1354 1395 1459 1476 1463 1488 1529 1563 1575 1591 1595 1576 1504 1471 1497 1534 1579 1604 1623 1692 1723 1744 1739 1641 1575 1520 1415 1370 1359 1387 1484 1549 1611 1705 1765 1814 1849 1767
1675 1701 1720 1726 1677 1675 1668 1646 1636 1624 1604 1595 1580 1559 1505 1466 1429 1367 1352 1341 1317 1280 1231 1173 1059 1000 934 870 833 861 895 982 1028 1071 1132 1259 1314 1364 1429 1463 1484 1501 1548 1572 1592 1609 1641 1626 1624 1547 1508 1532 1572 1628 1642 1658 1729 1757 1772 1767 1661 1585 1524 1431 1405 1403 1424 1520 1584 1634 1724 1783 1839 1884 1816
1735 1763 1768 1763 1742 1718 1698 1655 1639 1623 1601 1588 1573 1551 1474 1428 1396 1338 1313 1303 1280 1264 1228 1179 1060 999 934 883 847 873 900 1003 1058 1103 1137 1258 1313 1360 1427 1461 1484 1509 1563 1589 1615 1659 1670 1681 1691 1609 1587 1595 1692 1690 1706 1713 1759 1786 1816 1770 1702 1617 1546 1468 1440 1458 1474 1546 1606 1666 1796 1851 1901 1948 1975
1794 1809 1799 1779 1757 1735 1685 1661 1643 1623 1585 1563 1543 1484 1442 1393 1369 1326 1294 1281 1253 1240 1217 1177 1049 983 924 879 853 879 909 1011 1077 1130 1180 1282 1321 1357 1426 1460 1488 1516 1575 1605 1631 1677 1696 1712 1723 1651 1625 1639 1730 1788 1816 1843 1870 1893 1910 1861 1747 1648 1577 1513 1496 1538 1537 1577 1629 1694 1831 1900 1953 2041 2046
1847 1832 1817 1789 1767 1744 1689 1662 1640 1617 1575 1551 1528 1466 1426 1381 1341 1300 1274 1242 1192 1164 1180 1153 1040 975 920 849 857 884 926 1026 1087 1136 1244 1291 1329 1364 1424 1453 1478 1501 1550 1588 1634 1686 1715 1738 1751 1690 1665 1676 1753 1805 1851 1888 1931 1950 1963 1906 1837 1751 1660 1583 1559 1593 1581 1612 1676 1717 1864 1931 1982 2075 2104
1848 1836 1818 1777 1754 1729 1669 1652 1627 1607 1556 1526 1499 1436 1399 1351 1317 1275 1247 1217 1176 1144 1100 1066 1000 955 914 864 866 893 938 1042 1089 1139 1251 1293 1328 1355 1402 1430 1450 1490 1523 1571 1604 1699 1747 1783 1809 1782 1749 1692 1757 1810 1860 1902 1969 1993 2009 1929 1857 1768 1694 1618 1593 1622 1653 1677 1730 1789 1902 1956 1983 2085 2124
1839 1820 1788 1764 1741 1713 1649 1617 1585 1528 1495 1460 1427 1396 1361 1319 1287 1239 1211 1184 1144 1114 1079 1043 972 938 914 881 877 925 978 1081 1122 1158 1217 1271 1301 1328 1368 1391 1414 1469 1508 1563 1600 1707 1761 1805 1841 1840 1799 1766 1773 1825 1883 1971 2017 2028 2051 1939 1858 1776 1685 1669 1635 1646 1681 1708 1753 1862 1915 1970 2027 2131 2171
1826 1792 1766 1741 1710 1682 1616 1586 1560 1497 1464 1429 1390 1320 1288 1248 1183 1170 1155 1152 1108 1080 1046 991 960 944 927 886 882 935 990 1079 1115 1147 1203 1233 1254 1274 1315 1364 1405 1467 1513 1562 1606 1714 1766 1812 1866 1872 1849 1806 1784 1831 1886 1973 2026 2078 2122 1988 1919 1850 1750 1713 1681 1667 1705 1743 1771 1875 1930 1985 2044 2154 2195
1777 1774 1718 1684 1672 1643 1589 1551 1527 1466 1434 1402 1359 1290 1257 1231 1215 1209 1199 1180 1149 1131 1115 1063 1026 995 945 900 890 937 1022 1062 1104 1142 1192 1219 1240 1286 1333 1378 1425 1508 1552 1594 1684 1732 1780 1817 1884 1899 1904 1865 1798 1821 1873 1976 2031 2084 2137 2032 1962 1893 1784 1784 1761 1725 1773 1797 1816 1893 1950 2010 2071 2179 2210
1789 1778 1724 1683 1644 1604 1537 1493 1465 1397 1403 1371 1332 1276 1266 1264 1267 1269 1258 1241 1204 1198 1177 1110 1065 1028 995 957 931 914 983 1026 1090 1128 1173 1197 1230 1301 1348 1393 1441 1532 1575 1618 1698 1741 1783 1824 1893 1923 1962 1905 1867 1882 1857 1981 2033 2087 2160 2083 2008 1928 1818 1810 1794 1762 1797 1815 1830 1914 1978 2042 2099 2213 2231
1802 1787 1720 1684 1653 1588 1545 1488 1448 1357 1335 1316 1327 1342 1354 1357 1322 1330 1317 1279 1267 1256 1231 1151 1109 1072 1029 986 964 929 965 1010 1040 1058 1138 1194 1240 1331 1362 1408 1456 1549 1585 1622 1680 1728 1777 1822 1886 1916 1959 1936 1900 1924 1938 2004 2055 2107 2205 2165 2042 1957 1852 1845 1832 1780 1803 1823 1847 1922 1977 2034 2155 2214 2238
1826 1797 1723 1693 1665 1597 1545 1486 1451 1364 1326 1324 1366 1379 1391 1396 1425 1423 1404 1367 1350 1320 1280 1179 1141 1105 1032 1013 998 967 951 991 1018 1098 1147 1192 1240 1333 1375 1414 1445 1509 1533 1570 1665 1721 1761 1805 1875 1914 1957 1972 1925 1925 1943 2013 2056 2104 2206 2205 2125 2051 1940 1923 1908 1860 1812 1838 1871 1925 1974 2037 2161 2210 2217
1850 1816 1745 1713 1681 1588 1537 1491 1452 1369 1346 1363 1398 1414 1430 1438 1462 1453 1430 1396 1376 1344 1301 1239 1211 1184 1114 1087 1062 1003 949 975 1006 1088 1130 1181 1227 1318 1359 1389 1444 1472 1512 1572 1654 1696 1733 1803 1848 1887 1932 1997 1959 1948 1993 2018 2053 2095 2204 2222 2160 2098 2007 1986 1982 1925 1924 1922 1928 1951 1976 2021 2144 2197 2200
1876 1795 1760 1724 1686 1598 1555 1515 1421 1383 1405 1444 1478 1452 1467 1489 1493 1473 1449 1416 1400 1369 1337 1282 1252 1215 1150 1129 1103 1074 1031 1010 987 1050 1084 1161 1206 1281 1323 1357 1414 1459 1508 1556 1632 1673 1708 1779 1820 1869 1916 2010 2052 2082 2063 2065 2089 2101 2207 2249 2202 2107 2075 2047 2044 1996 1989 1984 1976 1975 1991 2036 2136 2185 2242
1895 1812 1775 1736 1695 1615 1565 1517 1420 1399 1433 1472 1503 1521 1542 1559 1542 1519 1497 1466 1421 1400 1345 1314 1280 1237 1187 1162 1136 1087 1064 1043 1014 1042 1074 1115 1164 1254 1295 1339 1427 1464 1490 1526 1608 1644 1686 1757 1801 1854 1902 1997 2038 2084 2138 2123 2120 2146 2237 2264 2262 2245 2218 2116 2104 2080 2066 2065 2028 2026 2037 2058 2136 2192 2241
1946 1857 1807 1760 1708 1622 1565 1512 1416 1424 1461 1494 1534 1553 1574 1588 1569 1546 1526 1492 1468 1445 1382 1338 1301 1303 1225 1195 1166 1118 1090 1067 1034 1037 1080 1120 1221 1259 1296 1340 1426 1473 1514 1580 1607 1643 1677 1762 1800 1843 1939 1978 2025 2075 2172 2188 2185 2202 2263 2240 2230 2229 2225 2225 2226 2226 2218 2222 2157 2134 2091 2078 2134 2182 2233
1965 1864 1809 1757 1637 1571 1522 1477 1431 1461 1486 1522 1571 1584 1605 1615 1595 1569 1554 1518 1493 1465 1399 1362 1345 1344 1301 1278 1250 1189 1154 1121 1059 1022 1070 1109 1202 1249 1287 1328 1413 1458 1497 1555 1581 1626 1663 1736 1770 1802 1889 1934 1986 2044 2170 2222 2252 2268 2246 2219 2207 2194 2187 2189 2211 2209 2210 2221 2223 2193 2173 2164 2142 2187 2248
1970 1842 1792 1734 1610 1545 1495 1458 1441 1476 1518 1599 1624 1637 1646 1666 1642 1590 1562 1540 1513 1480 1410 1392 1389 1365 1342 1322 1290 1224 1182 1142 1099 1024 1042 1082 1172 1217 1258 1313 1395 1436 1472 1525 1560 1595 1624 1697 1739 1782 1882 1932 1985 2039 2152 2222 2289 2207 2173 2168 2178 2176 2163 2157 2165 2160 2160 2174 2217 2233 2227 2203 2197 2230 2258
1979 1866 1802 1739 1594 1518 1474 1453 1454 1491 1528 1606 1634 1652 1664 1687 1664 1638 1595 1564 1523 1495 1471 1420 1414 1386 1374 1358 1327 1249 1202 1156 1082 1054 1036 1070 1156 1203 1239 1290 1334 1379 1424 1503 1537 1567 1606 1703 1757 1810 1922 1968 2011 2056 2157 2225 2283 2195 2152 2138 2136 2116 2109 2110 2092 2091 2094 2132 2172 2189 2193 2179 2193 2215 2229
1929 1856 1783 1725 1586 1539 1516 1469 1484 1511 1535 1607 1640 1663 1682 1709 1686 1662 1603 1569 1532 1524 1501 1481 1455 1407 1392 1376 1359 1268 1221 1180 1123 1094 1055 1069 1132 1171 1200 1289 1349 1400 1453 1538 1577 1605 1680 1722 1778 1827 1938 1990 2037 2134 2174 2220 2261 2198 2154 2120 2108 2101 2096 2096 2078 2076 2079 2092 2110 2111 2108 2071 2081 2158 2178
1913 1827 1757 1703 1594 1582 1571 1572 1563 1554 1556 1611 1653 1697 1743 1731 1708 1680 1608 1574 1553 1554 1527 1504 1474 1421 1412 1408 1397 1345 1305 1264 1212 1177 1130 1081 1113 1144 1182 1295 1358 1413 1470 1561 1601 1638 1698 1735 1773 1816 1909 1954 1995 2091 2147 2192 2234 2209 2164 2127 2089 2084 2084 2083 2073 2065 2069 2091 2099 2099 2089 2009 2019 2046 2072
1902 1808 1735 1688 1632 1643 1639 1626 1604 1578 1570 1615 1666 1721 1788 1763 1732 1693 1625 1601 1573 1572 1557 1534 1502 1451 1453 1454 1418 1384 1342 1307 1246 1208 1163 1083 1105 1143 1179 1282 1352 1411 1475 1549 1581 1617 1685 1712 1741 1782 1878 1925 1966 2072 2120 2169 2220 2252 2213 2175 2096 2089 2070 2049 2060 2050 2050 2067 2074 2079 2071 1981 1983 2003 2018
1804 1768 1731 1717 1691 1722 1713 1660 1637 1607 1586 1621 1670 1731 1804 1775 1737 1696 1632 1626 1632 1616 1602 1591 1567 1533 1492 1487 1451 1411 1373 1343 1275 1236 1198 1112 1103 1137 1173 1266 1329 1386 1456 1487 1518 1555 1637 1680 1713 1813 1870 1921 1967 2064 2104 2154 2213 2240 2205 2192 2131 2106 2078 2052 2017 2011 2016 2017 2020 2023 2051 1981 1982 1981 1985
1773 1760 1747 1805 1848 1802 1759 1721 1702 1658 1624 1634 1677 1735 1817 1791 1742 1696 1647 1653 1665 1640 1620 1609 1593 1561 1543 1531 1491 1458 1430 1400 1333 1258 1222 1158 1119 1135 1170 1258 1314 1362 1435 1474 1515 1562 1656 1700 1747 1838 1878 1914 1948 2043 2128 2178 2273 2248 2217 2209 2157 2128 2098 2053 2034 2017 2004 2004 2003 2001 2000 1995 1985 1970 1955
1789 1786 1783 1879 1870 1808 1768 1727 1696 1649 1637 1667 1709 1754 1839 1795 1743 1674 1673 1687 1698 1673 1646 1626 1595 1584 1568 1552 1506 1482 1455 1424 1364 1331 1301 1226 1173 1168 1229 1274 1317 1370 1446 1484 1527 1573 1671 1717 1762 1841 1875 1901 1926 2020 2070 2124 2227 2263 2298 2301 2258 2158 2123 2077 2059 2043 2024 1999 1994 1989 1985 1987 1978 1963 1944
1858 1818 1833 1929 1880 1818 1775 1727 1691 1643 1645 1685 1729 1770 1840 1791 1748 1718 1737 1767 1771 1725 1694 1652 1618 1602 1590 1571 1519 1499 1475 1418 1391 1356 1324 1245 1190 1190 1289 1332 1370 1397 1453 1484 1523 1633 1683 1728 1770 1841 1872 1895 1921 2007 2051 2099 2201 2242 2299 2349 2322 2286 2242 2179 2152 2134 2100 2027 2013 2003 1977 1961 1958 1945 1928
1946 1956 1965 1948 1867 1817 1782 1749 1703 1662 1658 1706 1753 1793 1835 1787 1754 1750 1766 1790 1801 1748 1720 1701 1663 1646 1628 1603 1548 1517 1481 1432 1411 1377 1343 1260 1200 1205 1297 1334 1367 1395 1443 1476 1522 1630 1683 1732 1762 1830 1855 1891 1955 1994 2038 2084 2180 2229 2291 2324 2313 2305 2302 2280 2267 2244 2187 2114 2094 2076 2027 1997 1954 1922 1909
2076 2040 2035 1908 1852 1806 1770 1765 1755 1749 1716 1766 1813 1871 1829 1786 1763 1777 1789 1807 1807 1766 1742 1726 1690 1672 1648 1621 1564 1528 1491 1454 1434 1412 1376 1289 1216 1217 1294 1325 1361 1388 1435 1474 1517 1621 1672 1719 1743 1815 1842 1878 1944 1983 2021 2066 2193 2226 2277 2276 2269 2276 2288 2364 2389 2361 2248 2187 2161 2155 2073 2040 1986 1911 1875
2109 2076 2026 1900 1850 1807 1781 1772 1763 1762 1747 1789 1836 1884 1845 1812 1790 1805 1821 1848 1829 1791 1771 1753 1720 1698 1666 1609 1579 1541 1504 1459 1441 1421 1353 1317 1259 1221 1281 1308 1333 1356 1422 1460 1501 1609 1664 1711 1733 1791 1830 1879 1964 1998 2036 2086 2209 2204 2203 2201 2208 2216 2226 2302 2392 2432 2330 2293 2297 2258 2169 2101 2033 1939 1887
2179 2108 2040 1948 1911 1831 1797 1784 1776 1766 1762 1791 1843 1900 1866 1833 1813 1811 1835 1854 1882 1854 1827 1804 1760 1733 1697 1618 1591 1555 1519 1465 1439 1416 1357 1330 1288 1240 1274 1299 1327 1385 1413 1450 1501 1594 1637 1673 1743 1772 1819 1875 1991 2030 2074 2177 2207 2189 2189 2179 2181 2192 2202 2277 2347 2425 2393 2370 2329 2272 2171 2118 2063 1959 1936
2184 2120 1996 1957 1932 1915 1898 1885 1869 1831 1814 1804 1838 1918 1888 1857 1840 1824 1839 1852 1907 1890 1856 1829 1767 1733 1701 1629 1591 1559 1521 1455 1424 1407 1349 1319 1287 1248 1270 1291 1321 1385 1416 1455 1508 1592 1623 1650 1751 1817 1875 1943 2036 2085 2127 2177 2196 2174 2175 2167 2173 2185 2217 2263 2339 2412 2361 2329 2297 2206 2175 2154 2132 2116 2099
2149 2089 1997 1969 1960 1965 1968 1961 1947 1886 1848 1837 1869 1921 1945 1932 1866 1834 1845 1859 1921 1914 1880 1805 1761 1726 1697 1625 1570 1530 1460 1425 1396 1370 1322 1297 1267 1248 1255 1284 1314 1377 1411 1460 1520 1610 1644 1670 1771 1830 1888 1955 2057 2092 2116 2172 2178 2149 2140 2152 2170 2184 2206 2250 2324 2400 2353 2311 2278 2223 2210 2221 2224 2203 2181
2103 2058 1995 1991 2008 2066 2028 2043 2040 1933 1881 1859 1888 1932 1961 1994 1923 1902 1897 1899 1922 1895 1858 1768 1750 1707 1668 1595 1540 1491 1426 1396 1372 1364 1349 1329 1299 1251 1251 1267 1290 1371 1425 1483 1578 1624 1656 1692 1785 1831 1882 1949 2050 2085 2115 2172 2167 2138 2133 2137 2157 2167 2187 2228 2305 2384 2433 2356 2303 2271 2272 2260 2228 2184 2162
2112 2078 2051 2063 2096 2227 2243 2205 2119 1956 1902 1891 1911 1949 1985 2044 1992 1957 1945 1939 1931 1872 1828 1745 1695 1662 1624 1552 1511 1468 1392 1379 1381 1396 1385 1367 1345 1282 1257 1257 1279 1356 1410 1471 1567 1609 1652 1691 1785 1839 1904 1995 2041 2085 2121 2174 2157 2129 2123 2122 2147 2153 2186 2231 2296 2434 2406 2359 2343 2268 2237 2212 2189 2132 2132
2141 2117 2094 2113 2158 2258 2219 2188 2151 2020 1972 1956 1996 2012 2012 2071 2038 2001 1986 1965 1934 1872 1810 1744 1701 1666 1582 1549 1516 1474 1396 1419 1451 1496 1435 1404 1365 1310 1284 1260 1266 1343 1391 1439 1551 1601 1656 1708 1807 1864 1910 1975 1999 2034 2059 2123 2122 2087 2113 2120 2138 2142 2180 2228 2297 2420 2366 2316 2291 2237 2214 2196 2144 2114 2088
2187 2168 2163 2183 2252 2247 2197 2162 2139 2040 2003 1990 2033 2038 2025 1992 1930 1905 1891 1879 1859 1862 1804 1724 1682 1647 1558 1534 1502 1458 1422 1459 1497 1496 1450 1416 1393 1332 1304 1273 1278 1316 1359 1421 1553 1605 1657 1713 1810 1850 1883 1938 1958 1976 1995 2072 2086 2061 2071 2089 2101 2099 2155 2223 2304 2416 2341 2290 2267 2218 2195 2175 2125 2098 2069
