data/Arrowhead/Fire2/saz.asc
ncols 75
nrows 77
xllcorner -1620000
yllcorner 438000
cellsize 100
NODATA_value -9999
[rows 0 to 57 of 77, columns 0 to 74 of 75]
63 33 1 315 297 298 291 294 316 347 355 11 20 29 50 53 54 71 61 46 62 83 86 82 87 91 82 61 318 281 271 271 273 268 262 270 288 325 334 341 348 344 341 345 347 351 22 39 37 355 307 318 328 345 355 356 2 344 329 334 338 24 47 55 50 349 303 288 295 319 331 15 29 22 26
46 12 2 326 304 310 309 306 324 354 357 12 31 52 68 70 68 66 60 64 73 75 71 65 75 76 62 47 349 282 281 278 274 271 264 260 258 256 273 304 322 322 327 334 338 350 41 51 42 11 314 307 322 342 354 356 357 350 350 348 349 34 56 67 65 7 298 288 289 303 320 0 14 20 36
4 355 1 333 302 300 302 303 319 346 12 38 46 70 76 64 47 45 52 52 60 71 71 70 81 82 70 62 49 276 283 288 287 290 288 280 276 275 272 270 272 282 302 327 345 1 45 55 48 29 320 299 307 323 344 352 348 346 359 1 5 34 49 67 67 16 298 290 287 286 300 333 3 36 48
356 347 357 350 332 324 304 296 310 306 77 79 71 79 76 58 43 52 59 59 78 91 91 85 85 81 66 70 71 280 279 280 285 295 301 303 307 316 310 307 291 278 289 319 354 1 25 35 45 49 316 290 294 298 315 335 327 328 351 7 24 47 62 76 73 14 292 284 289 293 302 327 358 39 48
350 337 348 351 341 339 326 310 327 318 90 103 119 99 87 75 79 86 84 79 83 86 86 83 81 77 69 76 45 297 288 279 280 288 292 300 312 316 313 324 337 304 288 299 339 353 13 30 48 49 337 303 302 310 323 329 328 327 339 21 62 78 90 94 86 359 287 284 288 289 291 314 352 27 38
340 327 334 345 341 337 339 340 30 145 121 119 130 116 112 121 127 126 115 86 77 71 60 70 76 73 70 77 14 291 284 274 274 279 280 286 305 317 315 323 349 323 290 290 315 335 0 24 46 42 352 321 312 317 330 324 328 337 345 34 68 79 88 92 83 338 282 280 284 290 292 302 332 23 39
343 342 344 356 0 345 5 56 92 126 125 115 110 111 120 134 133 140 154 133 90 69 54 67 75 70 68 70 4 280 282 281 275 268 272 278 291 302 307 315 346 335 315 313 323 332 349 14 43 46 1 321 311 316 330 313 316 335 349 49 72 77 82 79 49 343 293 288 293 292 293 296 306 29 52
343 345 350 9 18 9 34 60 79 100 108 111 106 106 116 131 124 131 161 156 125 91 72 76 79 79 78 72 15 288 285 289 290 280 272 272 274 276 280 280 296 308 311 318 322 328 346 4 37 45 6 327 324 335 342 317 307 323 355 66 74 72 76 67 22 345 306 293 295 292 296 308 313 2 34
338 344 0 27 34 37 64 74 77 94 114 134 133 123 122 131 124 122 146 149 141 124 100 91 92 96 93 85 23 287 278 281 294 300 285 278 274 268 267 268 276 281 287 302 305 315 340 350 36 44 7 322 323 344 349 340 333 340 6 50 64 66 66 53 3 344 321 297 293 290 298 315 319 341 22
346 357 28 51 60 75 87 88 88 99 113 132 127 123 120 122 122 119 134 141 149 157 135 100 96 99 100 103 263 283 279 278 284 294 294 289 281 272 268 263 262 263 264 270 281 293 320 333 43 52 9 306 301 326 339 340 341 345 11 45 53 52 50 38 354 344 335 306 299 287 288 303 305 320 15
2 33 70 86 94 95 98 105 108 106 112 127 117 114 116 118 122 125 133 132 139 160 159 125 109 104 98 96 284 284 280 279 278 279 284 284 274 266 257 240 238 244 244 244 260 280 311 330 22 34 16 311 283 286 298 308 323 340 26 58 59 55 53 42 352 339 342 319 312 295 290 295 285 292 357
111 113 113 115 119 110 115 133 137 136 138 147 137 129 128 126 126 130 136 127 124 137 146 131 119 112 92 68 309 296 288 287 291 275 264 253 246 243 235 218 227 241 247 249 261 275 299 318 2 25 27 346 289 282 292 303 317 336 42 74 81 81 74 52 0 326 331 318 309 301 293 293 288 292 333
128 130 129 128 129 117 120 138 134 137 143 145 142 143 144 143 146 150 152 139 132 133 128 121 114 101 81 66 300 291 286 285 286 269 252 230 216 219 222 221 240 254 261 265 271 274 282 292 331 25 36 17 305 282 285 293 311 329 41 68 67 67 60 38 15 322 310 308 292 290 289 289 289 294 321
147 134 137 145 143 126 123 136 124 122 132 130 127 135 145 137 135 134 115 94 85 71 71 70 55 45 62 65 287 280 278 268 256 258 251 230 223 237 249 261 276 286 293 294 290 284 281 282 303 11 33 38 335 271 268 271 283 302 45 64 54 57 48 24 21 344 320 323 295 284 287 289 284 287 303
144 113 115 134 140 129 130 145 137 135 141 128 116 114 109 63 22 10 14 28 28 18 32 38 32 37 47 40 331 270 260 250 249 254 249 238 258 279 288 289 288 294 304 298 295 290 281 279 289 339 22 43 15 302 270 269 274 278 47 65 58 66 56 20 26 352 322 327 298 287 292 294 288 290 333
39 78 87 93 107 113 116 129 128 140 158 143 109 50 10 8 4 4 16 25 18 14 38 49 43 43 44 36 25 270 247 238 231 230 238 248 272 284 290 287 283 285 292 280 271 267 269 271 273 291 14 49 15 345 301 283 283 285 0 57 61 69 60 19 40 2 302 306 286 281 282 286 288 290 55
34 77 86 81 83 88 89 93 98 110 147 161 354 357 355 3 2 3 18 20 14 18 47 57 46 51 58 46 39 357 261 241 235 248 258 265 275 281 288 281 270 260 242 248 254 255 256 259 260 262 300 52 22 339 305 288 283 280 317 53 56 57 44 11 28 24 322 299 286 276 269 274 279 276 107
41 71 75 65 78 87 91 89 87 85 57 324 324 339 346 349 355 8 25 24 21 35 57 54 34 43 43 25 32 41 273 245 258 272 270 263 264 265 263 260 253 237 227 248 255 249 249 255 252 249 264 31 37 326 294 281 269 267 276 57 55 52 39 10 23 26 0 337 313 289 271 266 265 251 119
59 79 74 65 81 86 82 84 91 76 358 333 338 346 342 339 351 31 50 47 45 54 58 47 29 42 38 22 31 40 18 302 256 248 242 248 254 249 234 239 245 243 252 260 256 241 245 250 243 241 258 315 9 350 334 314 292 272 274 46 64 62 42 12 23 24 3 354 341 316 284 269 263 259 80
69 81 76 72 81 79 73 84 90 47 328 326 344 353 343 349 9 30 39 42 44 54 59 51 45 57 51 33 41 42 27 17 281 249 240 239 243 242 231 245 257 260 254 252 248 237 246 247 244 249 260 276 328 342 351 347 329 291 286 7 47 36 27 18 20 19 4 6 3 344 316 282 271 273 37
58 64 59 67 78 81 83 90 86 337 306 306 327 343 340 356 23 30 35 41 38 48 58 55 46 50 48 37 50 54 42 42 356 273 259 260 266 262 254 264 272 278 278 273 262 248 256 259 257 263 268 262 254 280 332 359 347 309 295 349 48 27 28 20 8 9 2 9 12 3 350 295 273 267 324
60 69 69 87 103 109 112 101 81 319 308 306 317 329 330 5 38 39 44 47 39 53 61 52 30 36 38 25 35 38 30 41 47 270 264 272 276 273 264 265 265 266 275 275 262 254 259 258 247 253 255 244 242 260 285 346 348 325 303 149 162 158 105 21 1 6 1 12 18 14 11 336 287 270 295
82 91 99 104 113 123 125 111 64 308 310 315 329 338 337 5 38 46 51 52 50 69 70 43 18 32 33 23 36 41 36 46 60 275 248 253 252 242 246 256 256 246 245 240 234 236 243 241 230 245 248 243 249 259 266 295 339 64 158 159 166 164 172 191 189 176 188 193 26 21 16 6 329 296 295
85 89 93 96 101 112 117 108 311 293 295 304 326 337 334 3 41 47 48 54 60 65 56 30 24 38 33 33 53 60 59 69 75 70 251 252 251 241 243 247 239 226 235 239 234 231 245 254 261 273 280 287 283 273 269 272 119 119 151 172 174 165 171 181 180 178 190 210 217 167 62 42 322 288 249
92 91 91 93 94 92 80 55 314 295 279 276 289 309 314 0 47 52 57 65 65 50 41 28 32 43 33 38 60 68 65 71 69 50 321 263 254 239 244 252 249 249 262 273 282 286 286 285 290 286 288 300 301 293 282 268 124 97 112 158 168 164 172 169 170 180 198 214 204 186 169 173 203 214 197
101 106 107 98 87 51 29 11 345 327 288 277 289 312 326 7 48 67 77 76 54 34 39 35 47 53 32 31 53 53 40 42 36 29 21 285 251 232 250 267 281 288 288 294 313 308 301 292 279 271 266 261 268 274 267 252 154 91 84 107 143 157 171 146 139 180 220 223 200 181 158 168 199 202 190
100 105 109 96 71 16 11 8 5 359 300 281 289 305 334 25 51 71 74 61 35 27 40 44 59 50 12 19 44 44 33 37 36 34 44 7 256 249 262 267 271 275 276 275 276 274 271 260 249 251 248 233 244 247 240 241 230 63 54 63 84 142 157 160 153 170 217 225 200 169 121 141 202 202 190
119 114 103 76 30 358 11 21 30 30 310 280 280 287 320 50 66 78 72 37 17 17 26 30 38 30 8 23 47 51 47 52 56 52 64 62 271 263 264 261 257 258 256 238 221 233 237 228 243 259 257 249 258 258 248 250 259 48 57 60 60 53 98 143 163 173 195 196 187 183 118 112 205 206 192
128 122 62 10 3 3 24 30 30 34 348 288 277 277 298 70 81 84 70 8 11 22 23 26 33 31 17 28 44 43 38 47 55 54 62 57 317 267 264 261 252 250 245 230 228 247 255 261 276 281 275 263 262 263 269 279 288 58 79 67 60 48 66 87 124 163 184 187 184 190 137 99 168 184 182
100 60 335 335 6 32 49 46 48 53 4 304 290 282 299 75 88 89 49 345 11 37 36 44 54 44 27 38 49 41 37 48 53 43 45 46 15 309 287 276 265 263 264 268 275 278 282 294 287 281 273 255 254 255 252 261 273 17 15 28 43 47 59 61 46 40 64 152 174 185 160 118 105 131 158
47 12 315 318 51 78 80 86 95 94 325 301 297 285 296 85 85 60 354 346 11 32 35 47 53 40 35 57 64 53 59 69 59 40 47 54 34 318 307 308 301 287 280 278 283 286 286 286 278 272 263 252 257 253 238 243 244 269 334 12 34 33 31 28 17 18 32 44 46 98 146 157 141 129 140
12 3 333 345 80 85 79 78 81 74 302 293 295 285 286 91 73 17 337 342 20 41 38 41 35 25 30 54 60 56 72 74 61 55 69 75 60 295 294 306 302 284 271 265 274 280 282 276 270 264 255 267 272 263 251 255 253 252 265 343 45 30 24 19 11 15 31 31 13 25 42 72 121 135 147
355 1 3 68 100 99 86 62 45 26 335 310 313 313 45 91 61 348 321 324 47 61 44 42 36 27 35 57 63 64 73 65 50 51 66 74 62 282 273 266 262 261 260 261 266 266 263 259 257 254 246 263 270 261 251 260 263 261 249 194 151 108 14 5 7 22 38 30 12 25 36 41 71 111 148
348 17 66 94 102 96 86 50 27 21 343 311 310 335 61 70 22 334 327 338 49 58 39 45 45 41 60 76 74 70 72 66 53 64 75 71 57 285 264 248 240 246 254 257 262 262 258 252 252 251 249 264 271 272 270 272 273 248 210 181 179 187 227 285 349 33 43 23 10 27 39 41 60 77 106
357 54 79 77 65 67 58 39 34 40 324 289 285 335 63 51 13 326 317 339 28 35 26 35 40 41 65 79 75 69 74 78 81 91 89 72 59 312 262 244 248 259 258 255 261 260 249 248 255 253 254 271 285 302 303 293 284 200 186 179 186 192 225 242 255 43 43 17 17 45 56 54 65 66 47
22 76 86 71 48 38 19 11 14 17 347 289 277 317 58 48 27 325 290 301 4 31 29 43 55 58 73 77 76 77 82 91 105 98 93 84 76 17 267 254 267 276 272 268 269 262 243 250 270 287 293 290 297 315 307 297 284 148 165 174 203 224 255 256 253 219 76 65 92 99 88 61 50 33 15
90 99 97 80 39 19 9 8 17 24 12 323 285 306 32 34 39 0 291 282 317 43 59 81 90 92 90 90 101 111 114 118 130 119 113 116 103 111 256 253 262 265 269 275 276 276 276 273 280 295 299 293 295 305 288 270 170 148 172 188 234 260 264 261 260 226 117 128 115 103 63 23 20 14 11
119 108 93 41 355 359 6 5 27 42 34 342 295 298 355 29 40 13 342 304 299 82 97 107 111 110 106 107 119 124 127 133 137 119 96 81 81 90 245 244 255 263 275 286 289 290 299 286 281 278 273 272 273 270 265 258 140 137 179 214 234 240 247 254 257 265 63 69 74 51 10 8 22 32 37
107 90 54 354 333 348 3 7 39 60 48 347 299 294 313 20 37 14 359 337 19 114 112 116 132 131 123 119 123 118 122 133 116 49 37 34 48 52 284 241 253 261 268 276 280 278 277 277 275 276 278 277 270 264 270 266 113 119 175 225 228 232 251 259 266 283 49 61 57 52 41 102 120 134 141
68 47 14 341 318 332 10 27 59 64 36 352 328 323 309 359 39 23 12 13 73 101 105 106 118 122 119 115 107 100 99 12 345 4 26 33 52 54 35 265 257 257 252 256 258 258 268 275 278 284 282 273 251 233 239 223 139 146 189 233 234 243 262 268 271 269 116 115 105 113 142 142 133 141 152
38 26 1 332 311 305 114 109 83 67 32 348 333 343 305 164 125 139 152 148 128 105 98 99 101 104 109 110 98 89 56 330 333 11 46 48 61 60 48 27 265 254 245 256 262 267 273 277 277 273 259 240 216 209 218 212 157 165 202 212 205 223 251 265 269 251 117 134 130 123 133 124 121 130 140
19 27 9 300 269 181 105 116 98 81 38 338 325 68 150 151 151 164 168 163 157 138 118 121 135 126 129 141 124 101 356 319 331 48 68 56 61 62 56 42 284 268 268 274 283 299 289 271 257 239 234 221 203 207 226 221 172 172 207 204 198 229 255 266 269 251 102 113 116 121 139 120 113 120 125
32 69 107 176 210 193 130 122 123 124 143 274 163 130 136 136 139 150 157 154 151 143 127 127 139 131 139 161 137 347 330 329 1 54 57 48 60 62 58 52 300 289 290 284 288 312 306 268 247 231 222 210 197 215 236 230 195 193 239 247 262 273 272 274 272 278 78 81 102 118 138 127 120 129 136
86 93 104 129 198 199 171 126 126 151 183 198 164 138 126 126 136 141 142 142 141 131 124 124 129 120 122 178 315 321 325 330 25 55 38 42 57 53 48 45 313 288 287 280 280 299 316 276 261 246 235 224 210 241 253 248 243 291 318 338 340 314 287 280 275 283 71 79 91 103 117 124 117 122 126
66 80 81 90 142 193 191 126 110 141 179 188 168 144 114 111 129 143 145 144 148 131 130 134 129 115 87 325 310 312 322 327 63 61 36 52 59 47 46 48 331 284 289 289 284 288 323 313 291 281 289 300 305 286 284 292 307 310 327 348 348 347 329 297 265 220 127 103 96 99 110 119 113 109 107
83 86 88 99 127 171 189 145 112 125 167 179 177 152 109 110 124 133 133 137 145 121 119 135 129 66 345 335 319 320 342 16 73 68 50 63 62 50 53 59 7 279 280 284 281 272 296 322 332 324 330 352 339 298 302 322 325 317 328 347 346 355 2 322 233 195 151 118 110 110 107 122 128 121 109
132 102 101 102 115 155 180 157 136 141 163 175 181 174 143 125 126 128 125 128 133 109 103 104 20 334 330 331 318 330 13 28 43 39 33 54 59 50 52 65 48 275 269 267 265 266 273 292 316 313 327 358 351 325 323 337 331 326 331 339 354 41 93 131 196 194 154 114 110 114 97 106 125 124 115
135 104 99 91 92 114 155 141 138 155 163 166 173 171 158 149 150 145 144 153 155 115 94 41 331 319 318 314 302 324 35 39 49 41 33 55 62 54 67 85 79 276 269 267 264 272 279 273 265 269 280 322 332 318 316 328 317 314 311 304 80 103 111 116 175 206 158 106 104 127 101 96 106 114 112
151 124 111 95 94 110 139 127 119 149 164 154 154 152 144 147 156 141 140 159 167 103 41 359 335 327 333 323 302 322 57 58 63 51 43 65 71 65 83 94 92 277 269 263 259 267 270 253 246 257 256 249 256 265 262 253 247 234 222 216 129 97 93 96 135 201 173 116 100 117 107 99 102 102 100
150 148 128 92 86 92 114 120 111 128 153 160 160 142 134 135 142 122 108 75 339 351 354 348 335 328 338 336 322 356 49 51 55 43 43 70 77 76 86 90 45 276 270 265 260 259 249 229 233 235 225 215 232 241 233 225 223 220 210 218 164 101 99 96 98 171 167 127 95 81 93 99 110 115 109
120 155 153 80 68 63 66 78 85 94 120 151 168 141 134 140 143 122 58 3 337 329 331 334 324 321 332 335 343 31 58 72 84 88 98 97 90 86 89 90 293 279 277 274 270 264 258 249 240 227 219 214 232 235 222 212 209 210 206 220 206 113 109 113 103 73 95 110 104 95 89 92 103 113 114
68 80 156 137 71 60 53 54 63 80 98 121 158 139 123 124 133 317 343 351 341 338 338 343 328 322 332 337 22 74 90 100 110 129 126 114 100 92 90 86 317 288 286 279 267 264 267 271 275 273 255 248 258 260 239 211 211 214 212 229 235 90 67 71 73 70 95 110 117 118 99 85 81 91 100
52 53 88 164 147 91 57 55 65 83 100 111 131 135 116 98 36 308 322 340 333 334 339 350 334 326 341 8 64 92 105 106 108 122 115 101 90 86 87 83 308 281 281 271 255 258 266 281 293 313 308 279 273 274 278 238 237 234 233 245 249 270 43 50 39 40 84 105 121 115 106 87 70 76 85
72 64 79 117 172 161 92 77 76 80 88 98 106 117 91 59 332 314 319 330 316 318 334 347 333 321 344 55 84 94 103 107 94 72 61 53 61 73 80 78 310 270 263 253 250 258 263 272 282 297 315 295 280 280 301 324 287 271 260 256 249 240 65535 42 28 35 67 84 99 98 95 89 79 81 80
67 60 77 86 145 188 153 106 78 71 72 68 63 14 4 359 333 329 339 345 330 315 323 340 331 311 56 99 95 89 86 82 51 39 22 26 50 65 74 64 2 275 262 251 261 269 266 259 262 264 279 288 281 281 315 335 328 315 282 264 255 233 222 263 18 37 63 73 59 68 79 81 88 87 83
61 42 62 66 64 139 148 119 81 73 70 56 38 350 342 345 328 326 340 350 342 330 332 347 352 344 107 99 95 89 73 47 24 34 14 31 61 71 73 59 33 280 259 243 255 262 256 249 258 270 289 290 286 280 290 311 320 318 276 269 268 249 227 215 207 108 90 65 13 27 49 65 80 82 82
184 71 66 63 51 58 105 131 115 75 61 45 27 340 332 332 314 310 326 344 339 333 340 10 65 117 118 102 98 98 77 29 22 32 26 45 70 76 75 69 63 281 254 240 252 254 249 252 265 283 306 290 282 269 265 282 296 265 271 275 275 279 210 206 202 150 109 33 1 43 63 60 68 83 81
201 200 102 71 51 58 72 85 104 75 56 44 17 339 335 334 320 321 328 331 335 332 145 143 128 131 129 115 108 102 24 348 11 29 34 46 67 75 75 71 71 305 259 253 261 261 257 259 269 281 305 294 287 287 290 311 349 8 313 299 304 351 145 183 202 155 62 17 121 125 116 102 89 88 78
