data/Arrowhead/Fire2/slope_missing.asc
ncols 75
nrows 77
xllcorner -1620000
yllcorner 438000
cellsize 100
NODATA_value -9999
57 63 64 73 84 59 52 53 40 28 27 35 41 43 56 55 40 63 66 51 48 69 74 54 77 78 48 37 23 42 31 59 74 58 52 59 48 39 48 53 63 83 91 86 84 81 82 94 84 53 65 53 50 42 39 39 39 40 42 40 38 38 60 84 73 38 50 88 83 56 53 54 76 85 77 
32 48 59 67 79 59 61 67 46 36 33 28 27 32 46 50 43 54 58 51 55 72 75 58 87 82 42 36 19 33 33 62 72 50 49 64 57 33 33 34 44 53 52 48 43 33 43 69 75 54 54 52 48 51 58 62 68 76 69 52 40 36 46 72 66 22 50 92 82 52 45 48 71 84 90 
43 53 57 54 62 54 62 59 32 24 22 19 19 33 42 44 48 57 67 65 68 74 70 61 90 82 36 27 11 28 45 66 71 49 46 60 55 33 40 38 34 40 43 41 32 25 34 51 57 44 39 50 46 47 51 57 66 77 77 70 57 53 54 74 66 26 61 90 70 51 43 39 47 58 71 
58 68 77 81 79 64 58 45 17 6 8 14 13 33 39 31 36 49 62 61 81 80 58 61 91 79 35 30 15 30 53 69 70 51 58 71 62 47 49 40 31 48 58 41 34 35 45 60 63 45 25 48 44 40 30 31 41 48 52 60 54 53 56 77 61 22 63 83 62 57 61 54 49 62 68 
54 65 71 76 74 63 52 33 8 3 9 16 14 29 33 21 22 40 49 52 96 88 51 59 85 78 39 35 15 39 51 72 73 51 70 75 56 46 52 52 45 54 63 35 25 33 42 57 74 62 35 51 51 48 40 42 50 50 44 39 46 48 62 76 50 13 62 82 62 58 71 60 60 79 91 
44 51 49 48 45 40 32 14 2 3 15 21 18 28 31 27 38 48 40 40 92 93 60 65 80 77 50 38 11 39 43 69 75 53 77 76 51 52 63 62 51 46 51 36 25 25 31 46 75 77 54 58 61 55 45 53 63 63 57 52 64 54 74 74 36 13 63 80 62 64 80 68 59 74 93 
79 83 78 65 46 30 16 10 5 11 18 18 17 30 40 42 58 59 41 33 66 78 68 81 81 71 63 45 10 34 44 69 68 55 83 83 53 53 61 51 36 42 52 45 34 35 37 43 67 74 45 51 59 53 41 55 64 57 50 61 82 61 79 71 33 28 67 84 66 76 82 66 52 44 73 
91 87 77 64 53 37 27 20 10 15 16 14 18 39 52 48 58 51 39 43 46 47 54 86 85 64 64 49 13 32 57 74 58 51 87 88 52 54 51 31 17 35 48 40 39 43 42 45 66 77 54 69 80 66 53 58 58 41 29 60 88 72 79 66 39 45 69 83 66 84 89 70 65 61 95 
64 53 39 37 41 34 31 24 15 20 21 21 32 56 63 50 52 46 32 35 36 34 43 84 90 63 58 43 9 29 64 78 56 52 84 85 48 56 50 28 23 39 41 30 38 40 35 41 60 74 56 77 90 84 88 91 83 73 63 81 96 84 79 64 49 61 66 72 64 96 102 79 83 86 114 
54 37 27 25 25 34 36 24 19 27 30 26 43 60 56 45 45 43 31 39 48 45 39 81 93 62 57 37 3 30 67 82 57 60 84 71 41 52 49 29 26 40 43 31 39 36 28 30 44 61 40 62 76 65 77 88 90 83 75 99 113 106 94 74 61 64 56 64 65 102 106 69 80 75 80 
26 19 23 25 22 39 39 23 22 33 36 30 47 55 48 46 45 42 37 46 51 51 58 83 87 58 56 30 12 34 71 81 55 73 79 50 35 46 45 31 31 41 47 42 50 47 37 40 50 71 56 48 67 50 44 51 55 52 51 82 99 103 96 71 48 50 54 68 73 104 106 60 72 64 40 
9 19 29 31 27 45 45 33 41 53 56 53 61 59 52 50 48 46 41 46 44 42 54 74 72 47 45 26 22 43 78 79 51 72 72 42 34 43 45 39 41 44 46 45 62 66 45 45 49 72 71 42 56 53 55 64 56 45 48 80 80 85 74 55 36 42 49 61 77 101 89 53 74 74 43 
19 31 36 34 33 51 53 42 54 64 60 59 67 70 67 70 71 62 49 48 48 45 49 58 50 30 33 22 23 51 79 73 41 55 61 47 45 52 54 43 45 47 45 44 71 78 48 43 33 46 63 46 40 54 68 70 51 49 62 99 84 91 72 53 41 36 41 45 74 87 65 55 82 79 46 
33 40 45 45 44 56 57 43 53 55 45 47 61 66 61 59 45 25 16 26 33 29 41 48 40 35 37 24 23 57 71 59 37 45 47 37 37 41 44 40 52 57 50 56 78 74 48 49 35 33 54 52 19 48 73 71 48 49 56 107 89 101 81 62 59 48 56 51 71 79 58 60 86 76 28 
21 33 45 39 43 59 63 54 65 61 44 47 60 51 26 26 38 48 50 53 56 61 73 75 61 53 53 42 21 53 64 52 43 44 41 29 35 46 48 48 66 68 53 68 76 58 44 52 42 32 50 67 40 35 68 79 53 54 33 96 83 97 70 49 58 49 55 43 60 75 63 65 89 74 13 
12 34 47 34 38 55 57 49 65 64 52 47 36 33 47 57 57 58 59 60 60 62 70 71 56 55 57 51 31 29 57 54 53 56 51 35 51 58 47 48 70 67 44 60 61 45 43 54 46 31 25 58 48 48 63 80 54 66 36 95 93 99 65 34 42 26 32 23 51 71 62 70 90 64 15 
21 42 50 34 46 55 52 45 60 55 34 18 15 45 60 68 75 76 75 72 69 65 73 73 54 53 49 39 39 17 37 45 46 54 55 44 65 63 43 44 64 60 41 59 63 48 45 56 50 37 11 38 30 30 53 68 51 73 39 86 108 112 83 58 62 44 23 25 50 64 58 83 89 44 24 
31 51 53 33 52 61 52 46 62 58 18 26 40 38 39 48 60 63 64 62 56 54 73 75 61 71 66 53 54 38 12 36 47 60 52 48 69 65 39 40 53 55 50 67 68 48 49 58 51 42 30 22 31 24 44 51 45 75 48 54 96 112 95 74 79 78 60 54 52 51 50 90 87 33 32 
37 54 49 35 59 67 48 49 62 45 37 60 56 42 41 44 35 31 36 35 35 43 64 68 62 75 74 61 63 65 37 20 47 63 55 54 69 68 45 48 50 44 46 68 66 47 55 60 51 49 53 28 56 71 62 45 37 71 63 30 75 87 76 66 72 80 79 72 53 38 40 83 84 34 26 
49 57 41 38 63 68 47 62 63 21 45 61 55 54 59 55 43 40 43 42 37 42 53 52 47 58 54 44 51 60 53 33 24 50 56 62 72 69 48 54 52 40 46 66 64 45 59 61 50 50 67 54 43 64 67 54 42 67 70 27 72 94 98 78 70 76 72 66 52 40 40 71 76 46 22 
63 68 46 45 64 67 48 71 57 17 42 44 38 47 54 47 44 43 46 49 45 50 53 45 44 58 57 42 45 44 37 37 17 32 43 56 67 57 42 60 60 38 41 56 52 40 57 59 46 54 70 62 44 45 47 56 53 69 58 8 31 59 85 91 97 110 115 112 97 74 50 53 65 51 7 
65 73 50 56 74 70 55 68 39 30 43 46 42 37 35 28 33 33 37 42 42 53 57 44 41 60 71 63 68 64 52 48 27 20 40 63 70 45 40 64 65 40 46 48 39 39 58 59 43 64 70 55 55 73 57 46 61 58 21 19 27 25 18 29 52 63 71 83 94 85 69 48 47 51 27 
66 78 53 80 95 73 58 51 14 37 51 62 53 44 41 37 42 35 32 36 34 50 53 38 38 48 63 67 74 71 56 56 49 1 42 69 72 46 45 66 66 45 53 50 42 44 61 64 48 71 73 53 56 86 81 43 32 6 33 38 29 28 30 32 32 31 29 12 23 52 64 56 43 51 38 
75 86 56 93 100 63 46 28 9 38 58 60 41 34 35 34 46 45 37 35 34 48 52 37 32 35 40 46 61 62 47 50 56 19 28 66 71 48 50 66 67 56 60 54 42 44 61 63 43 71 74 51 52 83 89 60 2 53 48 41 37 39 39 44 54 58 55 50 30 5 13 16 22 34 23 
80 84 61 99 102 53 36 19 23 38 56 53 24 20 25 20 37 47 42 36 33 38 52 47 39 34 29 36 60 66 48 55 54 35 13 56 65 46 53 62 54 48 59 54 33 39 64 66 53 82 83 55 62 81 77 59 14 61 31 24 33 37 34 35 40 42 43 53 57 59 62 62 59 51 39 
92 81 67 96 89 45 54 56 51 39 48 52 32 34 36 26 32 45 46 34 27 30 41 43 44 35 23 30 60 76 67 75 76 67 43 33 52 45 62 71 54 54 72 67 47 59 68 56 50 77 77 47 64 71 55 50 16 51 37 23 21 18 13 14 14 12 19 30 36 44 62 78 91 90 80 
99 80 66 78 62 49 64 70 58 36 35 50 44 53 44 35 35 51 51 33 24 27 34 36 46 38 31 36 54 71 73 78 75 69 60 13 36 37 70 84 59 56 71 61 36 50 50 38 45 74 78 55 78 80 55 51 15 35 48 43 23 9 15 18 15 12 17 20 17 17 46 50 59 76 81 
103 77 53 52 50 64 65 52 41 30 23 47 51 61 32 34 36 53 47 32 35 36 41 49 61 57 44 39 47 51 51 59 59 51 65 32 26 36 70 85 63 61 67 59 53 65 60 43 49 72 68 47 73 76 51 52 34 15 41 54 43 17 17 19 25 27 30 36 38 33 46 42 23 35 42 
88 50 24 58 88 81 67 59 53 47 26 41 53 66 26 35 40 51 36 27 38 39 36 42 55 59 48 44 52 53 54 66 69 53 66 51 16 33 65 79 61 66 61 50 49 65 62 37 59 74 54 44 70 76 51 58 42 11 26 43 48 31 30 24 17 18 23 30 35 37 34 30 1 15 28 
49 18 39 76 76 60 50 45 42 41 23 39 53 69 28 40 48 45 23 29 31 35 28 24 30 36 37 41 47 46 49 63 74 65 74 73 36 36 63 66 53 62 55 37 41 68 69 47 69 67 40 37 67 82 60 70 45 20 41 62 71 51 41 35 25 18 8 7 13 20 21 15 9 15 19 
44 36 61 60 40 50 42 35 38 30 11 41 50 66 22 45 51 35 39 54 52 52 42 34 28 25 26 36 39 32 36 48 56 58 71 75 42 49 75 64 52 60 54 39 53 76 67 46 63 57 31 29 61 77 63 85 67 23 41 67 95 93 83 73 62 59 48 26 8 7 11 15 17 20 17 
71 85 84 40 53 49 42 40 42 25 21 45 47 56 10 45 39 33 49 52 51 54 47 48 42 34 33 43 43 30 39 42 38 40 59 69 31 48 71 49 42 47 46 37 67 79 55 43 56 51 29 31 55 61 49 77 74 49 43 12 50 76 97 105 104 100 93 71 51 43 30 15 19 24 21 
99 108 75 44 60 45 33 36 48 48 45 60 63 50 13 40 22 23 32 25 28 43 36 45 44 38 36 46 47 34 42 38 34 41 63 75 33 47 63 36 31 39 42 39 75 79 49 40 51 50 32 44 52 47 46 76 74 51 46 28 26 10 34 81 111 113 108 89 77 75 65 47 38 31 30 
76 60 61 80 54 40 23 20 34 46 46 63 64 37 35 35 20 27 33 26 29 39 32 37 38 32 33 43 44 38 41 33 27 37 60 73 43 35 54 34 33 42 46 41 75 79 50 37 48 51 36 54 54 38 43 82 73 36 47 54 52 45 40 43 58 96 112 95 97 100 92 71 71 52 28 
50 52 81 84 55 45 23 14 11 16 20 47 52 17 41 36 23 24 29 28 40 51 46 47 45 40 47 46 37 39 42 33 21 39 52 54 51 18 42 30 32 42 45 42 74 78 50 42 45 48 44 67 64 45 60 89 52 19 38 46 44 43 60 81 52 39 92 89 83 88 87 71 84 72 42 
43 70 82 65 61 66 60 57 50 40 27 36 53 19 39 34 23 16 20 24 32 52 49 49 44 36 55 52 33 37 46 40 23 41 45 36 44 9 31 27 39 44 38 43 71 69 44 54 55 48 57 85 80 58 74 71 17 14 15 16 18 18 43 74 74 10 42 30 44 71 64 55 83 99 103 
39 84 76 37 40 64 82 87 83 68 43 31 54 30 41 50 36 13 16 33 24 36 40 46 42 32 53 56 37 43 55 47 32 43 45 34 36 8 23 27 46 46 36 47 71 61 32 61 75 61 69 90 79 49 54 41 13 23 20 14 12 18 38 64 75 20 43 42 60 60 36 55 89 115 123 
64 79 58 23 42 63 71 77 84 75 44 29 49 39 37 61 62 38 31 37 20 24 51 57 42 36 54 64 52 61 64 48 35 35 33 28 31 11 17 28 49 53 43 60 76 58 35 66 79 57 61 83 69 34 42 31 16 24 18 17 17 20 36 61 77 26 40 46 49 46 46 51 49 43 42 
57 53 41 47 87 119 132 117 106 91 43 26 41 40 39 52 76 60 50 36 7 37 66 65 47 50 64 71 57 65 56 31 14 19 35 42 48 30 5 22 52 63 52 72 72 46 35 65 73 54 65 80 62 33 42 25 18 20 10 17 20 21 35 58 83 50 36 56 51 37 15 15 36 40 34 
44 47 49 65 102 102 91 83 112 107 56 49 57 49 50 40 65 54 43 29 30 50 66 63 43 50 64 58 45 60 41 12 40 53 52 45 54 46 18 8 49 66 57 80 73 45 42 68 74 56 69 66 49 44 51 34 31 25 13 15 17 21 38 56 94 52 39 45 44 43 33 42 54 47 41 
46 51 54 71 85 32 34 42 88 95 56 53 60 44 25 16 48 36 31 36 43 52 65 59 40 55 60 40 39 54 29 44 57 48 50 39 50 48 30 10 38 60 56 86 81 49 50 74 75 49 59 55 51 61 73 59 42 33 27 24 24 32 49 61 97 37 57 50 52 49 31 39 47 37 34 
70 62 36 31 47 6 43 36 65 68 35 36 29 10 29 66 83 74 68 65 59 58 73 70 59 77 67 40 43 35 23 55 42 31 43 36 48 49 35 20 27 48 52 96 97 55 49 67 66 49 54 55 52 56 67 58 37 28 30 31 29 35 59 72 94 23 60 42 44 44 30 38 42 32 29 
47 60 28 40 73 56 45 51 71 53 11 14 7 39 58 65 50 35 34 38 45 58 78 81 71 83 67 43 27 17 61 79 55 53 41 37 49 51 39 24 25 51 61 110 113 54 36 47 53 48 50 55 55 58 66 50 27 16 16 14 13 31 62 79 89 19 55 50 53 44 29 37 44 39 42 
29 77 46 35 48 70 54 69 81 52 39 43 45 52 57 50 33 26 28 36 41 55 78 77 62 65 42 10 23 65 80 71 53 68 49 48 53 52 50 38 28 54 62 113 113 40 19 30 37 34 34 31 28 49 64 42 19 22 38 41 37 37 64 80 82 23 43 68 68 39 30 36 43 40 47 
33 82 54 38 21 40 49 62 72 33 31 40 42 38 45 40 30 32 40 48 48 72 90 71 53 46 18 25 61 79 61 32 34 54 46 54 54 46 53 48 23 54 78 120 99 37 23 29 29 29 30 21 18 50 66 44 35 64 79 76 84 90 79 64 63 31 39 72 72 41 38 35 38 38 46 
25 83 61 51 44 43 52 53 61 34 28 30 27 20 38 43 34 34 42 47 44 74 82 50 33 17 42 68 93 87 48 22 32 35 31 52 52 38 45 51 16 51 99 116 68 38 33 42 49 63 65 45 30 66 84 66 75 106 104 101 112 101 66 21 39 45 48 70 67 41 45 41 40 38 47 
29 84 61 65 56 36 41 52 63 48 38 42 46 46 48 47 37 36 44 41 35 67 70 25 10 40 67 78 103 86 56 43 47 44 40 57 58 39 40 56 20 46 106 111 55 40 46 46 45 67 71 75 91 122 126 107 122 129 105 95 70 35 34 24 30 36 33 60 60 29 48 49 35 35 49 
33 77 52 67 59 27 25 47 63 48 37 37 43 52 59 61 54 59 68 58 45 57 52 18 34 54 56 61 88 56 49 44 44 40 39 57 62 42 40 58 19 42 100 108 57 47 53 46 37 58 54 44 74 104 101 83 91 74 50 37 27 53 40 32 23 27 20 54 57 22 46 55 32 34 53 
56 65 42 62 64 39 31 45 51 29 25 25 26 32 48 58 55 63 62 43 30 24 37 51 65 77 72 70 81 35 37 38 40 29 29 53 63 41 54 63 10 40 91 102 63 59 50 34 41 63 61 46 54 70 63 44 54 50 43 41 35 53 32 35 20 29 30 48 54 22 42 54 34 35 56 
62 49 30 52 67 49 34 39 42 23 26 32 30 37 49 43 34 41 31 6 9 22 45 64 77 87 83 84 76 35 39 42 45 33 29 53 64 42 68 65 1 40 82 92 67 64 46 32 44 66 74 71 83 84 70 60 59 60 54 50 24 45 32 36 24 13 25 35 40 25 44 55 37 41 61 
40 25 15 33 65 64 48 38 36 27 31 34 35 43 47 38 31 23 14 18 25 35 43 51 68 80 76 79 60 36 36 41 40 25 26 51 60 44 73 65 3 44 78 84 64 60 41 24 30 47 65 70 95 95 74 74 77 78 69 69 37 38 38 34 20 9 14 23 29 25 47 59 42 51 59 
45 19 15 13 44 64 63 57 48 40 40 32 29 35 34 27 17 4 27 43 57 70 79 77 80 88 79 61 34 37 36 50 50 34 39 49 49 46 73 62 12 56 79 72 56 59 42 22 22 20 29 39 80 83 42 49 65 71 68 75 52 14 41 36 16 8 24 28 27 26 41 57 48 59 56 
54 46 33 29 33 34 47 62 65 59 50 36 23 23 23 19 7 30 45 53 73 90 96 89 96 110 97 66 53 49 45 57 54 31 33 37 39 46 71 57 14 65 72 52 50 64 50 26 31 25 22 32 82 84 22 11 30 44 48 69 67 18 39 55 34 21 36 37 25 27 34 43 47 72 66 
43 43 65 41 35 22 21 50 67 77 60 33 23 13 14 13 23 52 55 49 67 84 81 81 92 97 65 62 77 58 54 55 41 26 26 35 45 51 71 56 12 63 64 42 46 70 61 32 35 23 17 33 86 83 17 8 19 28 37 60 67 48 0 45 56 49 57 49 20 24 30 30 37 74 75 
39 39 81 65 16 22 23 39 51 82 76 38 26 17 30 47 74 99 97 89 85 83 73 71 68 49 4 72 82 55 60 46 29 35 36 47 63 66 73 56 21 50 58 39 49 72 61 37 38 24 16 38 88 78 21 24 30 26 27 49 55 47 39 5 35 61 83 65 25 27 33 27 36 67 73 
22 40 87 91 33 9 20 26 26 72 83 48 34 34 50 69 96 113 108 103 100 105 97 74 46 15 24 72 74 46 54 48 40 40 33 36 62 77 71 50 27 32 48 38 61 74 55 42 44 30 24 54 86 66 23 23 20 12 17 46 48 23 35 41 27 34 80 56 52 66 64 41 39 62 71 
18 9 67 97 65 34 22 18 12 51 76 63 44 47 57 60 81 91 77 79 94 101 72 38 25 20 34 69 69 40 31 34 47 50 35 31 58 81 70 43 26 15 37 35 66 77 56 47 54 44 33 64 74 48 33 21 9 1 16 47 46 14 11 33 47 50 54 26 41 53 73 57 50 64 65 
42 30 38 69 68 66 42 13 7 28 52 63 56 65 71 78 104 101 76 75 70 32 15 36 41 35 44 69 61 34 12 39 58 67 56 44 60 83 73 45 30 5 26 30 62 73 55 52 66 59 40 64 62 41 45 35 25 21 32 60 43 2 20 27 33 20 17 14 19 56 65 43 54 65 54 
87 75 45 26 49 81 69 32 16 19 26 36 38 55 60 76 107 99 81 54 6 37 46 43 41 36 46 57 42 22 40 64 66 73 67 53 58 80 73 45 36 15 19 24 58 72 56 60 73 62 44 69 72 61 74 67 51 36 40 62 23 22 28 24 29 24 8 20 47 67 64 49 51 51 44 
96 91 70 40 9 56 86 81 62 38 18 16 15 33 40 66 85 62 40 23 50 35 24 24 26 21 31 41 50 69 80 69 53 73 77 63 62 76 67 38 33 21 19 16 50 70 58 70 68 54 57 85 83 52 75 58 47 32 30 43 9 34 29 10 12 18 23 33 62 75 60 43 36 30 31 
57 66 63 53 40 2 52 82 98 77 33 26 21 29 37 68 69 48 39 27 54 28 26 30 32 30 35 46 68 78 59 28 14 66 84 69 72 75 57 32 26 17 16 11 43 63 58 73 61 47 55 93 106 74 86 50 25 46 48 20 9 30 24 1 10 5 26 39 67 74 44 33 25 24 24 
57 60 61 48 46 41 14 33 89 90 45 34 24 28 32 64 61 39 41 22 58 50 41 47 58 63 61 59 60 39 23 21 36 57 69 66 84 77 51 44 39 37 28 16 37 54 55 69 56 36 41 74 87 74 95 77 24 25 28 26 21 25 14 4 11 21 40 43 55 57 34 29 22 25 26 
74 75 73 59 57 56 34 6 72 84 37 23 14 22 24 55 63 48 51 49 70 90 89 89 79 69 62 56 48 53 49 30 40 43 46 53 80 77 59 55 53 50 42 31 43 51 51 66 65 42 44 62 63 57 79 79 55 50 6 46 27 14 2 14 29 56 68 65 62 52 34 27 32 31 23 
69 79 77 61 68 70 48 24 51 80 46 24 10 16 18 49 67 56 61 62 40 52 50 51 48 38 28 10 9 59 65 38 38 36 34 38 61 61 47 45 48 46 43 34 46 55 56 60 67 49 47 54 49 45 57 68 60 66 12 54 33 5 2 27 54 62 57 51 48 42 29 22 31 28 16 
59 74 75 56 70 75 64 50 24 63 54 31 9 11 17 51 67 57 72 56 9 38 36 39 46 41 29 20 22 40 63 53 49 41 25 28 51 45 38 49 49 49 46 34 44 56 50 43 56 57 59 62 56 49 37 50 67 83 17 57 38 21 13 37 56 42 24 21 16 16 15 18 29 37 36 
82 89 93 73 70 72 67 63 31 34 52 39 15 10 21 57 62 44 71 63 37 44 38 51 56 45 36 33 35 31 37 44 61 58 31 33 52 41 43 61 72 80 79 64 52 47 30 26 45 61 79 69 60 52 31 34 62 93 26 51 33 29 32 38 45 36 26 25 28 29 30 39 51 58 60 
82 86 98 100 93 88 84 84 60 7 44 43 20 11 32 61 47 24 54 62 34 36 39 50 52 47 45 41 39 42 43 30 44 51 33 33 47 43 47 52 62 71 70 58 30 19 14 25 39 58 95 91 60 38 25 35 64 93 26 43 30 29 37 39 38 33 29 35 59 86 102 109 115 118 109 
61 66 71 86 93 86 76 86 83 37 23 42 24 22 48 60 33 12 31 42 17 30 50 51 41 33 33 28 26 33 35 33 31 26 33 40 38 23 28 28 19 36 39 40 11 7 12 25 29 44 90 97 79 71 38 49 78 85 29 42 46 40 32 35 32 27 30 50 95 128 138 121 96 83 85 
49 53 49 57 72 69 55 77 85 54 17 28 26 34 54 54 29 23 32 32 6 34 55 46 30 19 21 16 16 22 18 18 15 3 17 39 36 24 40 28 28 40 41 39 16 5 10 27 25 35 74 79 68 90 77 55 78 68 21 31 54 55 35 40 45 52 54 82 114 94 71 58 40 31 69 
35 38 43 58 70 67 59 78 82 53 27 10 24 38 53 51 32 31 32 23 8 36 53 44 25 19 23 17 16 20 16 13 10 17 24 32 22 20 34 25 50 41 44 35 10 1 12 30 23 36 63 64 66 97 96 65 72 36 21 29 42 42 28 33 53 76 87 92 76 32 21 57 51 37 68 
21 20 22 50 62 60 66 88 94 67 45 15 19 35 59 62 47 37 25 21 19 43 53 44 35 31 27 22 25 27 22 22 24 24 21 22 10 19 26 21 57 45 49 35 6 0 17 32 17 36 56 55 67 103 103 74 65 26 49 52 53 45 31 15 23 18 21 20 34 47 38 41 45 46 77 
24 23 14 31 48 47 56 88 98 75 56 40 43 46 68 61 30 38 40 27 19 50 52 40 51 44 25 18 21 21 16 20 21 14 6 8 27 44 60 64 85 63 59 48 13 5 24 28 12 37 54 46 58 101 109 83 58 39 54 53 58 55 44 37 42 44 52 55 59 66 60 33 20 36 81 
62 47 30 11 31 37 47 78 84 69 46 27 40 58 98 88 32 20 10 21 28 58 49 36 67 55 17 9 10 11 8 13 10 10 1