data/dogrib/elevation.asc
ncols 357
nrows 223
xllcorner 457900
yllcorner 5716800
cellsize 100
NODATA_value  -9999
[rows 152 to 189 of 223, columns 0 to 83 of 357]
2058 2135 2153 2110 2109 2144 2205 2250 2284 2327 2377 2382 2331 2310 2314 2290 2284 2325 2366 2382 2361 2325 2300 2305 2306 2281 2256 2227 2201 2179 2157 2130 2091 2101 2164 2215 2256 2274 2279 2289 2296 2288 2259 2220 2175 2122 2077 2062 2083 2111 2111 2084 2060 2053 2064 2105 2111 2062 2027 2010 1983 1955 1933 1914 1906 1891 1891 1895 1858 1819 1798 1780 1765 1752 1740 1730 1722 1717 1712 1706 1700 1693 1686 1676
2121 2194 2191 2144 2145 2162 2197 2261 2318 2367 2389 2360 2303 2265 2263 2242 2249 2306 2343 2351 2335 2311 2276 2261 2266 2253 2230 2204 2181 2161 2143 2121 2081 2090 2146 2194 2234 2241 2232 2243 2272 2291 2275 2232 2184 2142 2101 2090 2113 2142 2148 2108 2071 2067 2090 2139 2147 2092 2037 2015 2001 1973 1943 1918 1904 1891 1867 1849 1830 1807 1791 1781 1769 1758 1748 1737 1728 1721 1715 1711 1705 1695 1687 1680
2153 2223 2232 2187 2193 2225 2240 2281 2347 2387 2367 2323 2281 2234 2209 2207 2244 2296 2315 2311 2309 2301 2267 2234 2222 2213 2194 2170 2147 2128 2112 2098 2064 2070 2124 2172 2208 2208 2187 2200 2240 2273 2282 2255 2220 2174 2131 2131 2153 2181 2177 2124 2089 2097 2131 2188 2190 2119 2050 2020 2010 1984 1952 1924 1901 1884 1859 1834 1819 1803 1792 1783 1772 1764 1754 1743 1734 1727 1721 1717 1711 1700 1690 1684
2162 2240 2276 2261 2258 2284 2306 2331 2376 2387 2341 2281 2239 2202 2177 2206 2256 2281 2282 2270 2277 2286 2268 2235 2199 2182 2167 2143 2123 2114 2108 2093 2059 2053 2100 2152 2177 2170 2153 2166 2213 2255 2290 2294 2252 2201 2173 2184 2202 2215 2195 2142 2123 2142 2172 2210 2198 2138 2067 2020 2010 1994 1962 1933 1909 1891 1872 1851 1834 1817 1802 1792 1778 1768 1761 1750 1740 1732 1727 1721 1716 1707 1696 1685
2179 2233 2301 2326 2319 2331 2350 2364 2381 2372 2323 2258 2203 2166 2173 2217 2253 2262 2245 2225 2240 2264 2268 2248 2220 2193 2180 2177 2171 2162 2138 2113 2073 2040 2070 2120 2142 2123 2122 2162 2211 2253 2300 2329 2300 2245 2221 2236 2254 2253 2227 2173 2165 2191 2199 2187 2159 2134 2066 2015 2007 1999 1975 1949 1931 1917 1904 1884 1856 1832 1814 1798 1785 1773 1764 1754 1744 1736 1728 1722 1718 1712 1703 1689
2226 2268 2333 2361 2345 2331 2329 2336 2349 2343 2306 2252 2193 2145 2160 2205 2233 2235 2213 2186 2203 2231 2251 2266 2257 2237 2229 2227 2217 2195 2154 2120 2088 2040 2037 2079 2082 2083 2127 2180 2219 2251 2276 2307 2339 2306 2277 2296 2310 2299 2251 2213 2220 2223 2196 2149 2108 2080 2038 2018 2007 1995 1980 1956 1936 1924 1901 1880 1863 1837 1819 1805 1788 1774 1765 1756 1747 1738 1729 1721 1717 1715 1709 1699
2277 2330 2362 2359 2333 2296 2281 2285 2302 2311 2290 2246 2189 2134 2141 2184 2210 2210 2190 2158 2164 2185 2214 2261 2277 2267 2262 2261 2249 2212 2162 2125 2093 2059 2023 2021 2049 2096 2143 2180 2204 2216 2233 2273 2329 2365 2360 2366 2368 2329 2285 2271 2261 2223 2173 2114 2067 2038 2025 2020 2005 1987 1968 1945 1927 1912 1895 1872 1860 1851 1833 1814 1796 1782 1771 1760 1750 1741 1732 1727 1723 1720 1718 1708
2292 2339 2358 2350 2317 2264 2228 2234 2257 2272 2264 2235 2185 2133 2126 2157 2182 2181 2166 2135 2127 2147 2189 2233 2246 2246 2246 2254 2253 2223 2173 2135 2099 2066 2019 2021 2071 2113 2140 2153 2154 2159 2197 2250 2307 2378 2421 2437 2430 2380 2345 2309 2263 2210 2143 2095 2071 2052 2036 2023 2004 1982 1969 1961 1952 1936 1910 1894 1900 1877 1839 1821 1805 1788 1777 1766 1754 1744 1737 1735 1731 1727 1724 1716
2270 2320 2346 2337 2305 2254 2203 2187 2211 2227 2227 2215 2186 2139 2113 2124 2143 2141 2131 2112 2108 2137 2169 2192 2191 2192 2196 2212 2234 2229 2187 2149 2106 2060 2017 2017 2058 2093 2095 2083 2107 2140 2178 2232 2295 2370 2422 2443 2451 2439 2383 2319 2258 2197 2148 2129 2114 2084 2049 2028 2013 2003 1996 1989 1973 1944 1922 1930 1939 1910 1857 1832 1817 1798 1783 1774 1763 1751 1743 1740 1734 1729 1724 1721
2261 2317 2333 2318 2289 2255 2216 2171 2163 2168 2173 2170 2158 2127 2106 2102 2104 2099 2097 2094 2098 2113 2124 2145 2146 2136 2142 2172 2211 2223 2195 2154 2120 2069 2016 2008 2030 2041 2058 2097 2137 2172 2213 2259 2311 2375 2410 2423 2437 2453 2397 2323 2267 2220 2203 2180 2138 2090 2054 2035 2025 2022 2010 1994 1971 1949 1943 1958 1953 1907 1867 1860 1852 1824 1798 1782 1771 1760 1750 1743 1737 1731 1726 1724
2264 2313 2317 2286 2263 2234 2196 2158 2141 2134 2131 2126 2117 2105 2097 2092 2085 2082 2083 2086 2083 2081 2073 2093 2111 2096 2099 2143 2185 2203 2196 2163 2121 2061 2009 1994 2026 2056 2082 2110 2142 2180 2224 2273 2324 2379 2402 2409 2422 2437 2419 2353 2301 2274 2247 2198 2143 2099 2064 2052 2037 2029 2012 1992 1978 1970 1974 1974 1950 1907 1892 1918 1899 1856 1819 1794 1779 1768 1757 1750 1743 1735 1731 1727
2319 2322 2304 2269 2238 2211 2185 2168 2151 2137 2123 2116 2114 2111 2114 2116 2110 2105 2092 2081 2075 2070 2052 2037 2056 2066 2078 2121 2160 2181 2191 2163 2121 2077 2018 1993 2028 2031 2044 2071 2099 2137 2199 2263 2324 2371 2390 2397 2406 2413 2426 2407 2356 2310 2258 2208 2168 2125 2094 2075 2053 2035 2017 2001 1994 1991 1987 1977 1944 1918 1927 1938 1927 1886 1838 1802 1787 1777 1766 1758 1750 1741 1735 1733
2381 2365 2325 2292 2245 2237 2220 2167 2153 2137 2132 2138 2147 2147 2164 2169 2155 2134 2109 2084 2074 2061 2040 2021 2009 2022 2051 2091 2124 2154 2175 2157 2119 2061 2006 1985 1999 2031 2063 2100 2135 2175 2223 2275 2323 2355 2368 2373 2382 2389 2404 2426 2399 2335 2280 2243 2199 2144 2121 2102 2074 2040 2024 2019 2020 2006 1984 1966 1949 1951 1962 1955 1939 1917 1870 1825 1808 1790 1775 1768 1757 1749 1742 1738
2414 2415 2367 2321 2292 2245 2212 2192 2170 2152 2161 2179 2197 2190 2190 2173 2149 2120 2097 2072 2069 2063 2049 2050 2012 1998 2023 2056 2091 2126 2148 2143 2110 2068 2014 1977 1995 2019 2045 2074 2117 2186 2242 2286 2315 2332 2338 2342 2355 2366 2381 2405 2415 2369 2311 2270 2218 2179 2148 2132 2080 2046 2044 2044 2032 2008 1990 1980 1979 1987 1980 1968 1949 1932 1905 1871 1835 1804 1785 1774 1767 1758 1750 1744
2447 2463 2415 2352 2289 2265 2245 2216 2184 2184 2203 2228 2232 2204 2168 2130 2099 2088 2084 2078 2090 2094 2062 2027 2007 1992 2002 2037 2073 2094 2113 2123 2099 2061 2006 1970 2002 2027 2061 2099 2144 2194 2248 2286 2299 2305 2310 2318 2333 2346 2364 2380 2401 2399 2344 2297 2258 2218 2180 2137 2081 2070 2085 2086 2047 2016 2012 2010 2003 1993 1986 1976 1962 1944 1929 1904 1858 1818 1798 1785 1774 1764 1758 1749
2472 2510 2443 2376 2315 2300 2275 2234 2216 2228 2254 2253 2209 2163 2119 2096 2087 2111 2124 2116 2104 2070 2035 2025 2014 1992 1986 2006 2031 2047 2075 2093 2083 2050 1999 1966 1982 2005 2033 2077 2143 2202 2246 2274 2279 2281 2288 2300 2316 2329 2347 2359 2371 2393 2388 2350 2289 2246 2189 2141 2113 2122 2138 2115 2062 2039 2037 2027 2011 2000 1990 1981 1971 1955 1940 1914 1868 1828 1806 1793 1779 1768 1762 1753
2517 2538 2470 2406 2384 2352 2304 2266 2259 2268 2265 2225 2162 2118 2104 2111 2145 2169 2153 2115 2067 2053 2067 2059 2037 2006 1984 1975 1981 2000 2041 2055 2064 2035 1989 1960 1993 2026 2071 2105 2155 2211 2238 2258 2258 2260 2271 2286 2306 2315 2328 2335 2344 2365 2383 2387 2320 2266 2218 2183 2169 2180 2178 2125 2079 2083 2083 2054 2029 2009 1996 1985 1976 1965 1944 1912 1872 1833 1813 1802 1788 1774 1767 1759
2570 2558 2497 2469 2443 2405 2355 2305 2267 2270 2236 2177 2126 2113 2148 2189 2215 2203 2151 2109 2068 2102 2115 2092 2070 2040 2011 1985 1968 1969 1979 2000 2022 2019 1979 1955 1992 2026 2069 2126 2174 2208 2225 2237 2230 2226 2247 2274 2296 2298 2305 2310 2321 2341 2354 2383 2365 2313 2256 2239 2233 2226 2188 2145 2122 2140 2131 2098 2061 2027 2001 1992 1983 1974 1953 1913 1877 1844 1820 1810 1799 1785 1776 1767
2630 2593 2561 2540 2495 2444 2388 2313 2249 2240 2186 2134 2120 2144 2203 2260 2253 2217 2168 2107 2102 2144 2156 2137 2110 2080 2052 2021 1993 1983 1970 1955 1973 1992 1963 1954 1990 2022 2081 2135 2177 2195 2210 2215 2189 2190 2229 2258 2274 2273 2275 2282 2297 2318 2332 2350 2374 2350 2325 2310 2300 2263 2223 2201 2184 2193 2180 2149 2099 2047 2011 1998 1989 1977 1958 1932 1906 1868 1834 1815 1805 1795 1786 1776
2687 2655 2620 2575 2513 2445 2384 2298 2227 2194 2154 2140 2162 2194 2249 2301 2273 2227 2171 2119 2142 2178 2194 2184 2162 2122 2082 2046 2019 2002 1985 1965 1948 1952 1952 1957 2001 2040 2084 2130 2163 2171 2185 2174 2145 2165 2216 2240 2244 2244 2249 2260 2277 2298 2309 2324 2340 2370 2378 2364 2341 2311 2283 2261 2246 2242 2212 2172 2115 2061 2020 1998 1989 1982 1968 1958 1946 1903 1849 1820 1807 1798 1791 1786
2683 2719 2650 2579 2512 2435 2364 2264 2208 2171 2175 2210 2253 2266 2307 2321 2280 2219 2165 2161 2190 2218 2232 2222 2197 2155 2102 2060 2035 2019 2001 1989 1970 1946 1943 1949 1993 2023 2061 2102 2120 2120 2136 2121 2111 2149 2197 2213 2216 2220 2233 2247 2262 2276 2286 2303 2314 2329 2350 2362 2348 2336 2326 2310 2296 2272 2227 2172 2118 2068 2025 2002 1991 1988 1982 1971 1965 1938 1873 1832 1813 1801 1795 1789
2655 2717 2652 2584 2508 2419 2342 2237 2191 2171 2193 2245 2284 2310 2328 2311 2264 2217 2198 2224 2243 2265 2263 2238 2203 2166 2120 2077 2060 2050 2029 2012 1992 1969 1941 1936 1952 1986 2023 2068 2081 2061 2085 2065 2086 2144 2179 2187 2195 2205 2220 2234 2247 2256 2264 2279 2287 2301 2317 2324 2320 2313 2318 2327 2305 2255 2202 2153 2103 2061 2029 2011 1996 1989 1986 1984 1973 1948 1893 1847 1824 1812 1799 1785
2633 2696 2649 2580 2514 2435 2339 2232 2182 2171 2196 2242 2290 2329 2329 2307 2275 2262 2258 2276 2282 2280 2262 2230 2197 2163 2137 2109 2095 2084 2060 2042 2017 1993 1963 1933 1932 1941 1984 2028 2038 2010 2031 2033 2084 2138 2162 2169 2180 2191 2205 2215 2226 2235 2237 2253 2262 2276 2291 2297 2295 2284 2289 2306 2292 2241 2190 2136 2109 2080 2054 2017 1999 1987 1977 1942 1924 1904 1884 1860 1836 1821 1800 1781
2623 2682 2643 2565 2511 2439 2346 2250 2196 2171 2208 2275 2347 2378 2358 2327 2309 2300 2279 2279 2266 2239 2221 2203 2180 2170 2154 2138 2130 2116 2100 2081 2053 2023 1993 1958 1933 1928 1942 1971 1988 1971 1999 2040 2094 2136 2145 2150 2165 2174 2188 2197 2204 2213 2216 2231 2238 2253 2265 2271 2267 2254 2264 2288 2298 2256 2222 2191 2152 2110 2064 2025 2009 1989 1978 1979 1963 1932 1909 1873 1846 1830 1806 1783
2620 2678 2642 2559 2497 2433 2354 2267 2218 2195 2225 2301 2379 2419 2398 2346 2311 2287 2256 2226 2202 2180 2161 2148 2139 2142 2152 2151 2128 2114 2105 2091 2086 2057 2021 1981 1954 1929 1922 1930 1951 1971 2010 2052 2098 2126 2129 2134 2147 2156 2169 2178 2185 2193 2200 2211 2216 2229 2240 2244 2237 2221 2247 2271 2290 2291 2250 2207 2157 2108 2063 2030 2011 1993 1978 1973 1978 1957 1926 1876 1871 1854 1823 1798
2633 2685 2638 2559 2492 2418 2337 2265 2221 2206 2235 2304 2382 2433 2419 2353 2300 2255 2212 2186 2167 2147 2131 2113 2097 2091 2099 2131 2111 2096 2087 2074 2072 2070 2054 2019 1983 1951 1929 1919 1927 1950 1985 2035 2087 2106 2109 2119 2129 2135 2146 2155 2163 2172 2179 2189 2192 2203 2213 2215 2206 2189 2228 2251 2266 2278 2250 2199 2148 2112 2083 2055 2024 1995 1980 1960 1969 1959 1927 1914 1914 1891 1853 1821
2674 2718 2644 2561 2474 2403 2320 2252 2213 2200 2241 2308 2384 2435 2418 2357 2297 2252 2223 2215 2200 2177 2149 2124 2105 2081 2059 2093 2088 2080 2067 2054 2050 2048 2050 2041 2001 1959 1931 1924 1917 1919 1955 2021 2077 2082 2081 2102 2108 2110 2120 2129 2138 2150 2159 2169 2172 2179 2187 2188 2174 2170 2210 2229 2243 2259 2253 2214 2186 2161 2122 2081 2041 2005 1981 1952 1952 1963 1964 1960 1959 1944 1900 1849
2728 2741 2650 2570 2479 2387 2314 2257 2220 2207 2250 2323 2383 2451 2421 2363 2316 2293 2286 2255 2220 2186 2147 2119 2100 2069 2061 2066 2056 2051 2041 2032 2027 2023 2024 2019 1984 1942 1942 1951 1934 1914 1927 2003 2037 2033 2077 2083 2085 2086 2092 2102 2114 2127 2140 2152 2154 2158 2163 2159 2144 2174 2195 2205 2220 2242 2257 2253 2227 2185 2136 2087 2043 2007 1981 1957 1949 1968 1985 1985 1983 1979 1956 1899
2789 2771 2668 2588 2500 2399 2321 2278 2240 2245 2278 2374 2444 2464 2413 2363 2327 2311 2290 2249 2220 2200 2187 2149 2118 2096 2067 2041 2031 2020 2010 2003 1999 1991 1988 1982 1955 1949 1965 1964 1950 1926 1912 1957 1978 2034 2070 2064 2066 2068 2071 2080 2093 2105 2118 2134 2136 2137 2135 2124 2130 2170 2177 2181 2199 2225 2251 2268 2239 2182 2127 2076 2045 2020 1990 1957 1937 1962 1988 1998 1994 1991 1986 1959
2825 2810 2733 2636 2545 2451 2368 2335 2323 2310 2319 2425 2496 2440 2369 2337 2313 2298 2286 2276 2262 2235 2193 2150 2121 2096 2067 2047 2041 2033 2021 2009 1997 1990 1984 1974 1968 1983 1990 1970 1957 1942 1919 1938 1991 2044 2054 2051 2054 2056 2059 2065 2075 2088 2103 2117 2117 2116 2103 2098 2132 2158 2153 2157 2183 2209 2239 2264 2243 2185 2143 2116 2079 2033 1994 1955 1930 1952 1982 1996 1994 1990 1986 1984
2762 2768 2782 2740 2637 2543 2482 2451 2430 2397 2432 2493 2424 2366 2310 2293 2293 2303 2319 2323 2287 2240 2191 2146 2110 2084 2072 2066 2058 2052 2045 2035 2022 2018 2011 2001 1999 2004 1996 1974 1960 1939 1908 1947 2015 2035 2035 2035 2041 2040 2043 2052 2063 2078 2094 2098 2099 2096 2072 2075 2130 2131 2124 2147 2181 2205 2231 2259 2265 2221 2179 2143 2095 2039 1989 1954 1926 1932 1969 1981 1983 1982 1976 1980
2689 2692 2713 2735 2733 2682 2604 2569 2564 2565 2587 2510 2372 2300 2258 2239 2245 2264 2290 2305 2283 2238 2194 2158 2129 2104 2085 2083 2088 2089 2085 2073 2055 2045 2035 2030 2031 2017 1992 1976 1960 1924 1905 1971 2011 2016 2014 2018 2021 2013 2016 2038 2057 2075 2083 2079 2079 2075 2053 2061 2099 2092 2107 2151 2173 2196 2221 2245 2249 2206 2155 2115 2088 2044 1994 1964 1930 1912 1943 1960 1965 1969 1968 1966
2614 2623 2641 2673 2712 2754 2749 2693 2693 2704 2633 2507 2394 2282 2238 2210 2201 2211 2229 2250 2263 2235 2197 2172 2157 2134 2113 2114 2125 2131 2128 2113 2087 2068 2059 2053 2042 2019 1991 1968 1945 1911 1898 1950 1985 1992 1993 1998 1994 1984 2004 2031 2054 2069 2069 2063 2062 2059 2039 2033 2054 2070 2112 2142 2159 2183 2206 2228 2226 2178 2124 2078 2049 2021 1984 1956 1935 1911 1914 1944 1942 1950 1958 1954
2544 2556 2577 2608 2653 2701 2745 2796 2785 2697 2596 2487 2388 2295 2253 2226 2219 2219 2223 2234 2239 2231 2201 2176 2157 2144 2142 2142 2136 2137 2131 2122 2111 2098 2076 2056 2037 2017 1992 1961 1933 1906 1888 1917 1959 1969 1975 1974 1968 1980 2002 2019 2038 2049 2052 2049 2044 2036 2012 2009 2049 2082 2108 2128 2144 2160 2184 2199 2190 2163 2122 2075 2038 2007 1985 1959 1943 1929 1907 1912 1931 1933 1947 1948
2474 2487 2517 2553 2590 2641 2704 2792 2816 2710 2610 2506 2383 2328 2319 2331 2336 2282 2234 2232 2227 2219 2192 2172 2165 2159 2167 2152 2121 2114 2111 2113 2125 2117 2085 2055 2035 2014 1992 1966 1936 1905 1885 1891 1922 1945 1950 1948 1958 1979 1988 1999 2011 2022 2032 2031 2023 1999 1982 2019 2063 2076 2091 2111 2129 2146 2168 2166 2130 2112 2110 2087 2056 2033 2009 1978 1953 1938 1903 1881 1908 1924 1935 1938
2415 2416 2454 2503 2551 2617 2680 2749 2820 2802 2689 2559 2473 2460 2487 2482 2421 2329 2253 2222 2208 2183 2152 2138 2156 2161 2148 2139 2109 2088 2084 2090 2104 2103 2089 2069 2046 2015 1989 1971 1949 1922 1892 1879 1887 1910 1928 1934 1950 1963 1968 1981 1994 2001 2009 2012 1991 1966 1988 2035 2052 2062 2076 2096 2113 2128 2147 2140 2093 2057 2055 2050 2030 2012 1998 1976 1949 1927 1913 1882 1880 1916 1923 1922
2369 2361 2389 2461 2526 2577 2648 2711 2763 2800 2791 2740 2678 2624 2590 2516 2403 2321 2263 2216 2192 2154 2111 2093 2109 2127 2110 2103 2093 2068 2056 2058 2074 2080 2079 2068 2053 2032 1998 1970 1955 1935 1907 1884 1875 1888 1901 1913 1935 1944 1951 1963 1977 1984 1993 1989 1948 1953 2007 2032 2039 2050 2064 2078 2092 2104 2115 2103 2069 2027 2008 2015 1993 1965 1960 1956 1942 1918 1906 1883 1868 1896 1909 1909
2335 2321 2341 2388 2465 2543 2606 2659 2679 2710 2775 2796 2736 2653 2572 2502 2430 2332 2245 2201 2175 2133 2088 2061 2054 2078 2073 2061 2072 2053 2028 2021 2036 2051 2064 2060 2047 2022 1993 1979 1964 1946 1924 1900 1877 1872 1876 1892 1915 1924 1933 1942 1954 1967 1975 1952 1924 1965 2009 2018 2031 2041 2050 2054 2062 2078 2080 2060 2032 1995 1965 1976 1977 1942 1919 1926 1931 1906 1885 1870 1865 1879 1886 1893
