data/dogrib/elevation.asc
ncols 357
nrows 223
xllcorner 457900
yllcorner 5716800
cellsize 100
NODATA_value  -9999
[rows 38 to 75 of 223, columns 168 to 251 of 357]
1668 1658 1648 1662 1699 1727 1677 1613 1586 1584 1593 1608 1626 1654 1686 1703 1729 1762 1762 1726 1682 1662 1652 1639 1614 1596 1579 1573 1594 1617 1621 1634 1652 1647 1621 1607 1618 1609 1576 1549 1527 1511 1504 1507 1510 1511 1513 1507 1511 1532 1542 1547 1550 1568 1598 1621 1608 1574 1548 1529 1530 1543 1560 1576 1604 1661 1710 1706 1670 1635 1616 1605 1589 1573 1539 1510 1506 1498 1494 1490 1484 1481 1480 1469
1691 1667 1642 1640 1680 1719 1691 1625 1589 1577 1586 1596 1609 1638 1669 1686 1717 1735 1707 1681 1655 1633 1620 1619 1609 1592 1579 1565 1576 1593 1603 1630 1647 1647 1626 1592 1586 1593 1569 1544 1522 1502 1496 1504 1506 1506 1507 1502 1506 1520 1532 1543 1555 1580 1612 1630 1610 1568 1534 1518 1521 1539 1556 1573 1611 1676 1710 1689 1668 1644 1610 1586 1572 1552 1531 1515 1504 1496 1493 1487 1479 1477 1470 1460
1693 1684 1651 1632 1663 1695 1674 1626 1595 1576 1575 1583 1595 1621 1643 1654 1683 1691 1658 1643 1629 1606 1592 1597 1594 1576 1568 1556 1552 1565 1590 1628 1649 1649 1635 1599 1568 1565 1554 1533 1518 1498 1491 1500 1500 1501 1501 1496 1499 1511 1526 1548 1569 1591 1618 1631 1602 1551 1521 1513 1519 1536 1555 1571 1616 1683 1695 1672 1655 1632 1600 1580 1567 1545 1527 1513 1500 1492 1488 1482 1473 1470 1466 1459
1664 1661 1645 1626 1640 1661 1651 1613 1592 1578 1572 1575 1581 1604 1620 1636 1663 1654 1620 1609 1601 1587 1579 1590 1598 1583 1564 1552 1544 1554 1588 1631 1657 1660 1645 1606 1564 1541 1534 1524 1509 1494 1489 1493 1496 1495 1492 1489 1497 1509 1521 1540 1564 1587 1608 1613 1599 1556 1515 1507 1516 1532 1557 1584 1637 1683 1672 1655 1640 1617 1592 1576 1559 1541 1526 1512 1497 1487 1482 1474 1466 1466 1467 1462
1646 1643 1640 1620 1615 1624 1620 1597 1581 1575 1570 1569 1569 1578 1592 1620 1638 1616 1590 1584 1581 1574 1569 1583 1599 1597 1576 1555 1542 1551 1594 1630 1646 1658 1654 1619 1572 1540 1527 1523 1505 1488 1485 1486 1491 1491 1485 1485 1489 1499 1511 1525 1542 1562 1579 1581 1583 1556 1510 1499 1510 1526 1551 1596 1650 1671 1656 1639 1626 1608 1589 1572 1549 1535 1527 1513 1497 1483 1474 1468 1462 1462 1463 1459
1628 1620 1624 1619 1600 1600 1602 1586 1576 1574 1569 1567 1563 1562 1569 1585 1590 1577 1570 1568 1567 1562 1557 1569 1584 1585 1578 1564 1545 1546 1580 1596 1606 1623 1643 1633 1581 1547 1525 1510 1498 1485 1483 1484 1482 1482 1481 1483 1482 1484 1501 1507 1517 1536 1544 1547 1552 1544 1510 1490 1501 1521 1545 1599 1642 1649 1642 1625 1612 1599 1581 1564 1541 1526 1520 1506 1493 1481 1471 1464 1460 1458 1456 1460
1610 1605 1604 1608 1603 1590 1585 1583 1580 1578 1575 1570 1565 1561 1558 1556 1555 1554 1554 1554 1554 1551 1550 1554 1559 1558 1559 1559 1545 1539 1552 1563 1572 1576 1606 1636 1599 1551 1526 1511 1497 1484 1478 1477 1479 1476 1474 1474 1473 1475 1479 1486 1498 1508 1511 1515 1523 1526 1513 1486 1488 1516 1545 1593 1629 1632 1624 1612 1599 1587 1572 1556 1539 1522 1510 1499 1487 1481 1474 1465 1460 1456 1454 1458
1620 1616 1614 1604 1608 1612 1601 1595 1592 1588 1582 1577 1574 1566 1561 1554 1548 1546 1543 1544 1544 1539 1538 1538 1541 1541 1539 1540 1535 1529 1535 1543 1545 1546 1577 1619 1604 1555 1525 1509 1497 1484 1474 1473 1472 1469 1468 1470 1469 1467 1468 1469 1475 1484 1485 1488 1497 1502 1504 1489 1478 1503 1536 1572 1614 1620 1609 1598 1584 1571 1560 1547 1534 1523 1511 1498 1492 1487 1481 1472 1462 1455 1452 1457
1660 1652 1651 1639 1643 1652 1621 1612 1620 1606 1598 1593 1584 1574 1572 1576 1559 1547 1546 1541 1538 1538 1537 1530 1529 1527 1524 1521 1520 1521 1524 1526 1526 1529 1553 1572 1567 1545 1526 1512 1498 1486 1473 1468 1468 1465 1468 1468 1466 1465 1464 1463 1465 1469 1471 1470 1473 1474 1477 1481 1471 1488 1521 1549 1588 1604 1596 1581 1567 1554 1545 1537 1534 1534 1522 1505 1502 1502 1495 1485 1471 1458 1451 1452
1687 1688 1679 1664 1655 1645 1617 1631 1664 1640 1614 1605 1596 1592 1583 1584 1594 1586 1567 1548 1545 1546 1543 1537 1531 1527 1526 1521 1517 1512 1512 1514 1517 1518 1520 1527 1528 1522 1522 1520 1505 1491 1478 1468 1466 1464 1463 1460 1463 1465 1462 1461 1461 1460 1460 1462 1463 1459 1458 1461 1461 1477 1503 1528 1552 1576 1581 1566 1554 1540 1528 1526 1532 1536 1521 1507 1512 1516 1508 1491 1471 1455 1447 1447
1702 1719 1712 1687 1662 1636 1631 1649 1695 1685 1648 1621 1609 1604 1595 1590 1603 1623 1598 1560 1551 1554 1551 1547 1541 1539 1537 1534 1528 1518 1519 1509 1506 1510 1509 1507 1505 1506 1509 1519 1508 1492 1479 1468 1465 1465 1468 1466 1458 1459 1460 1459 1459 1457 1456 1455 1455 1456 1457 1454 1456 1462 1476 1502 1519 1546 1565 1557 1546 1530 1513 1514 1526 1523 1511 1499 1502 1510 1506 1487 1466 1455 1450 1444
1721 1739 1732 1699 1675 1652 1649 1671 1704 1717 1694 1654 1629 1615 1602 1597 1605 1620 1603 1566 1557 1562 1562 1557 1554 1549 1544 1541 1540 1536 1537 1521 1508 1503 1501 1498 1493 1492 1500 1505 1497 1485 1475 1470 1466 1464 1470 1470 1460 1458 1460 1458 1459 1455 1456 1451 1454 1454 1448 1445 1452 1457 1460 1474 1488 1512 1538 1543 1533 1516 1499 1502 1516 1512 1494 1485 1485 1491 1489 1476 1459 1451 1447 1444
1750 1759 1749 1724 1698 1674 1652 1670 1709 1747 1736 1691 1653 1629 1615 1610 1605 1607 1580 1571 1580 1582 1579 1574 1569 1561 1554 1550 1550 1549 1545 1533 1522 1514 1503 1496 1490 1487 1490 1488 1483 1476 1474 1471 1467 1462 1461 1469 1462 1454 1452 1451 1451 1450 1451 1446 1445 1445 1442 1441 1441 1444 1445 1448 1455 1471 1490 1510 1519 1506 1487 1495 1507 1500 1484 1473 1471 1471 1467 1462 1451 1449 1449 1446
1770 1776 1761 1736 1702 1679 1668 1686 1728 1756 1758 1727 1680 1646 1627 1615 1603 1586 1581 1599 1626 1610 1602 1595 1585 1578 1572 1565 1560 1556 1545 1533 1536 1537 1530 1519 1501 1497 1490 1484 1476 1470 1471 1473 1468 1463 1457 1454 1453 1452 1451 1449 1449 1448 1447 1445 1444 1442 1443 1442 1440 1439 1437 1437 1439 1443 1450 1469 1500 1499 1478 1490 1497 1488 1474 1466 1462 1460 1454 1454 1448 1442 1440 1444
1801 1794 1762 1718 1707 1702 1685 1695 1735 1769 1780 1747 1695 1657 1635 1616 1606 1588 1594 1621 1657 1652 1633 1622 1610 1598 1588 1580 1568 1552 1544 1551 1568 1567 1548 1526 1508 1498 1492 1482 1476 1473 1471 1466 1462 1461 1457 1454 1453 1454 1454 1455 1452 1451 1450 1450 1448 1447 1446 1444 1443 1441 1440 1436 1435 1433 1435 1438 1464 1485 1474 1476 1482 1474 1467 1465 1457 1455 1454 1449 1444 1440 1437 1434
1835 1799 1768 1737 1741 1731 1707 1701 1732 1786 1792 1752 1702 1659 1637 1620 1611 1600 1599 1623 1655 1682 1690 1668 1637 1616 1602 1591 1576 1553 1554 1574 1598 1588 1548 1521 1507 1500 1488 1478 1473 1471 1473 1466 1462 1459 1458 1455 1461 1466 1463 1463 1464 1466 1465 1463 1466 1466 1458 1455 1453 1450 1448 1449 1445 1441 1432 1428 1432 1462 1469 1458 1468 1460 1461 1458 1451 1447 1448 1445 1436 1436 1435 1432
1848 1801 1776 1773 1766 1741 1721 1724 1745 1787 1797 1741 1698 1669 1642 1625 1613 1601 1600 1617 1635 1668 1700 1710 1673 1642 1621 1602 1587 1571 1568 1580 1595 1571 1538 1519 1509 1493 1481 1477 1473 1473 1468 1463 1459 1462 1465 1470 1480 1485 1488 1489 1494 1492 1483 1486 1489 1486 1478 1467 1461 1460 1459 1461 1457 1454 1447 1445 1431 1436 1452 1451 1454 1449 1444 1442 1440 1437 1432 1432 1432 1431 1433 1435
1860 1841 1818 1804 1774 1750 1750 1758 1764 1785 1801 1765 1720 1678 1643 1624 1611 1600 1596 1601 1612 1636 1668 1697 1702 1676 1642 1614 1594 1585 1574 1575 1576 1550 1527 1514 1508 1491 1477 1474 1470 1466 1464 1459 1459 1473 1488 1508 1520 1528 1542 1541 1543 1537 1515 1512 1528 1534 1519 1501 1483 1470 1463 1458 1458 1459 1460 1456 1441 1429 1437 1441 1439 1440 1439 1439 1433 1431 1431 1431 1433 1432 1429 1426
1863 1888 1858 1816 1785 1786 1788 1782 1768 1767 1775 1757 1722 1681 1642 1621 1608 1599 1595 1589 1597 1614 1641 1665 1704 1690 1648 1616 1587 1575 1565 1563 1555 1533 1518 1507 1499 1484 1475 1468 1465 1464 1461 1458 1474 1497 1519 1554 1572 1573 1588 1591 1581 1561 1534 1538 1558 1575 1571 1559 1536 1504 1479 1462 1457 1455 1452 1446 1443 1438 1430 1428 1432 1431 1431 1431 1431 1431 1431 1432 1430 1427 1428 1426
1834 1875 1872 1839 1825 1824 1809 1783 1754 1742 1730 1713 1691 1658 1635 1621 1609 1598 1590 1586 1588 1599 1633 1642 1685 1677 1633 1600 1576 1559 1553 1549 1542 1523 1512 1499 1488 1481 1478 1472 1465 1461 1463 1471 1499 1523 1549 1593 1613 1607 1611 1606 1583 1562 1559 1564 1565 1572 1575 1571 1560 1531 1497 1473 1456 1452 1449 1446 1443 1440 1437 1432 1428 1428 1429 1430 1431 1430 1434 1431 1429 1426 1425 1427
1806 1837 1878 1876 1857 1839 1808 1770 1746 1725 1705 1694 1678 1668 1664 1639 1616 1600 1588 1580 1580 1583 1616 1618 1664 1643 1615 1579 1564 1550 1543 1535 1535 1518 1506 1493 1483 1484 1480 1471 1462 1465 1481 1496 1518 1547 1577 1625 1650 1632 1616 1600 1582 1584 1581 1575 1567 1561 1553 1542 1533 1518 1497 1484 1463 1461 1454 1449 1444 1446 1442 1437 1429 1428 1427 1427 1429 1428 1435 1429 1430 1429 1423 1421
1776 1816 1849 1871 1870 1840 1803 1780 1766 1762 1751 1739 1724 1717 1712 1672 1630 1605 1588 1573 1571 1575 1591 1597 1638 1608 1590 1560 1550 1539 1529 1525 1522 1517 1502 1487 1477 1480 1472 1461 1466 1483 1503 1519 1542 1567 1602 1644 1680 1657 1622 1602 1586 1580 1572 1563 1560 1552 1540 1524 1509 1496 1485 1481 1469 1466 1455 1450 1452 1452 1441 1438 1434 1430 1426 1426 1424 1422 1428 1431 1426 1422 1420 1417
1766 1795 1802 1836 1879 1849 1829 1813 1776 1754 1757 1768 1768 1766 1747 1693 1639 1603 1584 1568 1563 1567 1580 1583 1596 1574 1557 1543 1535 1526 1518 1516 1509 1506 1498 1482 1476 1471 1465 1470 1474 1502 1523 1538 1550 1577 1612 1649 1698 1680 1645 1613 1605 1584 1566 1551 1539 1536 1524 1509 1500 1498 1495 1483 1471 1463 1456 1460 1462 1451 1441 1441 1437 1432 1427 1427 1425 1422 1421 1431 1422 1420 1419 1415
1734 1748 1789 1844 1877 1863 1832 1796 1747 1720 1724 1741 1755 1737 1735 1695 1639 1602 1581 1567 1559 1560 1566 1563 1559 1554 1543 1531 1527 1519 1512 1511 1500 1493 1490 1487 1473 1465 1469 1479 1494 1500 1523 1546 1565 1585 1615 1650 1700 1707 1669 1626 1609 1609 1589 1567 1546 1533 1519 1515 1517 1517 1510 1496 1475 1471 1474 1474 1462 1450 1446 1442 1440 1435 1431 1429 1427 1424 1420 1419 1418 1418 1418 1413
1714 1759 1804 1816 1829 1850 1807 1768 1734 1702 1691 1714 1729 1705 1707 1689 1635 1598 1577 1564 1555 1550 1554 1554 1573 1568 1554 1539 1529 1514 1505 1502 1495 1487 1479 1483 1466 1469 1482 1498 1511 1495 1523 1540 1575 1598 1620 1648 1696 1727 1694 1646 1611 1608 1602 1581 1558 1541 1529 1523 1520 1513 1503 1495 1477 1489 1491 1475 1460 1458 1449 1445 1446 1443 1440 1438 1430 1429 1423 1422 1423 1427 1432 1445
1726 1757 1745 1768 1814 1852 1809 1784 1754 1713 1673 1676 1693 1673 1672 1687 1624 1587 1570 1559 1549 1539 1547 1553 1586 1603 1579 1548 1522 1505 1499 1492 1488 1485 1473 1466 1469 1482 1504 1527 1515 1513 1554 1556 1572 1597 1618 1642 1684 1730 1715 1661 1621 1600 1588 1574 1558 1545 1534 1523 1515 1508 1498 1490 1483 1493 1487 1471 1465 1464 1451 1452 1452 1449 1446 1443 1434 1438 1437 1445 1457 1480 1498 1509
1708 1708 1717 1769 1820 1841 1796 1763 1749 1704 1673 1654 1660 1647 1640 1649 1606 1579 1564 1551 1545 1537 1534 1546 1569 1601 1576 1531 1506 1496 1493 1488 1480 1477 1470 1472 1478 1507 1540 1552 1509 1547 1579 1585 1575 1593 1614 1637 1672 1722 1739 1684 1642 1608 1596 1585 1565 1550 1541 1532 1523 1516 1509 1498 1490 1486 1480 1474 1480 1470 1454 1456 1456 1452 1447 1445 1442 1453 1469 1494 1519 1548 1563 1574
1674 1685 1726 1760 1773 1811 1798 1752 1723 1689 1662 1640 1627 1627 1615 1624 1600 1573 1556 1546 1539 1533 1523 1532 1549 1575 1547 1504 1493 1484 1482 1480 1472 1471 1473 1480 1500 1544 1571 1540 1516 1552 1595 1620 1596 1593 1610 1635 1668 1711 1746 1711 1663 1627 1604 1598 1583 1565 1555 1544 1533 1523 1511 1499 1496 1489 1485 1484 1482 1465 1459 1460 1455 1448 1446 1446 1457 1471 1506 1551 1584 1597 1590 1585
1646 1669 1697 1716 1761 1816 1813 1764 1740 1706 1677 1655 1633 1607 1595 1605 1593 1566 1551 1542 1535 1532 1520 1519 1531 1538 1511 1488 1486 1481 1478 1474 1475 1476 1482 1495 1520 1562 1577 1554 1523 1554 1600 1630 1627 1612 1615 1637 1662 1695 1733 1743 1697 1650 1619 1602 1591 1582 1567 1549 1534 1522 1511 1501 1496 1490 1485 1480 1469 1461 1465 1459 1452 1451 1459 1457 1461 1484 1531 1582 1596 1572 1566 1562
1632 1664 1701 1740 1788 1825 1826 1775 1732 1701 1672 1646 1623 1613 1604 1578 1569 1555 1544 1535 1527 1522 1516 1506 1509 1500 1490 1482 1480 1480 1479 1476 1480 1487 1496 1511 1527 1553 1578 1569 1534 1561 1602 1618 1634 1630 1629 1645 1662 1682 1712 1742 1732 1679 1638 1613 1596 1591 1575 1556 1541 1526 1512 1501 1491 1485 1480 1474 1469 1467 1463 1457 1459 1467 1469 1468 1474 1487 1523 1567 1580 1560 1545 1540
1637 1675 1718 1751 1765 1766 1793 1781 1721 1694 1671 1653 1634 1631 1630 1591 1576 1566 1552 1538 1526 1515 1507 1497 1492 1485 1483 1481 1480 1479 1477 1482 1490 1499 1512 1530 1543 1560 1583 1576 1545 1554 1592 1609 1621 1629 1638 1650 1658 1668 1689 1717 1740 1721 1670 1628 1602 1595 1582 1565 1548 1529 1510 1500 1492 1487 1482 1479 1475 1469 1462 1468 1474 1476 1480 1481 1490 1498 1510 1541 1559 1547 1528 1524
1647 1664 1700 1718 1705 1714 1759 1787 1751 1724 1696 1669 1651 1654 1662 1627 1610 1603 1559 1533 1516 1505 1496 1491 1486 1482 1481 1483 1487 1484 1484 1493 1500 1516 1538 1555 1566 1567 1584 1582 1552 1545 1586 1595 1600 1610 1625 1629 1637 1649 1665 1685 1716 1739 1705 1649 1614 1591 1576 1557 1541 1526 1513 1505 1498 1491 1485 1481 1476 1470 1472 1483 1486 1488 1491 1497 1508 1517 1530 1550 1554 1536 1522 1509
1633 1645 1666 1690 1680 1677 1724 1773 1754 1719 1706 1672 1645 1631 1649 1648 1635 1593 1541 1514 1500 1491 1488 1488 1485 1482 1484 1489 1492 1497 1504 1507 1518 1539 1565 1580 1584 1577 1582 1581 1561 1549 1567 1578 1579 1589 1600 1604 1613 1630 1646 1660 1682 1710 1716 1672 1636 1606 1580 1559 1544 1532 1523 1514 1503 1493 1486 1482 1476 1472 1484 1497 1502 1503 1506 1517 1534 1543 1552 1569 1559 1538 1529 1528
1606 1627 1632 1657 1648 1652 1699 1736 1718 1679 1675 1653 1627 1609 1620 1632 1597 1558 1519 1503 1493 1489 1488 1486 1486 1485 1488 1494 1497 1512 1531 1549 1579 1598 1613 1608 1604 1598 1588 1579 1572 1560 1550 1565 1572 1575 1590 1609 1613 1620 1634 1648 1666 1697 1721 1703 1665 1632 1596 1575 1563 1550 1536 1523 1509 1497 1488 1482 1475 1479 1500 1510 1520 1522 1525 1537 1564 1576 1574 1585 1575 1560 1552 1554
1580 1591 1606 1621 1619 1631 1666 1709 1706 1646 1628 1628 1610 1585 1582 1590 1547 1518 1502 1494 1492 1490 1488 1487 1487 1489 1499 1505 1504 1524 1549 1578 1617 1639 1661 1656 1638 1631 1616 1597 1580 1570 1562 1579 1591 1586 1586 1607 1630 1636 1641 1653 1674 1707 1742 1722 1676 1640 1607 1584 1570 1557 1540 1525 1512 1500 1490 1482 1481 1498 1519 1525 1537 1552 1562 1566 1595 1613 1606 1606 1596 1586 1578 1576
1552 1560 1579 1593 1597 1613 1657 1697 1673 1614 1589 1589 1578 1553 1539 1536 1512 1499 1494 1494 1492 1492 1492 1489 1491 1498 1511 1516 1515 1533 1549 1567 1588 1608 1639 1677 1681 1655 1628 1602 1580 1568 1567 1584 1608 1608 1596 1598 1613 1629 1647 1664 1681 1725 1763 1728 1680 1644 1616 1592 1569 1552 1539 1524 1511 1499 1490 1486 1500 1524 1541 1550 1557 1581 1614 1625 1636 1643 1634 1630 1617 1587 1568 1561
1549 1543 1547 1564 1579 1604 1637 1655 1627 1582 1555 1543 1537 1520 1508 1504 1499 1498 1496 1495 1493 1493 1496 1500 1510 1522 1523 1520 1517 1537 1555 1561 1573 1588 1611 1648 1685 1673 1629 1601 1586 1575 1571 1582 1603 1613 1612 1611 1611 1618 1637 1658 1684 1741 1779 1735 1690 1659 1639 1617 1584 1556 1540 1523 1511 1500 1490 1494 1519 1541 1564 1587 1594 1609 1652 1669 1670 1669 1658 1640 1609 1574 1542 1521
1575 1554 1533 1535 1554 1568 1588 1603 1581 1549 1527 1519 1514 1506 1502 1501 1500 1500 1496 1494 1494 1499 1506 1518 1534 1537 1531 1529 1526 1528 1543 1561 1568 1574 1587 1614 1655 1676 1644 1606 1593 1583 1579 1581 1594 1611 1623 1629 1628 1629 1638 1657 1685 1739 1783 1756 1711 1683 1656 1633 1608 1571 1542 1524 1515 1505 1495 1502 1527 1548 1587 1638 1660 1664 1685 1682 1662 1661 1660 1637 1595 1557 1529 1505
