data/dogrib/elevation.asc
ncols 357
nrows 223
xllcorner 457900
yllcorner 5716800
cellsize 100
NODATA_value  -9999
[rows 114 to 151 of 223, columns 252 to 335 of 357]
1759 1783 1788 1768 1737 1735 1763 1777 1770 1753 1741 1726 1714 1716 1709 1704 1722 1739 1734 1714 1695 1665 1645 1653 1670 1674 1672 1666 1655 1632 1625 1625 1619 1623 1619 1598 1597 1616 1618 1610 1590 1564 1554 1566 1576 1565 1534 1532 1563 1580 1580 1572 1565 1556 1540 1516 1502 1512 1531 1542 1549 1550 1539 1517 1490 1468 1455 1459 1459 1450 1443 1436 1429 1425 1421 1415 1414 1409 1401 1416 1447 1475 1481 1466
1747 1769 1774 1763 1744 1751 1775 1785 1778 1759 1743 1729 1726 1732 1724 1712 1718 1720 1708 1696 1673 1656 1670 1685 1687 1686 1678 1667 1651 1635 1632 1638 1641 1638 1623 1607 1616 1627 1619 1596 1574 1573 1581 1588 1583 1552 1530 1549 1578 1592 1588 1578 1565 1541 1522 1514 1519 1534 1545 1553 1554 1546 1530 1506 1485 1478 1480 1473 1463 1459 1456 1450 1446 1442 1431 1419 1426 1418 1400 1416 1450 1479 1481 1462
1739 1756 1764 1762 1753 1761 1780 1792 1789 1767 1753 1747 1744 1745 1735 1718 1723 1717 1695 1682 1664 1676 1703 1708 1701 1693 1680 1664 1651 1648 1649 1652 1653 1648 1626 1618 1633 1631 1605 1587 1590 1598 1602 1594 1573 1549 1549 1571 1591 1596 1589 1578 1557 1529 1523 1535 1542 1551 1558 1561 1558 1543 1522 1511 1510 1507 1497 1485 1477 1473 1467 1460 1454 1450 1430 1421 1434 1420 1399 1413 1445 1477 1482 1460
1744 1754 1761 1761 1752 1758 1776 1794 1797 1782 1772 1767 1760 1758 1745 1728 1728 1727 1709 1683 1675 1698 1724 1727 1716 1700 1683 1672 1668 1663 1662 1666 1664 1651 1633 1635 1643 1625 1606 1608 1616 1618 1607 1588 1560 1555 1574 1592 1603 1600 1590 1576 1549 1535 1544 1556 1561 1565 1569 1568 1561 1549 1540 1537 1533 1524 1512 1502 1494 1486 1477 1466 1456 1439 1422 1430 1438 1413 1395 1411 1438 1472 1479 1456
1760 1760 1765 1763 1748 1749 1765 1788 1804 1800 1793 1784 1777 1771 1754 1739 1736 1733 1718 1691 1686 1709 1736 1742 1729 1711 1697 1688 1680 1674 1675 1677 1670 1654 1646 1651 1647 1625 1622 1632 1634 1627 1608 1582 1564 1575 1597 1608 1611 1604 1590 1568 1548 1550 1563 1571 1576 1577 1574 1568 1563 1560 1556 1553 1546 1536 1525 1515 1505 1494 1478 1458 1440 1426 1432 1445 1440 1412 1394 1406 1430 1464 1468 1442
1768 1767 1765 1754 1739 1739 1752 1776 1799 1812 1814 1801 1793 1784 1766 1755 1747 1733 1713 1695 1699 1717 1746 1756 1743 1726 1712 1702 1692 1685 1686 1685 1673 1662 1662 1662 1650 1641 1646 1647 1640 1626 1607 1575 1575 1600 1615 1618 1614 1603 1583 1565 1563 1573 1580 1583 1581 1575 1565 1558 1555 1557 1558 1554 1547 1538 1528 1513 1498 1480 1457 1439 1430 1439 1452 1452 1440 1415 1395 1401 1426 1453 1448 1418
1780 1776 1755 1740 1728 1731 1741 1759 1784 1807 1822 1818 1811 1800 1784 1772 1757 1736 1719 1702 1719 1738 1759 1766 1756 1742 1728 1715 1704 1698 1697 1692 1681 1677 1677 1670 1659 1659 1663 1657 1642 1624 1600 1586 1598 1619 1628 1625 1615 1601 1588 1582 1584 1585 1585 1581 1569 1556 1545 1540 1536 1541 1544 1540 1533 1524 1513 1494 1476 1454 1437 1442 1453 1465 1463 1450 1438 1419 1396 1392 1415 1434 1424 1401
1773 1755 1741 1730 1719 1725 1730 1744 1771 1799 1823 1834 1829 1815 1799 1783 1762 1740 1724 1710 1734 1764 1764 1757 1751 1747 1740 1728 1717 1711 1706 1699 1693 1691 1688 1677 1671 1672 1671 1658 1639 1622 1591 1599 1621 1634 1638 1629 1617 1607 1601 1597 1595 1587 1576 1566 1551 1531 1517 1510 1502 1510 1517 1516 1507 1495 1483 1466 1451 1445 1452 1464 1479 1481 1469 1450 1436 1418 1404 1393 1398 1401 1398 1390
1761 1745 1731 1722 1711 1715 1731 1753 1776 1802 1826 1847 1844 1823 1805 1784 1762 1739 1723 1719 1742 1763 1752 1733 1725 1731 1738 1737 1731 1723 1716 1709 1705 1702 1697 1688 1683 1682 1670 1653 1634 1607 1604 1620 1638 1647 1645 1635 1624 1616 1607 1593 1588 1579 1564 1549 1534 1521 1512 1506 1498 1487 1485 1486 1478 1465 1457 1454 1458 1472 1484 1494 1501 1487 1468 1448 1433 1427 1413 1399 1390 1387 1387 1384
1759 1746 1729 1715 1705 1707 1719 1739 1767 1796 1822 1848 1852 1831 1807 1784 1760 1742 1738 1734 1737 1743 1737 1719 1701 1706 1718 1729 1737 1734 1725 1718 1714 1711 1707 1701 1695 1687 1667 1649 1625 1615 1626 1641 1655 1658 1651 1641 1631 1621 1603 1583 1571 1563 1553 1541 1537 1537 1535 1525 1505 1485 1478 1467 1464 1466 1474 1488 1497 1505 1510 1508 1502 1490 1475 1456 1441 1433 1418 1403 1396 1394 1389 1393
1754 1743 1728 1709 1697 1717 1736 1749 1760 1785 1815 1840 1855 1839 1813 1786 1765 1760 1758 1746 1727 1715 1712 1708 1691 1683 1694 1711 1727 1737 1735 1729 1723 1720 1716 1710 1702 1687 1666 1646 1627 1634 1646 1659 1668 1664 1655 1642 1624 1604 1590 1580 1571 1563 1552 1551 1556 1551 1533 1503 1485 1498 1505 1476 1489 1508 1514 1519 1520 1518 1510 1498 1488 1474 1466 1459 1447 1433 1414 1415 1415 1409 1395 1402
1743 1731 1718 1701 1695 1726 1754 1777 1779 1788 1815 1839 1857 1844 1824 1796 1783 1778 1766 1748 1729 1707 1694 1689 1683 1668 1670 1688 1706 1722 1731 1734 1731 1728 1723 1717 1707 1688 1669 1643 1641 1653 1664 1674 1676 1669 1657 1639 1619 1607 1600 1593 1584 1572 1565 1565 1560 1538 1505 1492 1512 1526 1507 1478 1509 1531 1533 1527 1514 1499 1487 1476 1464 1453 1445 1441 1432 1421 1422 1430 1431 1416 1403 1413
1731 1723 1711 1699 1697 1718 1742 1772 1795 1817 1826 1841 1857 1848 1835 1815 1802 1793 1777 1756 1736 1715 1699 1687 1675 1669 1661 1664 1681 1697 1711 1726 1735 1735 1730 1723 1710 1692 1670 1654 1659 1670 1680 1686 1683 1673 1660 1644 1631 1623 1614 1601 1591 1579 1572 1563 1539 1510 1503 1524 1541 1536 1502 1488 1516 1535 1532 1516 1502 1496 1490 1485 1480 1471 1459 1443 1437 1437 1440 1441 1437 1408 1413 1427
1719 1710 1698 1691 1691 1705 1724 1751 1776 1797 1814 1837 1859 1864 1850 1828 1816 1812 1794 1767 1745 1725 1712 1701 1692 1680 1670 1653 1655 1667 1685 1703 1720 1731 1734 1730 1718 1704 1684 1672 1678 1687 1694 1695 1686 1675 1662 1648 1637 1622 1613 1603 1592 1583 1565 1533 1516 1517 1537 1552 1548 1528 1494 1505 1529 1539 1530 1517 1522 1521 1517 1510 1501 1487 1466 1451 1456 1458 1454 1448 1427 1416 1429 1440
1707 1691 1676 1678 1696 1715 1732 1750 1770 1786 1812 1847 1870 1881 1859 1837 1827 1818 1794 1775 1758 1744 1732 1720 1709 1688 1671 1663 1646 1642 1661 1685 1703 1715 1728 1733 1726 1715 1702 1695 1698 1704 1706 1700 1690 1678 1663 1647 1630 1611 1599 1594 1583 1565 1536 1521 1533 1552 1561 1559 1541 1509 1502 1528 1543 1543 1534 1533 1537 1537 1533 1523 1506 1484 1474 1475 1476 1471 1464 1452 1421 1425 1443 1453
1679 1663 1670 1694 1725 1744 1752 1765 1781 1799 1824 1869 1919 1905 1875 1852 1836 1819 1797 1789 1774 1760 1746 1730 1712 1692 1675 1662 1656 1639 1645 1663 1678 1696 1714 1728 1733 1727 1718 1714 1714 1714 1709 1697 1685 1672 1656 1640 1621 1602 1582 1562 1554 1539 1532 1547 1563 1571 1571 1559 1533 1501 1524 1544 1552 1548 1539 1542 1547 1545 1539 1527 1511 1501 1498 1495 1489 1478 1465 1439 1422 1438 1459 1467
1653 1677 1690 1727 1768 1799 1794 1782 1822 1846 1893 1929 1958 1931 1894 1865 1848 1831 1814 1801 1786 1771 1754 1732 1714 1703 1693 1683 1668 1647 1632 1640 1656 1677 1701 1722 1736 1737 1731 1728 1726 1715 1699 1683 1671 1657 1641 1623 1600 1580 1570 1567 1547 1543 1560 1576 1582 1582 1572 1554 1522 1516 1543 1558 1559 1553 1548 1550 1553 1550 1544 1538 1530 1521 1513 1502 1486 1467 1444 1429 1435 1456 1474 1472
1684 1711 1732 1738 1785 1832 1839 1821 1834 1862 1905 1949 1978 1962 1911 1878 1859 1844 1826 1809 1793 1776 1758 1741 1734 1720 1705 1690 1673 1658 1636 1625 1638 1661 1689 1715 1731 1737 1738 1736 1728 1711 1688 1666 1649 1635 1619 1602 1592 1589 1588 1571 1554 1567 1586 1598 1596 1585 1567 1538 1515 1537 1560 1572 1569 1561 1557 1557 1560 1555 1548 1543 1533 1518 1504 1486 1465 1444 1436 1447 1459 1476 1480 1467
1731 1760 1770 1779 1785 1834 1874 1875 1878 1897 1933 1948 1967 1972 1931 1895 1868 1850 1839 1822 1804 1787 1770 1761 1751 1732 1716 1698 1687 1673 1647 1626 1623 1646 1675 1701 1716 1724 1731 1736 1729 1710 1686 1667 1649 1633 1621 1613 1612 1607 1585 1564 1574 1592 1605 1609 1596 1577 1547 1525 1535 1560 1576 1583 1577 1566 1558 1555 1557 1550 1537 1525 1512 1493 1478 1459 1445 1448 1459 1472 1484 1486 1475 1456
1774 1793 1814 1829 1827 1847 1887 1923 1925 1925 1918 1920 1939 1958 1954 1913 1878 1856 1853 1837 1818 1800 1784 1770 1757 1743 1729 1713 1694 1675 1653 1633 1616 1633 1661 1680 1689 1701 1717 1732 1732 1716 1694 1677 1663 1652 1641 1633 1623 1606 1577 1585 1601 1612 1616 1604 1585 1557 1533 1544 1567 1578 1589 1586 1575 1560 1544 1533 1530 1530 1517 1499 1482 1467 1454 1456 1463 1473 1482 1493 1493 1482 1465 1441
1769 1793 1822 1847 1861 1877 1900 1917 1920 1908 1876 1878 1912 1939 1959 1935 1890 1863 1859 1845 1826 1806 1786 1766 1749 1740 1732 1719 1705 1684 1662 1642 1619 1620 1644 1652 1658 1683 1713 1731 1735 1723 1706 1691 1678 1666 1653 1636 1615 1591 1594 1612 1623 1628 1618 1597 1573 1543 1552 1578 1588 1592 1595 1581 1563 1542 1520 1501 1497 1496 1494 1476 1465 1472 1479 1485 1493 1502 1505 1505 1490 1475 1452 1432
1759 1792 1824 1847 1868 1885 1892 1892 1891 1869 1836 1849 1887 1921 1945 1948 1913 1876 1861 1846 1828 1803 1775 1749 1727 1715 1704 1706 1705 1692 1672 1651 1628 1608 1624 1632 1659 1688 1713 1727 1734 1727 1713 1696 1678 1660 1640 1621 1604 1604 1622 1636 1644 1639 1619 1594 1566 1552 1581 1599 1605 1601 1588 1570 1547 1522 1502 1497 1497 1484 1478 1480 1490 1501 1509 1512 1518 1518 1505 1504 1482 1463 1439 1448
1807 1839 1837 1832 1852 1866 1863 1862 1867 1835 1805 1831 1862 1896 1922 1938 1939 1896 1868 1849 1825 1792 1759 1734 1714 1693 1677 1673 1682 1686 1674 1647 1625 1612 1613 1640 1666 1689 1703 1716 1726 1726 1711 1690 1670 1645 1631 1622 1621 1635 1648 1657 1658 1645 1624 1598 1568 1567 1599 1613 1613 1600 1580 1558 1532 1506 1514 1522 1509 1509 1502 1512 1522 1530 1537 1539 1540 1535 1515 1495 1477 1453 1444 1465
1808 1825 1811 1812 1836 1842 1834 1833 1854 1815 1780 1814 1839 1867 1895 1922 1944 1915 1872 1848 1819 1782 1760 1740 1720 1695 1675 1654 1654 1661 1664 1654 1629 1603 1610 1641 1660 1670 1681 1701 1719 1727 1712 1692 1673 1659 1652 1640 1645 1659 1665 1665 1658 1643 1626 1600 1570 1580 1611 1624 1616 1596 1574 1550 1524 1521 1537 1532 1527 1532 1532 1539 1548 1553 1558 1558 1550 1530 1513 1490 1465 1447 1467 1484
1791 1798 1790 1803 1818 1815 1806 1815 1849 1803 1760 1798 1824 1847 1878 1907 1927 1919 1871 1848 1818 1789 1771 1748 1727 1704 1685 1662 1641 1637 1643 1641 1628 1603 1601 1631 1636 1644 1663 1692 1715 1725 1720 1702 1691 1682 1671 1658 1666 1673 1668 1657 1641 1625 1608 1584 1577 1596 1622 1633 1619 1596 1573 1547 1526 1543 1554 1548 1551 1554 1556 1561 1567 1569 1567 1560 1539 1525 1503 1478 1453 1466 1489 1505
1783 1780 1773 1812 1797 1781 1781 1823 1833 1789 1745 1770 1807 1832 1864 1891 1913 1919 1867 1850 1824 1798 1776 1753 1732 1712 1692 1672 1653 1631 1620 1617 1618 1602 1588 1612 1628 1648 1667 1688 1701 1714 1722 1718 1710 1699 1686 1680 1682 1673 1654 1636 1616 1604 1594 1586 1597 1615 1632 1635 1618 1594 1565 1540 1541 1562 1567 1565 1569 1574 1576 1577 1579 1575 1566 1553 1531 1507 1483 1464 1466 1480 1497 1518
1759 1752 1773 1800 1766 1751 1785 1819 1805 1762 1730 1745 1787 1814 1845 1872 1900 1902 1841 1822 1805 1783 1762 1740 1723 1711 1694 1679 1664 1646 1628 1614 1598 1592 1586 1602 1635 1658 1661 1665 1673 1694 1718 1729 1722 1712 1702 1693 1681 1663 1641 1618 1612 1606 1599 1614 1625 1636 1640 1628 1607 1583 1555 1546 1567 1579 1582 1583 1585 1588 1588 1584 1577 1566 1553 1541 1522 1496 1472 1463 1480 1490 1505 1525
1739 1736 1765 1771 1740 1750 1795 1798 1778 1732 1707 1720 1766 1801 1828 1852 1879 1864 1812 1799 1784 1764 1735 1710 1697 1691 1685 1676 1664 1653 1639 1626 1613 1601 1584 1593 1625 1644 1638 1647 1664 1689 1717 1732 1734 1724 1713 1695 1673 1652 1636 1630 1630 1619 1612 1635 1648 1650 1642 1620 1596 1570 1556 1571 1589 1596 1597 1598 1598 1596 1591 1583 1570 1549 1531 1524 1509 1483 1465 1482 1498 1513 1525 1537
1714 1743 1773 1751 1725 1744 1770 1772 1755 1708 1685 1719 1769 1797 1816 1838 1860 1846 1813 1804 1782 1751 1719 1694 1676 1664 1653 1648 1646 1643 1634 1625 1615 1604 1584 1583 1605 1615 1625 1648 1670 1687 1703 1721 1735 1732 1717 1694 1669 1651 1650 1654 1646 1630 1630 1651 1663 1659 1642 1617 1589 1568 1576 1597 1609 1612 1608 1606 1603 1593 1582 1572 1561 1546 1525 1504 1487 1473 1484 1503 1521 1539 1546 1539
1703 1728 1754 1736 1710 1732 1735 1744 1732 1683 1683 1731 1748 1771 1806 1830 1852 1850 1813 1799 1777 1746 1716 1691 1671 1655 1632 1615 1613 1617 1620 1612 1597 1582 1574 1584 1594 1603 1617 1648 1668 1665 1682 1707 1730 1737 1721 1697 1676 1668 1672 1671 1655 1639 1651 1668 1674 1665 1641 1613 1586 1582 1602 1617 1625 1622 1613 1603 1591 1576 1561 1547 1534 1520 1504 1491 1479 1485 1497 1519 1543 1559 1561 1542
1699 1695 1731 1719 1699 1735 1701 1720 1715 1664 1673 1695 1718 1765 1798 1814 1835 1845 1816 1793 1775 1747 1718 1692 1668 1645 1631 1614 1598 1592 1594 1590 1580 1569 1574 1597 1613 1614 1610 1622 1642 1649 1670 1694 1724 1739 1729 1707 1692 1689 1690 1682 1665 1655 1671 1684 1682 1664 1639 1611 1595 1608 1625 1634 1629 1616 1599 1582 1564 1545 1530 1516 1506 1499 1495 1493 1504 1500 1512 1540 1561 1571 1562 1542
1714 1680 1697 1698 1689 1717 1672 1695 1697 1650 1651 1681 1723 1760 1768 1778 1810 1837 1826 1790 1773 1747 1722 1701 1681 1659 1641 1624 1610 1588 1575 1571 1565 1567 1586 1607 1631 1642 1625 1620 1629 1651 1673 1695 1720 1741 1739 1722 1712 1709 1705 1694 1681 1678 1690 1698 1688 1663 1636 1615 1615 1629 1640 1636 1616 1595 1574 1553 1538 1525 1523 1525 1528 1519 1506 1503 1507 1507 1523 1553 1571 1571 1552 1527
1744 1699 1667 1665 1665 1668 1644 1672 1680 1641 1642 1692 1723 1725 1726 1752 1794 1828 1829 1794 1767 1743 1716 1695 1679 1665 1652 1636 1621 1599 1578 1570 1563 1573 1594 1619 1644 1656 1649 1635 1630 1650 1676 1693 1714 1738 1750 1741 1731 1728 1722 1709 1700 1700 1707 1710 1693 1666 1640 1631 1637 1640 1636 1617 1593 1574 1558 1548 1551 1553 1554 1553 1549 1532 1509 1515 1518 1515 1532 1561 1570 1560 1540 1517
1766 1732 1681 1651 1637 1626 1621 1645 1661 1631 1641 1687 1688 1683 1719 1760 1787 1811 1822 1797 1756 1730 1700 1668 1657 1659 1650 1633 1617 1600 1575 1555 1562 1581 1599 1624 1651 1671 1671 1657 1644 1646 1666 1687 1708 1731 1747 1746 1740 1736 1731 1725 1719 1720 1724 1718 1700 1677 1658 1652 1649 1637 1615 1594 1578 1570 1573 1574 1573 1575 1575 1570 1556 1526 1517 1537 1530 1527 1542 1563 1564 1548 1525 1505
1759 1751 1705 1674 1678 1671 1629 1616 1622 1620 1652 1661 1655 1690 1726 1751 1778 1791 1797 1787 1739 1709 1685 1650 1627 1634 1629 1610 1594 1575 1559 1554 1568 1588 1605 1627 1653 1677 1689 1679 1664 1656 1665 1687 1709 1726 1731 1728 1723 1720 1725 1728 1726 1728 1734 1729 1712 1693 1674 1657 1639 1617 1597 1588 1592 1596 1598 1594 1594 1593 1585 1570 1538 1518 1535 1546 1540 1535 1550 1568 1565 1543 1517 1507
1737 1753 1734 1707 1701 1705 1670 1607 1601 1626 1644 1634 1655 1680 1696 1734 1769 1770 1769 1768 1722 1680 1657 1643 1613 1594 1591 1582 1567 1552 1550 1558 1569 1589 1604 1618 1639 1667 1695 1700 1682 1669 1678 1694 1709 1721 1710 1705 1694 1691 1704 1711 1709 1712 1723 1728 1718 1701 1678 1651 1625 1609 1605 1607 1612 1616 1616 1612 1605 1593 1576 1550 1532 1541 1553 1555 1545 1542 1561 1576 1567 1543 1520 1525
1710 1735 1754 1743 1709 1698 1676 1616 1587 1604 1615 1628 1647 1652 1689 1741 1758 1737 1740 1742 1696 1657 1626 1618 1608 1578 1567 1563 1550 1543 1551 1560 1565 1576 1593 1609 1630 1659 1691 1710 1700 1685 1694 1707 1701 1685 1672 1666 1659 1666 1680 1682 1678 1684 1703 1712 1708 1700 1683 1656 1634 1624 1622 1626 1634 1637 1633 1620 1603 1587 1573 1560 1557 1567 1570 1565 1550 1550 1573 1584 1569 1545 1532 1544
1679 1699 1740 1744 1709 1690 1690 1659 1601 1583 1601 1612 1622 1663 1708 1736 1724 1696 1710 1719 1678 1640 1612 1590 1586 1572 1557 1549 1541 1544 1558 1570 1571 1572 1593 1614 1631 1659 1687 1713 1716 1702 1706 1716 1708 1689 1674 1662 1642 1646 1660 1652 1649 1666 1687 1691 1686 1689 1687 1671 1654 1644 1644 1651 1656 1653 1640 1623 1609 1598 1584 1575 1583 1589 1584 1574 1557 1561 1584 1591 1578 1559 1549 1560
