data/dogrib/elevation.asc
ncols 357
nrows 223
xllcorner 457900
yllcorner 5716800
cellsize 100
NODATA_value  -9999
[rows 0 to 37 of 223, columns 168 to 251 of 357]
1534 1501 1506 1530 1533 1535 1566 1575 1571 1563 1535 1516 1500 1473 1464 1466 1465 1463 1463 1463 1462 1460 1454 1452 1466 1469 1462 1455 1447 1446 1446 1444 1451 1469 1488 1503 1512 1537 1555 1558 1561 1564 1565 1541 1518 1503 1498 1491 1478 1462 1464 1477 1459 1447 1443 1442 1436 1434 1430 1430 1429 1426 1421 1416 1415 1416 1409 1395 1390 1389 1392 1392 1391 1386 1384 1382 1380 1381 1384 1394 1407 1427 1423 1411
1506 1504 1544 1567 1547 1556 1601 1626 1617 1617 1602 1572 1546 1501 1477 1468 1467 1462 1459 1457 1452 1452 1462 1482 1506 1515 1504 1479 1459 1454 1452 1448 1443 1446 1461 1486 1510 1532 1557 1580 1571 1531 1522 1521 1512 1492 1485 1478 1469 1456 1460 1473 1456 1443 1437 1436 1427 1425 1430 1429 1427 1422 1417 1414 1407 1399 1394 1386 1392 1397 1399 1397 1394 1389 1389 1386 1384 1388 1403 1429 1452 1443 1427 1433
1502 1525 1558 1575 1563 1572 1616 1655 1668 1661 1649 1618 1580 1528 1486 1477 1489 1486 1485 1486 1487 1493 1504 1525 1549 1555 1541 1518 1500 1485 1468 1453 1445 1439 1445 1472 1496 1517 1538 1555 1556 1537 1510 1512 1508 1482 1472 1466 1464 1467 1456 1444 1442 1437 1435 1430 1425 1423 1423 1433 1426 1419 1419 1410 1393 1388 1392 1400 1403 1405 1403 1401 1401 1395 1391 1392 1393 1404 1434 1463 1459 1440 1437 1450
1519 1542 1562 1582 1581 1584 1615 1665 1695 1667 1620 1595 1565 1512 1484 1514 1540 1528 1527 1537 1543 1547 1552 1566 1584 1588 1571 1553 1544 1525 1490 1461 1450 1445 1440 1446 1473 1491 1505 1517 1528 1547 1547 1516 1492 1475 1472 1476 1496 1507 1481 1455 1447 1438 1433 1429 1431 1431 1422 1415 1418 1423 1409 1395 1399 1407 1408 1405 1415 1421 1414 1412 1413 1405 1400 1410 1416 1426 1440 1450 1457 1449 1451 1461
1555 1573 1589 1609 1603 1611 1647 1685 1685 1649 1623 1576 1531 1492 1504 1567 1601 1601 1585 1575 1567 1574 1575 1581 1605 1614 1608 1596 1587 1561 1516 1476 1457 1448 1441 1442 1445 1454 1473 1502 1511 1504 1512 1501 1483 1479 1486 1501 1501 1486 1467 1461 1454 1445 1435 1426 1429 1436 1424 1404 1401 1399 1396 1406 1417 1418 1416 1408 1414 1424 1425 1420 1413 1412 1432 1456 1465 1451 1451 1471 1469 1464 1469 1473
1585 1609 1620 1632 1636 1644 1680 1701 1661 1612 1596 1572 1522 1494 1521 1577 1632 1648 1633 1607 1570 1558 1572 1574 1592 1615 1626 1622 1605 1575 1537 1496 1465 1448 1442 1440 1436 1434 1444 1461 1480 1477 1460 1493 1504 1477 1480 1481 1472 1470 1472 1464 1451 1443 1428 1414 1427 1432 1412 1401 1403 1406 1411 1418 1417 1412 1412 1409 1404 1414 1423 1420 1422 1427 1454 1486 1492 1472 1472 1494 1485 1479 1485 1481
1584 1611 1642 1672 1684 1678 1673 1675 1656 1610 1562 1531 1508 1517 1553 1585 1628 1658 1661 1634 1585 1547 1555 1562 1566 1594 1615 1614 1599 1576 1544 1508 1473 1453 1444 1439 1439 1438 1435 1430 1431 1441 1458 1480 1479 1454 1443 1445 1427 1424 1450 1463 1439 1416 1413 1406 1405 1405 1399 1403 1415 1420 1419 1413 1409 1410 1413 1413 1415 1418 1418 1423 1440 1459 1472 1488 1497 1496 1500 1506 1501 1494 1491 1486
1572 1602 1641 1684 1698 1673 1640 1631 1624 1585 1538 1512 1524 1542 1581 1622 1629 1645 1670 1655 1604 1549 1536 1553 1551 1565 1592 1596 1588 1570 1540 1506 1479 1459 1446 1439 1438 1437 1436 1435 1432 1428 1427 1438 1430 1419 1432 1436 1434 1425 1418 1421 1417 1406 1407 1410 1409 1411 1408 1411 1417 1414 1413 1411 1423 1433 1431 1431 1433 1429 1422 1429 1454 1493 1519 1521 1520 1517 1515 1514 1511 1508 1502 1494
1564 1586 1618 1656 1666 1650 1629 1599 1579 1544 1521 1541 1562 1594 1619 1640 1654 1628 1631 1646 1613 1561 1527 1538 1540 1541 1566 1576 1570 1556 1531 1499 1472 1458 1449 1443 1439 1438 1437 1434 1432 1431 1428 1425 1426 1426 1449 1457 1455 1443 1422 1412 1412 1416 1416 1416 1421 1425 1421 1417 1414 1419 1431 1445 1474 1484 1469 1462 1451 1433 1425 1436 1451 1481 1530 1542 1533 1535 1534 1526 1520 1513 1507 1503
1571 1580 1604 1635 1637 1616 1602 1588 1558 1522 1541 1595 1609 1617 1641 1661 1674 1651 1612 1620 1609 1569 1527 1516 1527 1525 1539 1551 1548 1536 1516 1487 1464 1451 1450 1455 1453 1447 1447 1442 1436 1435 1432 1431 1435 1436 1460 1459 1447 1439 1434 1437 1432 1425 1420 1420 1425 1425 1419 1420 1429 1449 1481 1513 1520 1511 1500 1484 1459 1435 1428 1439 1458 1481 1516 1545 1552 1555 1555 1548 1538 1527 1519 1514
1590 1592 1612 1634 1621 1594 1578 1583 1567 1533 1553 1616 1653 1650 1642 1652 1673 1673 1641 1607 1577 1554 1525 1501 1502 1506 1511 1522 1524 1514 1497 1472 1455 1448 1468 1493 1485 1461 1458 1457 1453 1456 1455 1458 1450 1454 1464 1459 1453 1436 1428 1432 1430 1426 1426 1427 1426 1424 1424 1450 1483 1510 1544 1546 1514 1498 1494 1478 1455 1436 1433 1441 1456 1475 1503 1550 1574 1573 1573 1567 1558 1546 1532 1522
1617 1615 1623 1627 1604 1584 1573 1558 1559 1539 1553 1602 1636 1657 1662 1659 1645 1645 1652 1620 1580 1557 1536 1512 1494 1486 1486 1498 1495 1487 1479 1459 1452 1464 1500 1518 1497 1471 1474 1484 1484 1497 1486 1455 1447 1467 1481 1479 1465 1445 1434 1431 1432 1428 1431 1430 1432 1449 1472 1474 1522 1567 1573 1551 1526 1499 1478 1461 1446 1437 1442 1450 1457 1470 1491 1532 1586 1601 1584 1567 1558 1544 1533 1523
1653 1655 1646 1629 1603 1583 1570 1563 1550 1536 1563 1589 1604 1629 1653 1668 1654 1618 1618 1628 1614 1591 1558 1533 1516 1504 1491 1481 1479 1474 1462 1456 1472 1491 1523 1530 1505 1494 1505 1512 1512 1496 1465 1451 1468 1494 1513 1501 1484 1470 1457 1452 1445 1453 1452 1435 1436 1450 1478 1507 1555 1593 1594 1561 1539 1510 1481 1459 1445 1443 1459 1469 1468 1475 1490 1511 1572 1617 1602 1573 1555 1542 1524 1513
1694 1694 1669 1641 1620 1602 1582 1561 1548 1543 1564 1578 1586 1603 1632 1657 1663 1634 1598 1592 1597 1607 1585 1555 1541 1531 1509 1483 1476 1470 1461 1478 1505 1531 1558 1562 1549 1537 1528 1507 1484 1463 1452 1467 1497 1521 1534 1529 1515 1498 1486 1475 1470 1484 1466 1438 1442 1466 1487 1524 1567 1595 1604 1578 1533 1505 1485 1465 1445 1450 1476 1487 1484 1485 1497 1525 1575 1626 1615 1585 1563 1542 1528 1513
1697 1720 1688 1649 1620 1597 1577 1555 1545 1552 1568 1578 1588 1596 1610 1638 1656 1646 1610 1578 1567 1580 1590 1564 1540 1526 1508 1494 1484 1470 1468 1498 1536 1571 1596 1573 1544 1531 1511 1487 1466 1456 1466 1491 1523 1546 1558 1557 1540 1519 1502 1501 1514 1487 1457 1438 1452 1502 1521 1555 1575 1582 1588 1578 1547 1510 1483 1463 1446 1458 1481 1493 1499 1501 1509 1546 1599 1639 1624 1595 1571 1547 1532 1515
1669 1710 1698 1649 1604 1575 1562 1557 1556 1561 1581 1591 1591 1604 1621 1631 1639 1638 1616 1589 1568 1554 1567 1547 1523 1509 1498 1491 1489 1476 1468 1494 1541 1580 1584 1558 1528 1509 1496 1481 1462 1462 1476 1507 1537 1556 1563 1558 1545 1535 1538 1548 1515 1492 1471 1444 1457 1504 1537 1578 1588 1564 1554 1547 1537 1511 1482 1459 1460 1466 1484 1502 1520 1527 1527 1562 1621 1651 1634 1611 1591 1574 1552 1531
1666 1696 1696 1651 1598 1569 1559 1570 1569 1574 1584 1602 1606 1618 1640 1650 1631 1626 1622 1601 1579 1558 1541 1520 1507 1503 1492 1487 1484 1470 1491 1510 1536 1562 1563 1547 1519 1499 1490 1477 1462 1472 1487 1514 1531 1538 1548 1564 1578 1584 1594 1568 1534 1513 1478 1448 1460 1496 1525 1555 1585 1563 1535 1519 1509 1492 1473 1461 1475 1494 1496 1512 1534 1556 1557 1583 1645 1659 1642 1625 1609 1595 1574 1545
1645 1684 1689 1644 1596 1570 1567 1574 1579 1585 1589 1601 1622 1637 1657 1655 1635 1599 1613 1613 1582 1556 1525 1526 1536 1527 1504 1489 1480 1476 1515 1546 1544 1544 1542 1527 1514 1501 1488 1473 1468 1487 1502 1516 1529 1535 1561 1599 1639 1641 1606 1572 1557 1524 1493 1455 1461 1493 1516 1538 1574 1573 1539 1513 1500 1480 1468 1473 1477 1503 1508 1524 1545 1583 1603 1627 1671 1668 1646 1625 1599 1577 1568 1553
1633 1662 1670 1631 1591 1573 1575 1580 1588 1593 1600 1606 1612 1637 1647 1638 1624 1589 1579 1595 1569 1536 1535 1555 1561 1531 1509 1488 1482 1498 1527 1552 1538 1519 1518 1522 1515 1500 1482 1471 1486 1505 1531 1556 1574 1582 1589 1633 1658 1631 1599 1567 1547 1525 1504 1466 1462 1486 1514 1542 1575 1574 1544 1513 1496 1479 1476 1493 1488 1485 1504 1532 1559 1579 1618 1676 1690 1673 1649 1624 1590 1560 1540 1537
1626 1644 1645 1614 1584 1583 1599 1610 1612 1614 1615 1620 1622 1621 1617 1608 1591 1569 1561 1554 1543 1545 1564 1585 1569 1531 1508 1489 1491 1528 1557 1546 1537 1514 1506 1513 1496 1480 1482 1491 1489 1508 1533 1565 1596 1605 1621 1656 1631 1599 1577 1558 1541 1532 1513 1485 1460 1480 1518 1558 1595 1583 1542 1509 1495 1484 1497 1508 1506 1497 1508 1528 1548 1575 1642 1692 1687 1673 1651 1631 1603 1570 1543 1526
1623 1628 1622 1594 1599 1618 1649 1659 1648 1643 1642 1641 1641 1632 1617 1604 1591 1586 1579 1567 1576 1586 1579 1570 1556 1530 1507 1486 1501 1547 1575 1554 1542 1518 1508 1504 1492 1502 1505 1509 1502 1508 1525 1550 1574 1596 1622 1651 1619 1576 1553 1539 1534 1524 1500 1478 1463 1497 1543 1597 1619 1591 1547 1520 1506 1491 1506 1515 1521 1511 1517 1535 1554 1594 1659 1680 1673 1671 1654 1633 1603 1574 1546 1528
1622 1614 1603 1590 1631 1664 1701 1712 1698 1683 1677 1670 1662 1652 1641 1628 1613 1604 1594 1592 1605 1598 1584 1564 1545 1524 1501 1492 1524 1566 1572 1557 1536 1531 1532 1518 1495 1501 1517 1530 1529 1530 1531 1555 1569 1602 1632 1645 1623 1578 1545 1522 1513 1505 1480 1474 1484 1499 1553 1597 1622 1604 1576 1543 1513 1501 1509 1516 1528 1534 1530 1545 1561 1599 1652 1675 1661 1654 1649 1629 1601 1576 1552 1530
1623 1609 1599 1611 1641 1673 1699 1722 1746 1741 1712 1707 1686 1668 1655 1640 1631 1618 1606 1594 1588 1581 1572 1567 1546 1522 1494 1519 1570 1604 1596 1569 1557 1549 1543 1509 1510 1516 1522 1538 1553 1565 1553 1581 1604 1625 1667 1646 1627 1586 1550 1529 1508 1486 1481 1478 1507 1542 1565 1600 1635 1621 1586 1542 1513 1525 1529 1521 1531 1552 1550 1559 1575 1607 1656 1681 1651 1637 1634 1622 1599 1578 1558 1537
1624 1613 1607 1617 1640 1660 1683 1707 1735 1767 1781 1760 1721 1689 1669 1655 1645 1630 1609 1586 1569 1562 1553 1549 1536 1513 1505 1556 1587 1611 1611 1576 1557 1540 1533 1503 1510 1534 1531 1535 1556 1589 1602 1600 1632 1658 1673 1639 1619 1602 1568 1528 1502 1497 1499 1485 1512 1556 1583 1622 1659 1630 1580 1535 1518 1556 1548 1534 1545 1563 1575 1573 1580 1625 1661 1654 1637 1622 1615 1604 1590 1573 1556 1541
1629 1619 1613 1618 1638 1654 1672 1696 1726 1758 1786 1806 1752 1707 1680 1662 1640 1621 1595 1577 1562 1552 1540 1530 1521 1510 1516 1551 1565 1601 1595 1559 1546 1537 1519 1502 1518 1528 1546 1550 1560 1591 1623 1647 1665 1682 1661 1622 1603 1574 1539 1516 1514 1525 1522 1500 1505 1539 1575 1626 1658 1626 1592 1544 1537 1583 1570 1547 1555 1578 1598 1604 1628 1658 1638 1622 1619 1604 1599 1589 1573 1562 1550 1538
1659 1637 1626 1622 1635 1653 1672 1697 1728 1756 1780 1804 1782 1728 1689 1663 1637 1616 1602 1587 1571 1557 1545 1537 1523 1520 1519 1526 1548 1585 1573 1546 1535 1526 1512 1507 1525 1520 1532 1557 1573 1593 1618 1645 1666 1668 1652 1619 1589 1584 1546 1528 1553 1565 1547 1516 1504 1528 1574 1624 1643 1613 1584 1549 1558 1587 1585 1564 1571 1606 1638 1666 1683 1660 1617 1589 1590 1582 1579 1575 1563 1544 1520 1523
1704 1665 1641 1635 1633 1651 1671 1698 1729 1756 1777 1798 1808 1752 1701 1671 1649 1631 1617 1600 1580 1566 1557 1554 1535 1541 1536 1528 1554 1566 1554 1539 1529 1522 1516 1512 1515 1516 1524 1542 1561 1578 1597 1623 1644 1646 1637 1620 1581 1553 1539 1552 1588 1595 1571 1534 1511 1531 1575 1614 1637 1622 1581 1554 1574 1588 1595 1588 1604 1646 1693 1688 1654 1633 1612 1571 1557 1556 1555 1551 1550 1540 1520 1506
1748 1703 1664 1654 1641 1647 1668 1692 1722 1751 1764 1785 1819 1780 1719 1686 1662 1649 1633 1610 1586 1574 1574 1564 1541 1550 1558 1545 1557 1572 1563 1546 1534 1527 1528 1524 1522 1520 1525 1533 1545 1561 1577 1602 1630 1628 1615 1602 1583 1556 1542 1575 1607 1610 1586 1548 1520 1523 1560 1595 1625 1627 1592 1570 1589 1609 1625 1618 1640 1686 1703 1658 1629 1609 1592 1570 1541 1533 1530 1526 1523 1528 1524 1509
1773 1740 1695 1676 1662 1645 1660 1678 1706 1728 1732 1774 1808 1811 1740 1703 1677 1659 1635 1612 1590 1579 1573 1558 1539 1556 1566 1558 1553 1575 1576 1562 1547 1538 1544 1535 1534 1528 1528 1536 1539 1553 1564 1591 1624 1623 1598 1583 1572 1563 1564 1587 1614 1623 1596 1564 1539 1528 1544 1577 1610 1624 1608 1589 1601 1619 1644 1676 1699 1708 1684 1657 1641 1609 1589 1569 1550 1531 1516 1508 1504 1512 1539 1521
1788 1770 1729 1696 1673 1652 1645 1657 1680 1699 1726 1750 1784 1810 1776 1719 1690 1651 1629 1617 1605 1584 1567 1559 1551 1562 1567 1568 1561 1565 1576 1573 1561 1554 1562 1551 1539 1531 1530 1541 1548 1567 1575 1587 1599 1602 1605 1594 1579 1575 1577 1590 1609 1631 1621 1606 1578 1543 1541 1561 1590 1608 1613 1614 1622 1633 1659 1714 1718 1689 1668 1661 1667 1638 1613 1587 1568 1548 1528 1507 1497 1493 1511 1517
1793 1797 1772 1717 1678 1650 1634 1642 1658 1678 1709 1729 1758 1792 1797 1732 1685 1656 1639 1633 1623 1595 1577 1574 1570 1567 1573 1582 1571 1565 1580 1584 1576 1568 1576 1572 1557 1546 1533 1540 1561 1588 1605 1602 1589 1574 1577 1576 1581 1591 1601 1606 1609 1614 1617 1618 1597 1558 1544 1549 1570 1588 1604 1624 1645 1676 1711 1716 1688 1664 1648 1636 1626 1616 1601 1588 1578 1554 1534 1516 1503 1489 1484 1494
1779 1787 1795 1753 1690 1653 1632 1633 1647 1665 1681 1709 1737 1768 1789 1754 1704 1681 1664 1651 1634 1608 1594 1593 1584 1574 1577 1585 1574 1578 1603 1609 1596 1587 1595 1593 1578 1560 1541 1537 1565 1589 1598 1592 1585 1563 1557 1558 1565 1581 1594 1602 1601 1591 1597 1607 1600 1576 1557 1551 1569 1586 1601 1617 1649 1693 1736 1728 1688 1659 1628 1610 1595 1580 1570 1570 1580 1570 1552 1531 1513 1493 1477 1471
1754 1752 1774 1787 1716 1661 1630 1625 1634 1647 1666 1697 1720 1746 1779 1794 1741 1709 1686 1667 1646 1626 1619 1611 1593 1580 1579 1580 1577 1597 1629 1635 1620 1618 1620 1609 1587 1563 1540 1532 1554 1563 1557 1566 1575 1567 1563 1551 1549 1558 1568 1576 1578 1574 1587 1601 1606 1594 1570 1562 1578 1595 1609 1625 1656 1697 1739 1725 1685 1663 1633 1604 1587 1574 1563 1553 1549 1554 1561 1534 1508 1492 1478 1469
1730 1729 1751 1780 1745 1672 1629 1614 1622 1635 1652 1676 1702 1728 1760 1788 1774 1737 1705 1683 1664 1645 1637 1626 1600 1591 1589 1585 1586 1601 1635 1645 1642 1647 1646 1629 1601 1570 1541 1526 1532 1541 1540 1544 1549 1558 1564 1549 1539 1540 1547 1557 1567 1576 1592 1602 1607 1598 1575 1573 1588 1605 1623 1646 1678 1724 1751 1709 1670 1651 1638 1619 1595 1586 1573 1552 1538 1540 1559 1542 1510 1492 1477 1463
1708 1710 1736 1770 1758 1684 1634 1612 1614 1623 1641 1657 1681 1711 1741 1765 1778 1782 1742 1702 1681 1658 1642 1635 1608 1602 1609 1612 1595 1593 1621 1636 1647 1663 1671 1649 1618 1583 1548 1523 1521 1527 1529 1530 1535 1547 1549 1539 1533 1544 1558 1566 1579 1589 1595 1601 1598 1586 1579 1583 1596 1612 1631 1652 1689 1738 1735 1695 1667 1643 1615 1593 1579 1574 1563 1556 1552 1534 1536 1536 1513 1493 1477 1465
1698 1690 1724 1759 1758 1691 1644 1616 1609 1609 1623 1642 1667 1698 1717 1729 1753 1786 1774 1725 1703 1679 1652 1640 1625 1627 1624 1624 1616 1601 1604 1622 1639 1660 1676 1667 1635 1594 1558 1533 1519 1517 1519 1520 1529 1540 1532 1524 1526 1541 1558 1573 1581 1582 1589 1601 1607 1594 1572 1579 1598 1609 1620 1638 1670 1707 1724 1717 1679 1645 1611 1578 1560 1555 1557 1551 1547 1529 1520 1526 1516 1498 1478 1468
1694 1674 1703 1726 1730 1697 1642 1612 1598 1600 1611 1635 1664 1677 1686 1706 1744 1783 1794 1763 1726 1691 1661 1644 1624 1615 1609 1612 1623 1618 1614 1622 1635 1644 1659 1675 1648 1605 1574 1551 1531 1517 1512 1510 1519 1524 1525 1519 1522 1541 1551 1563 1572 1573 1588 1612 1619 1594 1560 1557 1573 1586 1596 1611 1633 1666 1723 1735 1673 1632 1611 1586 1562 1545 1548 1541 1519 1512 1511 1509 1506 1502 1493 1481
1677 1671 1676 1692 1717 1726 1650 1603 1591 1593 1602 1621 1640 1655 1688 1713 1740 1782 1807 1775 1717 1692 1675 1649 1615 1593 1585 1592 1602 1622 1632 1635 1644 1641 1636 1647 1646 1614 1585 1557 1533 1517 1508 1508 1513 1516 1518 1514 1519 1539 1549 1556 1558 1565 1590 1618 1613 1583 1556 1541 1547 1560 1575 1588 1610 1656 1714 1720 1666 1629 1619 1606 1582 1555 1527 1512 1505 1499 1498 1496 1489 1489 1494 1481
