data/dogrib/saz.asc
ncols        357
nrows        223
xllcorner    457900.000000000000
yllcorner    5716800.000000000000
cellsize     100.000000000000
NODATA_value -9999
[rows 138 to 183 of 223, columns 96 to 191 of 357]
61 65 63 -1 210 216 211 215 210 209 230 236 233 229 233 238 233 200 169 148 131 290 303 312 308 292 241 203 185 171 175 198 219 242 299 44 51 52 49 30 19 35 50 56 57 47 43 54 62 64 63 83 115 120 62 15 25 42 28 32 64 78 81 85 85 88 118 161 302 301 276 268 296 301 305 305 297 191 190 203 186 176 250 265 342 50 52 50 54 53 51 57 56 60 183 210
60 61 55 63 -1 -1 163 216 216 214 225 227 221 227 238 240 229 185 156 151 185 265 274 267 241 198 181 184 184 188 225 269 279 286 294 22 56 60 52 30 22 37 56 60 49 46 55 74 89 82 70 70 68 22 349 354 32 68 97 132 115 111 108 91 73 63 48 350 323 332 337 316 313 309 311 315 296 133 174 207 206 231 257 253 252 46 53 55 56 54 52 50 42 46 70 186
60 55 54 61 -1 -1 45 323 266 245 240 231 229 244 251 239 205 177 175 146 222 241 227 213 197 182 185 233 298 315 321 327 297 293 301 352 58 59 41 26 31 47 59 55 50 59 61 62 65 62 58 53 32 2 349 1 69 87 101 122 94 75 53 43 45 41 32 53 249 291 342 322 302 290 284 196 147 145 178 219 230 244 242 238 234 239 58 59 57 54 46 40 38 48 58 65
60 54 56 56 45 -1 -1 310 299 283 263 254 258 256 240 213 194 189 267 327 358 334 282 228 213 226 293 312 327 335 328 343 317 286 294 336 49 55 38 32 46 59 63 62 66 69 62 56 58 55 49 47 36 19 51 129 124 111 81 4 10 20 19 25 40 41 49 86 188 238 246 278 270 251 216 161 154 174 225 268 282 293 313 320 296 257 19 54 52 50 43 43 51 60 62 61
62 61 58 53 48 39 233 264 282 290 281 269 260 244 222 221 258 306 306 309 343 358 0 356 348 323 301 296 304 326 334 345 354 306 283 311 43 56 47 47 60 68 73 73 67 61 54 49 55 51 38 54 70 110 138 135 125 109 356 337 352 14 27 38 46 45 50 62 66 212 210 226 241 225 186 156 167 220 250 270 288 298 311 330 350 346 315 31 49 51 46 54 70 75 71 55
68 67 59 55 54 57 -1 252 270 278 281 270 253 234 240 269 280 283 278 270 280 326 353 1 4 353 310 268 259 275 309 332 1 353 299 294 40 60 60 70 80 77 70 61 56 57 53 63 81 93 108 100 101 111 105 74 40 11 341 332 348 64 70 60 46 42 44 39 42 58 205 236 235 185 171 159 196 239 247 258 267 268 268 277 323 19 341 331 49 54 53 64 71 67 58 22
67 61 54 57 62 71 97 252 261 262 261 253 240 237 252 263 265 262 255 252 250 256 289 339 2 8 356 327 292 274 279 299 348 7 328 307 29 62 64 71 79 71 53 53 71 89 102 102 102 115 135 126 124 138 140 65 8 7 344 3 114 135 99 69 45 52 54 33 47 58 56 257 239 163 169 177 215 232 243 264 273 261 250 248 244 106 8 299 35 59 63 67 64 53 42 12
54 51 51 57 65 73 80 244 242 242 233 220 215 223 244 255 255 249 246 248 246 245 249 263 318 0 1 352 341 319 294 268 219 196 272 282 17 62 65 69 66 42 51 76 91 95 106 112 107 109 118 115 116 137 164 182 192 177 177 169 158 180 85 57 54 69 66 69 87 82 81 263 249 141 173 192 214 230 244 251 248 245 251 254 253 276 346 308 350 65 69 66 57 42 47 71
47 52 54 56 62 67 65 251 234 232 217 202 204 215 237 251 253 248 245 246 246 244 244 244 249 283 335 347 346 337 298 193 181 193 214 231 237 71 74 74 62 35 62 81 83 73 72 79 84 88 97 99 94 97 125 167 187 179 175 177 182 204 201 135 115 104 98 105 111 103 109 226 236 153 176 180 210 235 244 243 237 247 262 267 268 285 332 338 325 69 73 68 54 51 71 84
56 58 55 55 61 65 63 50 243 220 201 191 196 213 242 253 254 252 250 250 250 252 252 244 235 231 237 254 219 163 167 164 174 205 226 232 227 130 76 70 63 59 75 76 71 73 73 68 65 66 72 80 82 82 83 92 154 165 168 177 194 208 202 173 154 149 141 132 123 98 95 193 220 193 178 178 210 231 246 259 269 273 267 263 262 264 261 148 212 71 67 58 49 63 74 56
81 64 56 57 62 63 60 55 49 203 194 182 190 222 248 255 256 257 257 256 256 256 249 237 232 235 238 218 165 159 167 164 182 225 233 229 227 219 71 66 66 72 81 79 74 69 67 69 70 69 69 70 72 78 73 58 61 91 123 159 199 209 200 175 158 158 157 149 140 102 73 73 228 219 190 189 208 223 237 247 251 250 247 245 238 221 190 171 202 238 50 49 55 70 70 48
143 84 64 62 63 62 61 63 72 150 225 -1 140 230 244 251 256 259 258 255 250 245 237 237 248 258 248 191 153 157 173 175 209 242 241 242 251 264 29 67 68 72 82 84 76 63 65 70 66 57 59 70 81 83 78 75 80 79 64 55 118 190 192 175 152 150 161 153 142 149 123 98 174 219 210 198 197 212 223 228 227 222 225 227 211 192 182 184 222 245 111 87 88 89 88 97
174 145 89 68 64 62 64 68 75 110 233 -1 73 246 252 252 249 247 250 254 252 249 252 258 255 246 212 165 153 163 200 257 287 279 283 293 292 291 356 68 69 69 72 72 63 61 72 73 63 62 75 82 83 80 82 91 92 75 47 47 64 92 164 170 144 138 159 151 137 148 154 135 146 235 237 190 188 204 214 225 226 225 225 213 191 185 193 222 259 268 121 104 103 97 90 86
177 172 148 83 70 66 65 65 65 66 251 225 101 -1 260 255 254 260 268 277 280 273 269 260 240 223 183 159 167 239 303 320 330 316 298 300 300 298 4 72 71 65 63 57 54 62 68 67 72 88 95 88 74 70 77 81 73 51 40 45 46 41 48 93 123 127 147 133 111 96 70 65 36 299 286 146 185 211 223 233 234 240 239 206 189 221 274 292 286 276 50 78 82 83 77 65
175 178 186 124 82 72 67 63 62 66 -1 232 118 170 243 254 267 277 282 286 287 281 277 255 212 196 172 169 264 299 309 316 332 335 308 279 258 251 220 78 75 72 66 57 56 61 64 74 88 93 88 76 67 66 69 66 55 51 52 55 56 53 66 79 80 70 59 48 33 18 12 27 42 234 194 153 192 237 257 259 248 250 246 215 251 287 300 305 287 251 209 80 76 78 79 79
177 177 189 169 113 81 69 66 66 69 57 251 95 105 225 252 262 267 268 267 280 293 294 179 172 180 197 287 304 307 312 315 326 353 315 207 212 220 216 99 68 62 60 61 65 69 75 82 83 78 69 61 60 63 64 59 56 60 55 62 69 65 71 71 53 40 43 36 23 27 34 49 53 72 156 182 210 240 248 237 239 251 255 279 306 297 285 260 214 225 223 99 86 85 86 93
178 174 180 174 155 106 80 75 74 73 65 -1 -1 78 153 252 255 255 252 248 264 277 218 137 162 219 285 296 298 299 304 309 319 91 132 177 208 224 229 227 60 58 61 68 74 76 75 72 68 63 58 56 60 62 64 69 70 50 31 48 62 66 67 68 70 82 86 98 139 152 149 144 81 75 98 186 217 222 229 244 282 289 284 284 287 275 232 202 199 226 232 118 94 93 92 90
177 177 174 168 173 149 92 80 76 73 72 96 -1 90 86 255 250 243 235 235 249 247 151 125 180 266 275 270 264 264 266 261 190 125 125 167 223 244 250 245 105 69 69 69 67 62 57 56 56 57 58 62 60 45 47 62 75 45 18 47 66 86 95 86 93 115 114 104 105 105 91 102 132 110 102 149 227 237 259 281 295 294 276 245 232 213 200 203 214 234 234 133 105 100 99 94
181 183 173 161 180 185 107 83 75 72 74 81 -1 104 74 266 251 238 229 233 245 239 149 123 211 254 257 253 245 242 240 228 168 126 126 168 235 248 238 223 221 78 66 65 66 66 69 70 68 65 61 60 53 33 46 63 66 48 -1 77 78 85 108 99 94 95 91 75 49 28 38 46 65 76 81 98 249 270 275 256 242 233 214 213 214 206 211 221 222 237 225 135 117 114 115 114
184 186 177 162 184 201 135 89 77 74 75 75 -1 -1 108 251 251 243 234 239 246 238 147 129 224 254 255 251 245 241 239 228 167 117 120 172 230 233 223 226 244 270 69 67 68 71 77 83 82 72 62 61 59 65 86 82 69 58 108 127 105 97 105 98 86 78 55 12 6 13 30 50 66 70 74 79 255 260 243 212 222 226 208 205 214 218 229 231 215 230 205 132 124 129 130 125
183 185 182 172 186 202 171 96 81 78 77 73 -1 -1 -1 230 248 251 245 245 246 237 143 127 244 256 249 245 243 243 240 230 178 113 106 156 225 229 235 247 251 243 79 70 68 66 62 60 59 58 58 62 68 87 102 94 80 75 93 118 114 100 93 80 73 70 45 318 342 18 42 63 83 92 80 65 3 241 230 209 230 230 213 215 240 250 246 225 203 227 201 113 106 111 109 106
183 178 179 180 186 200 196 120 85 81 80 72 42 354 11 59 245 242 237 243 246 236 153 131 255 256 248 245 242 240 241 228 181 129 109 133 235 246 249 247 240 238 79 63 63 65 62 57 57 57 56 64 76 84 88 88 90 95 99 103 103 91 62 49 61 63 53 278 289 35 64 74 80 79 68 55 55 260 251 228 223 229 237 272 291 286 260 203 204 240 266 53 54 46 51 64
202 192 152 168 181 192 202 175 94 82 80 74 48 20 29 61 213 232 234 240 244 234 175 169 261 262 256 250 242 239 242 217 169 152 134 149 243 255 254 250 243 246 254 62 63 64 63 66 71 70 73 83 88 89 90 93 95 98 101 104 110 102 45 60 79 86 99 237 245 155 79 76 73 62 65 86 95 237 250 229 227 248 261 280 307 323 174 172 229 256 272 3 46 49 51 55
206 206 171 142 162 186 196 192 136 94 82 74 53 41 63 84 90 235 240 237 242 231 193 222 266 271 259 248 242 241 239 193 153 159 161 192 255 255 251 251 253 257 259 54 65 63 65 71 75 76 81 89 93 92 93 95 91 87 90 96 102 126 164 111 110 116 128 209 237 218 88 66 50 45 70 90 107 164 207 220 219 235 253 260 271 62 122 180 249 264 269 282 83 90 95 84
52 184 181 161 158 180 185 188 169 123 93 81 72 68 66 60 56 -1 240 242 244 228 210 249 266 263 246 242 240 240 233 172 139 156 204 270 292 293 287 279 276 266 239 201 91 69 70 75 80 84 88 91 91 86 86 88 89 88 89 87 85 99 156 123 110 112 123 186 225 227 156 65 58 76 87 80 74 97 197 226 219 215 238 248 240 161 135 196 246 266 271 246 111 115 132 141
40 38 33 32 35 30 9 270 139 114 89 77 73 85 86 86 90 90 264 261 248 227 231 250 245 234 227 236 240 240 220 157 137 169 263 273 278 289 300 301 282 217 198 200 182 106 77 76 80 83 79 77 81 88 89 87 90 96 95 88 90 100 131 115 103 102 99 135 209 219 223 103 97 106 105 93 73 68 74 237 228 213 231 242 231 175 158 225 266 274 267 173 107 111 130 150
41 31 14 3 8 12 6 9 24 39 56 64 67 78 105 117 127 94 273 264 248 229 230 228 224 223 222 231 237 230 186 155 163 278 302 300 284 273 275 275 193 169 188 205 198 179 100 79 82 92 93 79 79 90 98 98 89 82 85 99 113 126 147 115 101 90 29 20 52 201 217 182 125 100 95 95 87 70 45 343 212 207 225 232 216 191 228 292 281 258 250 158 99 99 110 137
57 41 16 11 13 10 10 19 29 34 46 57 57 55 62 76 105 -1 258 252 241 221 213 214 223 227 225 230 225 200 169 163 272 296 311 329 331 311 288 222 149 160 195 207 196 204 172 88 84 100 137 134 89 82 94 109 114 104 107 117 118 117 142 126 109 18 334 6 44 57 185 179 170 127 98 90 92 81 37 39 87 207 226 231 227 236 269 282 233 232 239 186 88 82 85 102
60 31 12 15 7 358 0 11 23 34 49 55 52 49 46 65 93 -1 247 242 226 194 190 210 230 231 226 227 208 187 195 295 303 286 273 284 311 314 310 126 135 158 198 203 197 220 226 93 86 92 121 170 152 95 92 109 130 135 121 114 114 112 131 131 115 300 306 0 50 49 53 97 160 161 140 105 99 112 153 90 69 92 244 254 262 259 248 248 306 273 242 216 90 80 80 90
40 17 7 5 355 347 347 0 20 35 47 50 52 51 51 67 75 -1 -1 229 208 174 180 209 228 229 226 219 203 220 276 282 250 223 225 221 218 222 201 112 106 135 194 207 214 241 257 83 86 85 90 145 197 129 100 106 119 142 135 110 125 140 140 135 -1 294 287 0 78 70 56 56 58 86 139 130 110 115 146 206 102 102 260 259 246 241 257 274 312 34 222 219 130 102 99 103
20 12 2 354 345 340 333 339 9 32 39 40 45 49 56 68 72 -1 -1 210 189 153 172 210 226 229 224 209 211 238 242 206 190 201 213 214 211 212 217 132 92 102 171 229 250 262 264 68 77 77 87 113 198 172 129 118 115 145 170 141 129 126 90 0 329 276 223 174 136 119 113 100 78 71 90 125 121 106 114 203 118 120 255 256 253 268 280 270 244 119 143 216 138 108 104 106
7 7 2 352 342 338 322 318 343 23 35 39 40 37 44 56 64 93 184 185 165 -1 -1 -1 234 236 226 208 214 217 204 189 190 205 213 217 220 229 238 172 117 120 165 258 273 266 252 216 83 83 90 103 167 182 167 148 123 146 190 175 63 27 8 341 5 144 172 173 165 150 134 127 133 129 107 99 107 104 102 150 122 133 261 270 283 278 263 232 219 169 112 183 150 86 74 82
3 5 4 358 349 342 323 313 317 3 34 46 36 23 37 46 45 45 71 183 192 -1 -1 -1 225 246 238 212 200 195 193 198 204 205 214 223 229 235 231 178 127 119 181 252 242 222 230 222 99 81 75 70 85 156 183 177 140 147 219 258 1 61 122 187 151 137 150 168 176 170 151 124 111 118 117 104 106 119 128 129 127 217 279 277 277 260 230 223 220 210 135 127 172 138 90 78
356 4 4 358 352 344 330 322 321 339 31 53 32 6 31 42 40 41 41 21 24 -1 -1 -1 -1 247 234 199 177 171 189 214 212 207 222 229 226 218 206 185 156 113 169 233 213 212 228 227 146 83 80 76 75 90 162 193 157 144 217 225 185 150 164 174 164 145 143 157 175 184 180 137 90 77 88 107 122 131 141 113 105 297 300 289 289 303 219 217 206 204 173 127 168 198 66 65
335 4 358 341 339 334 329 330 335 349 30 63 34 338 23 44 45 45 46 32 43 68 -1 144 -1 233 216 190 169 148 177 229 218 212 221 219 210 201 196 194 190 140 151 220 214 226 233 235 213 99 98 112 113 97 103 190 172 143 203 218 193 151 162 174 171 156 145 152 169 188 193 178 156 129 103 97 107 126 153 100 9 294 310 309 295 319 39 178 201 210 201 108 347 316 16 56
288 -1 317 311 316 318 321 329 342 10 51 75 22 310 7 49 51 50 52 39 44 63 153 176 225 194 210 190 165 165 160 217 212 207 213 211 204 198 198 203 201 170 151 210 230 239 243 249 224 107 98 109 131 126 114 152 173 147 190 223 211 146 145 167 174 167 153 156 168 183 189 180 174 169 156 131 102 98 144 126 226 268 284 301 263 230 113 76 157 240 253 18 117 246 285 60
239 285 307 313 312 307 308 317 341 34 69 70 345 307 340 47 52 51 45 30 36 47 38 10 -1 -1 167 175 164 192 153 172 203 200 207 210 206 202 199 203 204 191 167 207 241 243 241 236 197 131 109 107 123 132 128 139 163 149 176 217 212 169 141 151 167 171 162 163 171 177 181 173 172 173 169 168 147 103 119 145 204 250 250 217 197 218 206 113 99 236 223 182 158 218 233 86
225 277 289 299 302 293 286 287 314 50 69 52 326 313 333 34 52 52 38 25 36 40 30 19 16 13 24 34 26 -1 -1 -1 -1 -1 204 209 207 204 201 205 207 198 181 215 239 231 223 216 188 148 128 124 133 135 135 137 151 143 155 204 212 193 152 140 148 160 162 167 176 179 173 162 164 165 164 178 182 147 107 107 220 250 240 203 204 226 230 147 104 181 194 175 171 204 219 217
261 265 264 267 271 270 266 266 279 42 63 45 311 309 331 24 51 48 24 19 36 38 32 29 26 12 7 14 14 29 66 186 -1 0 18 -1 207 213 211 212 213 206 197 229 235 222 216 206 185 155 143 149 147 143 144 141 144 137 133 174 210 206 176 146 117 115 137 165 186 187 158 136 133 131 125 143 177 166 117 69 8 248 237 220 236 246 241 200 104 126 174 166 180 196 218 233
257 250 251 251 251 254 257 261 269 356 59 51 300 289 312 12 42 36 12 12 34 38 33 32 33 16 4 14 17 34 43 24 -1 -1 -1 71 18 266 225 225 225 218 215 228 220 210 206 193 179 159 154 171 160 150 156 154 151 143 133 138 190 206 197 187 157 117 122 183 254 -1 57 34 23 17 10 19 24 51 100 88 90 226 239 239 244 243 238 228 55 33 19 9 358 39 213 228
237 254 259 255 253 253 256 260 265 291 52 51 319 276 281 335 30 31 10 1 28 37 31 32 36 25 15 18 20 34 35 22 24 42 -1 -1 329 1 22 230 231 228 215 210 202 200 198 189 179 163 164 185 174 163 167 166 161 152 143 137 152 194 200 196 187 154 136 192 222 217 -1 336 345 0 5 14 26 51 80 137 89 -1 241 229 220 225 230 246 310 359 7 0 3 31 57 202
264 270 263 256 255 256 258 260 262 272 20 43 12 278 267 291 2 28 12 344 18 38 38 43 48 43 30 22 19 30 35 27 29 27 7 349 336 0 41 45 240 227 199 188 193 204 200 191 185 173 176 191 183 174 174 172 168 156 146 144 144 165 187 194 195 180 156 178 201 198 188 199 227 272 351 18 45 69 79 102 154 77 208 221 220 222 221 229 243 247 320 336 4 32 41 45
275 264 258 258 258 258 257 259 261 268 308 34 33 325 272 276 317 16 11 346 8 47 56 64 69 57 28 24 20 26 34 29 28 24 10 353 350 16 45 47 -1 209 192 181 198 233 223 189 188 183 189 196 192 183 180 176 173 159 147 146 149 152 161 182 196 193 174 167 189 193 188 193 207 219 223 155 80 80 77 87 153 171 160 228 228 215 220 222 219 203 207 219 196 89 38 36
235 253 256 259 259 255 253 257 262 267 278 7 34 15 288 266 274 336 5 10 61 98 95 88 66 26 22 34 24 21 29 26 26 27 12 355 8 26 30 37 34 32 196 181 208 245 239 175 184 198 200 196 196 191 185 180 175 160 149 149 151 149 144 159 188 194 185 175 180 186 187 192 202 211 210 200 154 100 92 98 117 160 180 227 225 215 220 215 208 202 208 206 192 195 197 52
233 248 252 258 258 255 254 257 260 263 270 307 17 21 342 280 270 285 346 63 98 110 98 69 24 16 40 47 22 15 23 21 24 28 13 356 12 23 22 26 21 21 24 43 190 240 237 225 -1 -1 192 187 198 200 187 183 171 154 149 150 152 151 159 155 150 168 180 190 201 202 180 178 192 206 210 205 189 153 113 99 100 112 186 227 231 219 212 207 201 201 204 199 192 201 206 198
240 247 254 260 261 259 257 257 258 260 264 279 334 7 358 319 292 284 315 73 75 58 39 25 22 47 60 42 19 16 19 16 19 23 18 11 19 23 19 23 22 23 30 39 42 247 225 213 219 270 52 125 210 235 198 165 145 141 148 154 147 147 178 189 150 144 165 199 217 210 177 164 170 191 205 207 199 182 144 110 103 117 164 235 235 204 198 200 196 198 201 199 197 200 201 199
