data/dogrib/saz.asc
ncols        357
nrows        223
xllcorner    457900.000000000000
yllcorner    5716800.000000000000
cellsize     100.000000000000
NODATA_value -9999
[rows 138 to 183 of 223, columns 192 to 287 of 357]
215 215 209 208 206 208 204 212 210 204 206 184 184 195 195 187 122 52 30 12 354 10 38 21 8 27 52 93 83 56 51 51 190 202 159 167 254 234 235 282 322 327 331 326 321 321 325 328 328 336 5 356 12 29 344 344 359 307 269 247 218 176 193 233 189 168 190 239 135 107 167 238 236 238 241 237 206 96 90 88 83 75 70 72 72 69 67 70 99 169 175 152 112 108 234 235
207 210 208 209 211 211 206 209 200 205 205 169 183 200 196 184 182 187 113 13 350 16 25 12 19 50 77 108 136 146 118 84 89 184 259 322 336 353 355 356 348 336 332 323 314 309 291 217 207 241 302 341 40 58 12 308 340 350 240 225 197 177 234 222 149 172 236 251 132 114 158 234 236 238 240 237 222 113 109 118 106 100 100 99 93 82 74 66 62 75 130 153 137 124 219 245
188 205 213 215 215 209 205 205 199 206 196 163 182 218 209 173 178 201 196 197 206 174 45 16 34 54 70 90 114 144 151 126 112 278 295 301 309 340 5 347 330 342 351 297 265 227 192 199 244 276 295 337 37 51 36 298 307 59 138 211 189 197 238 174 141 216 262 219 131 123 160 232 239 239 237 234 211 130 126 144 135 129 130 135 138 127 104 84 69 60 56 70 91 97 218 255
79 202 209 208 209 204 203 202 201 201 193 176 190 211 197 174 176 206 208 211 195 182 192 190 156 75 72 81 98 128 149 133 127 272 274 251 218 197 183 260 295 333 19 4 246 230 279 313 308 289 266 257 19 41 39 313 299 60 85 180 200 243 245 142 144 248 246 169 128 125 169 246 255 250 241 235 200 126 117 125 120 122 128 139 152 157 154 146 129 100 79 65 58 68 112 245
32 25 109 193 209 199 199 196 197 195 194 187 189 196 188 181 188 198 200 201 187 184 196 191 196 150 86 84 93 118 140 138 176 271 261 239 218 224 240 259 253 242 33 20 353 320 309 313 299 240 201 213 240 43 52 331 292 49 72 97 218 252 222 123 160 233 211 166 127 122 213 266 258 244 243 243 208 105 93 92 99 104 108 116 132 147 156 166 171 163 142 125 123 119 135 240
15 43 81 167 204 194 192 188 193 194 195 192 188 193 188 183 191 194 193 193 188 191 192 188 207 199 103 84 86 109 128 142 274 283 275 281 302 305 313 282 233 220 213 235 339 325 254 223 198 189 174 215 231 193 106 -1 259 66 68 73 167 231 196 128 180 220 190 178 126 123 236 246 235 241 246 242 226 99 91 100 98 93 92 94 103 116 127 150 172 179 169 151 143 144 195 284
45 85 93 122 195 194 185 185 192 196 199 194 188 190 187 183 189 195 191 187 190 192 192 194 204 203 154 86 79 88 109 243 282 284 281 286 302 304 303 332 288 252 244 233 211 174 196 209 196 181 166 207 219 199 185 205 221 214 72 69 84 214 200 143 206 186 168 194 124 126 223 235 246 252 231 221 223 132 88 93 94 88 83 79 78 79 77 78 108 161 170 159 147 164 288 303
115 107 78 23 25 111 177 193 191 196 196 187 184 186 185 184 186 189 189 186 187 191 197 200 201 203 194 118 83 78 88 239 260 267 277 283 293 310 319 336 345 300 291 277 185 174 199 210 197 177 166 198 213 208 221 239 165 212 232 66 66 97 188 166 196 166 166 208 128 123 238 263 262 229 204 218 234 217 86 88 95 94 91 84 74 63 57 55 60 79 124 146 152 279 293 297
87 66 9 358 20 33 40 132 181 197 199 182 175 180 181 179 181 187 194 192 183 187 198 203 202 201 197 167 107 85 83 199 257 280 302 313 314 317 335 354 358 301 277 261 115 161 207 199 195 181 172 221 242 250 260 257 123 188 225 97 60 61 101 160 180 165 181 216 139 120 260 263 225 199 217 246 251 236 101 91 101 109 114 125 126 98 77 74 76 79 91 123 254 287 288 288
35 23 2 354 22 28 32 40 53 184 204 191 172 171 175 172 180 194 196 191 182 185 194 200 200 189 182 175 145 111 96 324 307 309 313 328 342 342 343 2 12 346 266 184 129 144 199 200 194 200 260 308 307 296 278 232 160 143 205 214 76 62 63 59 52 87 171 210 164 151 261 236 194 224 261 265 252 225 148 106 110 120 121 133 160 164 134 127 127 120 119 145 275 287 284 280
45 52 79 144 171 154 45 42 41 51 155 187 182 179 176 181 197 192 180 181 180 182 191 196 193 182 169 167 158 132 132 294 310 315 310 317 340 352 353 8 20 17 36 125 137 142 200 222 193 250 287 320 335 301 287 176 182 142 168 222 220 71 56 29 7 28 53 153 184 231 250 205 219 253 253 249 238 205 172 122 115 127 126 124 153 173 159 148 146 142 139 243 281 280 274 264
115 126 133 144 174 196 178 111 77 63 61 102 178 180 178 192 207 185 165 168 173 181 191 189 183 177 162 158 148 127 190 264 271 277 273 268 279 319 343 11 30 41 69 93 109 110 196 218 221 283 295 318 351 329 345 75 142 156 151 220 231 153 46 32 18 47 70 87 199 234 213 207 239 238 244 253 226 180 179 134 118 129 139 130 129 156 164 153 145 149 190 270 263 253 247 245
88 92 95 96 115 198 176 155 130 84 48 28 20 37 108 184 200 190 179 164 165 183 190 183 175 169 157 153 136 113 216 250 245 238 237 233 226 230 240 303 53 70 92 108 125 127 155 207 243 266 267 270 320 353 9 52 58 87 127 206 222 222 251 60 75 90 75 69 83 217 209 218 234 255 271 262 175 168 187 140 117 121 137 149 131 128 152 149 141 183 286 299 269 249 252 259
63 64 67 72 26 346 38 68 38 20 21 14 2 12 30 42 145 193 185 173 173 182 186 184 175 165 150 147 133 108 183 248 246 242 239 232 233 233 215 211 162 79 86 105 136 155 163 227 248 240 230 227 218 166 174 200 30 39 53 111 209 222 220 128 89 80 71 71 74 174 216 225 254 271 263 208 156 173 203 141 110 115 128 149 148 134 140 148 162 305 315 336 352 295 263 259
84 88 88 86 338 308 15 28 2 357 13 3 339 6 40 39 16 6 15 45 137 174 182 183 183 174 147 140 142 128 159 257 257 251 241 239 243 230 209 227 232 90 86 94 118 158 217 270 269 251 236 229 218 176 165 203 223 57 59 68 144 220 218 192 110 68 73 67 56 57 190 231 246 236 214 177 154 190 229 140 103 107 120 138 148 143 146 192 305 318 327 346 7 1 302 264
104 102 82 61 12 275 322 28 8 356 15 5 319 48 77 34 2 6 14 24 39 72 165 187 195 187 150 141 146 150 194 261 261 253 248 245 235 219 224 243 224 134 108 105 116 167 238 255 279 293 276 228 223 202 144 193 217 201 106 74 73 197 217 214 221 31 48 40 39 52 66 218 218 211 205 171 157 227 249 143 100 98 107 126 142 142 156 284 299 311 325 347 8 14 0 322
92 88 33 33 30 290 260 59 10 349 15 21 12 114 81 350 347 16 38 51 56 56 56 142 198 186 154 148 142 141 235 272 273 257 250 251 235 221 233 237 196 142 126 117 121 186 232 240 248 255 228 181 216 221 160 146 213 208 169 127 84 84 202 225 238 244 79 73 52 59 59 72 198 212 210 173 184 249 239 166 111 107 114 128 147 170 317 309 290 289 307 339 8 15 7 344
93 90 324 11 34 15 254 227 283 310 13 54 85 88 356 325 340 74 82 72 59 55 53 59 135 170 154 158 141 117 267 274 283 293 277 258 223 211 224 230 187 125 124 123 134 220 281 296 281 236 186 156 205 228 211 124 182 198 175 173 167 104 135 233 244 218 137 140 172 70 62 56 58 213 206 195 229 228 208 183 125 116 125 137 189 305 322 335 312 280 279 303 356 7 4 349
109 126 251 303 23 38 58 214 249 287 352 66 82 70 297 295 135 80 45 30 41 62 75 85 111 150 150 170 151 146 260 269 276 296 300 247 203 203 221 228 192 127 120 126 348 327 315 317 347 19 145 154 203 230 227 143 131 183 171 179 206 141 120 247 256 199 144 159 232 63 65 53 41 50 171 213 215 189 197 193 137 121 126 149 307 309 315 340 349 308 280 284 321 341 351 350
119 135 218 231 245 49 59 104 242 273 349 60 82 82 273 -1 130 161 148 115 107 102 100 103 116 149 146 169 147 149 249 267 272 270 229 175 192 206 218 224 193 138 125 302 325 343 341 329 356 44 62 80 208 229 226 194 116 150 172 173 214 179 124 239 231 174 158 212 270 342 52 40 34 41 43 -1 194 178 196 193 153 130 132 299 310 313 311 328 355 347 317 304 305 316 333 346
103 106 179 208 207 180 108 104 226 249 282 71 90 136 250 324 88 136 166 150 136 125 116 107 103 130 144 161 147 138 261 275 278 254 177 169 203 209 213 221 193 136 112 300 306 329 347 355 20 51 49 52 62 206 212 207 149 137 174 171 205 205 144 205 207 185 207 267 263 253 21 33 43 49 43 31 27 57 181 186 157 142 259 287 287 293 301 316 352 8 352 315 262 263 277 308
62 45 48 138 196 188 162 139 207 235 221 129 96 122 225 236 67 76 116 130 116 102 100 101 102 120 143 156 151 144 272 279 279 202 160 257 321 42 191 215 195 156 293 285 276 275 303 3 39 53 59 65 62 69 200 205 175 147 168 174 194 215 187 166 207 233 266 262 212 212 211 132 97 87 71 36 14 17 20 28 64 87 275 275 272 274 286 306 1 51 82 165 229 250 253 236
43 8 18 37 48 126 143 140 195 222 208 183 124 106 214 241 -1 68 73 60 43 59 75 93 108 122 139 143 138 165 274 275 262 147 180 275 304 67 102 206 207 219 251 259 256 241 224 215 57 51 53 59 56 40 26 70 164 158 163 173 192 209 212 193 226 260 260 197 185 207 192 168 143 115 102 121 298 358 20 33 52 63 261 266 279 288 287 291 99 119 137 181 260 274 274 259
68 332 359 40 38 25 37 56 119 200 198 193 174 124 179 232 220 93 54 28 46 80 90 96 101 113 144 155 132 249 273 268 218 143 242 266 223 123 98 156 225 224 226 239 238 218 209 220 234 42 50 55 58 47 38 51 55 70 111 155 190 202 223 213 221 267 265 144 183 218 166 158 162 145 113 127 211 225 150 91 93 101 257 266 270 273 272 235 132 135 153 263 290 292 287 -1
141 261 305 47 53 56 74 78 82 130 171 185 188 164 161 227 245 276 37 40 69 83 84 78 67 80 114 160 145 256 267 259 181 146 245 239 184 176 83 91 208 210 216 228 223 210 217 236 241 247 53 56 58 62 81 74 29 29 49 74 164 205 230 222 239 261 253 118 179 234 133 115 144 158 140 102 159 210 185 131 118 122 278 281 280 274 254 177 144 156 255 297 303 305 307 69
184 257 270 66 78 90 107 106 97 97 111 136 180 178 163 255 263 234 167 75 68 70 66 55 45 51 61 94 158 245 262 256 162 144 229 218 221 292 38 86 167 202 212 221 219 231 248 245 236 230 188 59 58 61 68 50 352 39 58 58 62 225 248 247 243 241 213 148 188 238 153 102 109 134 166 150 96 167 177 131 118 213 288 294 298 287 205 166 167 249 302 315 317 322 341 60
219 248 247 128 78 71 70 74 77 75 76 70 71 118 161 252 236 189 195 196 93 73 61 56 59 60 73 91 156 241 258 253 158 136 226 243 272 293 41 78 111 195 211 221 225 236 236 229 230 225 221 107 60 57 54 39 4 98 85 75 78 135 252 246 217 221 199 174 222 257 164 99 110 124 159 192 131 104 140 130 122 276 289 292 284 181 166 186 274 303 313 325 331 343 11 54
212 230 227 207 83 61 60 59 52 49 49 52 74 103 145 229 213 181 200 209 161 80 73 81 92 113 107 102 140 240 256 247 169 146 268 287 275 263 78 80 89 175 207 219 225 226 223 223 223 221 221 213 93 57 52 54 91 127 117 101 87 95 235 216 188 219 210 218 262 285 354 64 88 111 138 182 198 104 105 121 141 284 288 284 196 154 194 285 299 297 295 302 316 345 30 59
160 217 218 218 209 73 73 76 66 58 59 65 75 81 102 195 203 181 194 220 218 119 102 107 115 125 115 102 104 231 249 236 179 182 267 277 244 227 199 91 82 117 196 216 224 224 224 225 222 225 220 214 219 63 58 65 83 107 118 72 46 57 180 210 204 265 293 305 291 289 344 62 71 81 101 147 218 130 102 105 279 285 284 261 140 163 260 273 269 263 257 253 258 277 70 80
124 202 217 227 229 133 90 99 135 132 121 101 61 51 63 99 180 178 200 232 211 161 126 118 122 120 109 100 90 186 245 235 181 206 247 229 187 204 216 127 80 85 172 220 234 232 225 227 232 234 208 213 230 220 74 73 80 90 109 172 54 58 64 198 243 272 289 309 305 281 288 76 74 78 89 112 197 148 115 109 282 278 265 171 134 224 264 261 256 250 249 247 244 233 124 103
126 174 214 235 235 183 111 112 147 157 158 177 161 55 53 57 81 151 206 202 185 166 132 105 96 100 92 93 113 135 230 225 184 208 229 209 183 201 225 208 92 82 113 227 236 229 230 236 236 225 193 209 227 225 160 77 76 83 103 163 198 111 84 100 259 272 277 273 262 249 212 107 78 68 63 71 125 139 125 150 276 266 229 161 154 280 292 289 260 239 242 242 240 232 137 112
101 148 208 233 231 181 122 113 132 145 157 193 215 192 50 50 62 88 170 177 179 160 79 62 66 73 70 77 105 140 204 211 194 209 222 207 195 219 228 211 145 94 92 260 273 279 280 264 228 219 207 209 222 225 217 96 78 82 95 123 189 175 122 123 265 278 283 230 215 218 200 164 99 63 52 57 73 98 110 232 263 243 199 182 282 298 300 251 202 226 240 239 233 229 147 112
72 85 176 222 228 184 113 108 115 113 132 241 268 228 143 120 104 101 122 162 205 228 352 41 55 45 46 64 49 52 122 203 214 225 219 206 210 228 214 199 183 122 114 272 301 321 345 40 202 220 227 213 212 223 219 185 87 83 92 111 155 180 152 171 274 276 270 142 196 212 197 193 168 101 81 68 65 75 91 234 248 227 225 286 293 283 218 165 208 249 249 238 228 227 167 107
76 93 121 211 234 206 106 100 113 117 130 288 309 41 113 132 123 102 79 63 174 233 271 29 50 38 47 62 28 32 54 108 218 220 200 192 205 213 198 191 190 144 143 253 273 292 48 107 188 214 223 223 193 210 221 216 117 85 86 103 125 167 168 227 263 258 237 135 158 206 200 221 198 130 125 93 78 81 85 222 247 255 289 297 268 208 177 191 269 262 227 229 230 233 196 108
73 94 111 184 229 202 128 114 120 120 228 274 286 45 49 43 47 48 41 40 70 231 240 206 64 52 57 64 85 130 77 78 198 203 189 184 199 202 197 193 190 162 160 243 253 245 133 118 184 214 228 226 181 182 221 220 175 103 97 109 121 143 183 242 244 231 225 175 126 183 212 239 194 131 148 131 96 82 76 94 239 254 261 241 187 185 217 283 283 180 199 229 237 242 207 117
65 71 96 147 202 186 155 145 140 137 225 246 227 167 118 58 63 69 69 76 85 149 219 213 177 104 70 52 57 97 119 104 139 191 185 190 190 190 201 198 196 187 176 241 248 230 146 125 189 237 257 250 154 163 210 218 193 136 111 109 120 129 215 248 240 227 224 200 149 159 218 232 188 138 157 169 90 64 60 62 225 231 224 200 185 256 295 293 186 153 209 246 249 248 192 123
65 66 78 110 161 167 157 154 155 166 194 210 197 179 184 179 146 120 84 53 36 39 -1 205 177 158 162 41 39 34 40 56 66 141 180 193 173 169 202 202 197 195 192 240 247 223 148 133 243 285 293 312 92 112 213 218 189 155 121 113 131 140 300 315 317 286 242 207 175 158 203 215 194 153 149 192 188 53 52 53 59 209 216 209 243 280 278 195 153 173 264 276 269 249 163 132
69 65 62 68 91 122 133 138 145 161 177 189 189 178 188 200 194 -1 0 11 20 48 62 117 145 162 187 209 116 44 32 35 47 68 167 187 161 143 186 194 188 191 207 239 242 214 146 156 275 291 310 23 80 93 191 186 169 166 135 127 155 301 313 328 351 353 340 357 48 129 161 197 199 182 152 192 218 171 71 64 61 71 218 234 252 249 203 164 163 252 285 288 273 214 147 138
204 64 58 57 69 85 93 72 59 86 133 172 185 181 196 228 245 282 328 8 35 49 43 48 64 76 151 191 188 174 152 109 88 83 108 176 171 142 155 180 180 188 211 227 225 203 158 200 254 257 254 45 65 87 144 169 156 154 137 126 322 331 329 328 352 6 356 19 45 67 102 142 190 189 166 190 210 200 155 90 63 57 70 235 237 219 181 174 254 290 288 273 233 167 139 137
213 130 85 82 90 84 38 8 22 48 61 90 150 176 194 215 226 233 252 341 31 32 35 45 36 27 46 93 167 180 172 156 130 85 32 25 71 122 135 161 172 171 202 213 211 203 181 198 227 224 216 215 86 74 91 148 171 127 109 252 285 311 330 338 358 18 16 37 63 87 120 121 135 176 167 186 195 195 184 158 117 60 55 162 225 209 197 265 294 286 263 243 182 151 137 129
204 181 137 115 109 64 349 356 23 52 63 79 109 150 180 197 201 204 215 223 276 58 92 100 348 12 44 52 47 21 15 26 17 12 15 24 38 41 53 85 153 141 176 194 201 204 192 194 214 214 217 232 237 70 71 78 157 141 80 190 233 237 254 286 353 30 37 56 80 93 117 154 116 25 10 4 10 166 177 170 178 255 44 59 201 222 251 273 252 225 239 245 135 128 135 126
154 180 154 122 69 351 336 40 112 119 124 131 138 149 164 190 193 199 210 207 194 172 155 177 232 268 45 38 30 11 355 358 5 13 21 33 36 35 45 54 86 140 153 147 178 198 195 198 210 214 225 237 234 102 66 61 82 172 116 92 220 229 228 222 219 11 38 57 81 91 97 149 184 196 261 330 356 15 24 52 150 240 340 59 64 236 240 227 212 237 258 228 139 126 135 136
35 32 7 2 8 14 77 138 145 145 144 147 150 155 159 171 188 205 208 202 193 180 173 186 199 198 194 99 26 10 350 348 9 26 33 39 36 37 44 42 49 74 139 150 146 163 186 198 206 212 224 228 221 199 123 75 66 89 154 117 152 243 237 218 218 224 215 58 58 57 63 86 154 181 197 209 215 203 46 60 83 215 230 73 60 63 222 219 232 252 248 186 139 138 139 140
38 26 357 351 14 48 92 124 134 139 142 145 135 8 356 37 26 -1 198 210 195 182 180 185 192 195 198 202 208 292 331 325 19 36 39 38 27 32 40 30 29 45 58 78 122 135 153 180 196 204 213 214 210 202 185 158 125 110 132 135 133 240 229 213 221 224 217 126 68 68 77 96 126 157 184 196 200 194 177 145 111 156 226 236 54 56 90 230 233 234 230 179 120 127 140 152
144 59 357 325 68 87 94 105 118 128 135 21 346 6 45 45 75 77 63 186 182 182 178 176 196 194 197 208 212 205 194 187 176 170 154 64 15 32 37 18 24 46 42 22 45 77 135 -1 135 178 197 202 206 202 192 181 169 157 156 156 118 218 219 219 220 220 220 195 137 122 121 125 135 137 150 178 192 194 184 172 152 139 224 242 299 52 54 201 220 225 228 196 115 109 125 277
188 173 178 187 154 116 101 102 109 115 320 345 30 18 30 51 52 38 39 34 12 35 104 -1 173 145 169 222 216 205 191 178 175 180 187 196 203 120 30 11 30 50 40 23 40 54 74 155 130 117 154 195 206 200 191 187 181 170 172 190 179 160 214 222 209 214 215 193 156 144 142 144 156 145 140 150 165 192 188 172 173 164 205 234 237 58 55 57 195 225 229 216 114 84 79 257
