data/dogrib/saz.asc
ncols        357
nrows        223
xllcorner    457900.000000000000
yllcorner    5716800.000000000000
cellsize     100.000000000000
NODATA_value -9999
[rows 138 to 183 of 223, columns 0 to 95 of 357]
25 51 355 288 287 289 301 324 318 332 15 6 343 335 323 326 352 329 279 274 286 8 56 63 63 45 355 342 1 33 56 37 331 325 33 62 357 306 311 351 60 73 82 85 82 88 93 87 88 92 99 104 105 107 98 91 93 99 101 95 91 91 83 62 67 79 89 90 90 92 90 87 91 117 167 205 217 217 221 233 242 245 244 241 244 256 259 251 248 71 67 63 61 59 55 55
33 62 20 284 277 270 251 222 221 229 261 350 339 332 319 317 351 8 299 277 280 338 62 66 57 25 346 342 10 43 49 3 330 341 41 52 343 310 314 20 76 81 88 99 103 96 78 80 81 86 90 91 94 105 110 100 104 114 127 133 125 101 40 40 57 62 68 74 79 84 88 93 98 108 127 177 206 210 217 230 237 236 228 233 251 260 256 245 246 294 59 60 59 55 51 53
51 69 23 290 265 242 221 210 213 219 217 208 217 258 291 306 339 19 340 281 277 313 59 60 39 8 345 347 20 44 27 348 337 357 41 39 337 314 330 65 89 92 95 94 55 17 30 61 74 78 79 78 86 102 126 112 96 92 92 93 72 359 11 38 51 52 54 57 63 71 78 90 95 98 103 126 177 206 218 231 238 233 224 239 254 256 250 243 242 245 62 58 52 50 50 57
59 69 20 303 293 268 262 285 308 268 246 232 244 258 263 275 308 10 13 300 279 300 42 46 20 1 348 355 26 34 11 348 348 9 36 27 340 323 10 79 91 92 88 54 355 5 36 54 62 63 63 68 78 90 109 121 106 97 86 49 8 353 23 49 54 55 57 60 58 55 61 75 81 78 83 104 142 186 212 226 231 226 227 245 252 251 247 243 239 235 228 46 41 47 56 61
65 74 5 308 323 339 316 308 344 345 329 326 311 300 265 261 277 337 19 337 294 302 14 30 12 0 352 4 29 26 6 353 355 15 30 19 350 345 47 81 87 85 64 1 349 24 62 73 75 77 81 86 86 82 87 112 124 103 52 10 1 18 41 49 55 60 64 59 48 48 61 67 68 62 64 77 97 147 188 217 223 225 232 243 248 247 243 239 236 234 238 298 34 53 61 62
87 82 327 306 319 344 339 308 331 351 348 337 323 337 301 270 270 295 8 351 316 315 354 23 12 2 1 18 39 32 15 2 358 20 25 13 0 15 61 79 82 75 28 344 7 64 92 102 103 97 96 99 98 99 104 102 42 5 10 13 23 37 48 53 56 60 59 43 34 47 58 61 62 55 55 62 59 72 122 202 218 229 238 244 246 242 235 234 234 236 239 242 158 73 70 67
106 67 315 300 302 327 352 324 315 344 356 343 334 348 343 294 270 274 327 342 324 322 11 85 41 10 40 82 94 100 122 154 184 187 3 358 8 45 74 80 74 54 1 344 55 90 101 105 104 98 92 86 85 96 94 33 347 349 22 42 49 58 61 58 59 62 52 25 26 47 56 58 62 62 65 63 52 55 70 124 208 233 245 248 244 238 234 235 235 237 237 235 217 93 77 71
113 346 310 301 295 308 342 343 326 337 352 349 346 352 357 339 288 271 286 318 328 89 144 165 179 182 160 140 139 143 148 162 185 198 216 251 6 72 78 73 58 30 6 33 98 106 110 111 103 96 84 75 75 71 27 351 352 7 49 48 55 59 56 58 57 59 39 10 28 53 60 60 64 63 60 59 47 53 60 66 129 228 243 244 240 237 237 238 237 234 233 234 233 98 68 58
344 311 302 303 303 303 315 329 321 319 331 340 347 353 358 357 336 298 284 293 4 102 123 155 178 186 172 150 146 151 151 156 184 203 218 233 231 72 63 53 42 30 45 92 109 112 118 128 96 78 76 76 71 44 3 350 11 33 48 53 62 60 58 60 47 46 21 1 41 62 62 62 62 59 60 55 38 52 60 58 61 183 232 239 238 235 235 236 236 235 234 235 238 247 44 42
323 307 303 296 284 258 227 213 214 226 248 278 316 340 351 356 353 332 303 285 107 97 95 112 158 184 180 161 148 153 157 152 180 212 228 239 243 19 43 44 47 62 91 106 109 110 111 125 88 71 68 56 39 22 4 359 13 38 53 69 80 75 74 73 50 46 15 351 52 65 66 64 61 60 62 51 30 45 55 52 56 71 232 238 233 231 232 230 230 229 229 231 234 237 286 45
311 297 298 284 247 216 208 210 223 241 252 261 278 306 335 354 352 326 299 242 133 108 88 84 101 156 178 172 155 149 157 151 179 229 240 239 239 254 31 59 74 93 108 113 109 99 82 84 142 76 42 26 22 27 10 353 10 37 51 61 75 80 77 72 55 52 16 324 55 70 71 70 68 66 63 55 37 35 51 57 67 64 39 229 226 225 225 225 223 224 225 226 227 226 217 159
296 285 287 283 261 267 286 301 308 310 306 296 286 277 220 162 183 214 219 170 142 133 106 83 74 82 130 162 163 156 152 152 187 232 230 228 238 246 231 86 88 93 97 93 76 58 61 75 33 334 9 24 28 32 6 347 12 37 47 54 63 73 70 59 46 42 19 300 77 83 82 78 75 70 65 60 45 40 61 67 70 66 67 153 220 223 223 225 225 227 228 226 225 221 207 185
313 298 306 324 310 313 327 326 316 316 318 315 286 224 172 159 183 212 213 167 140 145 139 99 72 65 62 76 112 140 137 145 188 224 234 248 257 251 216 107 84 72 61 45 37 50 70 63 337 337 4 31 39 26 349 346 17 41 48 55 62 65 62 55 50 40 9 338 109 100 92 83 75 67 61 54 43 45 66 75 72 66 71 93 189 230 233 230 230 231 229 226 222 215 201 186
329 318 341 4 306 296 311 323 315 309 314 329 166 181 168 159 190 225 224 170 133 141 161 155 102 80 67 58 55 61 81 101 166 241 262 272 265 236 199 150 85 56 45 40 52 73 78 29 323 339 15 39 45 12 326 338 23 48 55 60 64 62 58 59 68 83 -1 119 120 117 105 90 77 66 59 52 45 43 56 70 70 65 74 96 139 237 241 234 233 233 231 227 219 209 199 185
329 324 9 28 318 283 281 297 308 307 311 103 132 167 168 163 205 235 227 172 132 129 156 177 154 123 110 106 102 95 89 92 119 254 260 256 239 201 188 189 170 58 54 62 73 77 64 357 319 335 23 49 49 351 312 326 30 57 63 64 62 60 62 70 86 115 163 147 128 123 116 96 77 63 57 54 49 47 52 55 60 69 75 81 95 236 240 236 236 235 235 230 216 205 198 185
321 318 26 28 341 318 296 290 298 304 129 120 123 151 165 175 232 246 218 173 143 121 130 167 168 151 141 138 140 142 137 119 134 243 250 243 222 179 181 204 217 189 72 67 63 60 42 348 323 336 32 59 44 335 312 324 34 64 69 65 62 65 69 77 93 111 135 142 129 115 102 85 72 62 58 56 52 50 46 45 57 67 69 70 75 193 227 226 230 234 235 226 207 199 197 187
300 302 16 18 345 337 327 307 298 303 122 126 127 138 164 221 261 248 195 174 168 127 105 126 155 155 146 142 145 146 140 118 130 237 247 240 211 166 176 215 230 234 45 50 53 52 27 346 332 344 47 62 24 331 313 323 49 71 74 74 72 72 72 74 80 86 86 85 81 74 64 63 65 60 58 57 53 48 42 43 55 61 63 71 74 77 209 212 220 230 230 216 198 195 196 188
287 285 340 6 349 338 335 318 301 110 113 121 130 137 193 268 268 221 170 176 193 167 96 83 93 112 106 80 52 39 50 72 89 232 243 234 195 163 185 237 251 259 303 29 49 46 13 344 341 3 52 52 1 332 315 296 100 88 84 89 87 74 69 62 52 45 43 42 44 48 49 56 61 60 62 62 60 57 58 60 60 59 62 69 60 39 25 -1 221 226 222 208 194 194 193 184
313 290 308 355 359 335 309 272 220 127 108 106 115 138 241 262 244 176 153 175 205 205 140 57 43 31 17 12 14 25 44 62 74 165 234 221 184 176 233 271 273 267 265 345 41 36 6 343 350 19 50 37 352 341 11 142 140 121 105 99 94 83 73 63 51 45 51 56 59 61 61 64 69 72 74 73 70 71 79 86 75 62 60 53 36 28 22 21 32 209 210 204 196 192 186 181
333 309 309 354 77 157 187 196 189 146 111 99 99 127 239 244 217 161 140 169 207 211 216 317 28 21 7 7 23 50 68 75 76 86 214 209 195 232 275 278 263 237 227 235 357 22 3 348 1 35 46 22 1 37 109 129 142 139 123 103 96 105 100 96 97 100 102 100 84 68 61 64 68 68 69 72 72 74 73 66 51 45 49 45 31 32 33 31 51 86 189 209 205 189 179 180
324 304 304 106 118 141 172 192 195 167 123 102 95 109 235 235 207 159 135 155 201 214 228 233 175 67 11 16 51 70 76 77 77 80 129 225 258 281 275 245 210 205 220 238 261 335 354 353 15 39 36 26 47 96 113 118 120 116 102 87 96 106 101 84 68 70 75 57 38 49 59 63 63 60 60 64 68 69 56 35 27 25 40 47 36 33 47 70 72 63 75 203 208 192 177 178
261 261 226 120 110 119 155 193 201 183 147 113 94 95 216 224 199 166 143 148 200 230 235 216 185 178 186 192 123 81 75 73 80 88 95 268 271 260 218 196 195 211 235 248 257 275 317 349 23 38 42 58 87 100 98 79 53 47 52 68 74 61 40 31 37 50 43 9 15 46 61 60 60 60 59 58 59 58 43 32 37 39 51 53 43 42 57 67 80 77 67 69 201 198 186 181
240 250 203 125 107 99 111 178 197 187 170 144 112 102 162 208 190 171 157 154 211 232 222 199 180 180 191 206 198 96 78 75 79 86 94 244 238 212 194 209 248 275 278 274 271 268 261 251 25 51 66 79 85 78 53 34 40 57 66 64 47 30 26 38 62 65 23 350 28 65 64 40 39 46 49 52 53 51 43 46 60 67 64 55 54 57 60 61 65 82 62 41 32 81 170 183
263 259 176 133 120 105 101 131 182 184 177 166 144 127 141 185 180 172 169 170 203 203 200 195 177 177 201 222 222 143 88 80 82 88 99 225 238 231 257 288 296 297 295 290 282 273 251 221 221 88 77 73 64 44 33 45 66 76 72 54 37 38 60 78 76 45 357 355 71 82 46 12 28 43 48 51 53 52 48 48 55 57 49 48 59 59 54 57 58 47 18 19 32 35 46 93
318 283 133 129 130 123 111 103 125 162 169 165 150 126 73 35 46 65 128 163 178 174 184 195 184 178 216 236 229 194 103 87 87 87 90 242 261 257 252 247 244 250 261 270 273 267 242 218 218 162 71 56 45 39 52 68 71 66 52 39 42 58 75 71 46 15 358 47 87 71 1 0 36 51 57 58 55 52 48 44 49 49 39 41 54 54 52 54 52 37 4 4 35 37 30 38
354 8 70 89 96 86 75 74 72 77 70 17 10 0 355 5 13 22 42 79 128 132 149 183 190 193 225 236 227 214 143 97 91 90 92 212 244 237 250 259 264 267 269 270 266 251 217 204 204 201 94 48 47 55 65 63 60 56 42 38 50 64 63 37 20 23 53 92 80 26 346 4 48 56 58 55 45 46 45 43 48 47 36 31 41 47 48 43 40 27 3 1 34 36 26 37
4 26 47 53 51 50 64 65 59 42 357 347 355 355 353 15 41 65 84 99 112 101 90 102 171 206 225 229 224 220 181 113 98 94 95 161 241 253 268 275 285 291 290 281 263 232 199 195 199 205 217 77 60 62 59 56 59 54 39 46 63 66 35 15 27 58 77 70 30 357 357 29 53 56 52 44 40 48 48 45 46 43 37 23 31 44 45 38 26 15 7 12 31 33 28 37
359 27 47 54 59 61 60 54 41 5 340 340 358 16 73 129 137 136 123 103 22 44 58 78 101 207 231 233 230 221 196 135 103 92 92 118 266 268 267 270 275 279 281 274 245 209 192 198 205 210 221 217 81 63 57 56 55 48 43 64 75 42 2 16 49 64 42 21 5 0 24 50 56 54 48 45 50 56 51 46 47 45 42 26 19 39 43 37 24 12 21 33 36 45 47 53
345 23 56 65 64 46 44 49 27 347 337 349 60 116 136 143 149 139 35 13 10 76 103 110 99 150 231 232 222 211 203 163 116 102 99 138 255 256 262 273 279 278 271 254 213 196 195 207 214 218 222 217 198 68 53 49 50 52 63 74 57 0 356 31 57 44 16 17 23 38 57 59 57 53 53 61 67 66 57 52 57 56 53 36 3 35 46 45 34 34 50 53 52 59 57 61
338 26 64 61 41 31 46 43 8 341 346 94 126 135 137 121 343 346 11 45 109 121 89 52 55 70 206 214 205 208 209 185 134 107 101 143 261 269 274 274 275 275 263 232 192 193 206 221 224 222 217 208 211 190 51 50 57 62 65 53 18 351 8 54 57 18 13 31 46 53 60 62 60 60 71 81 81 76 65 58 60 58 57 43 8 53 63 58 47 50 42 36 43 49 52 52
348 38 62 43 28 34 45 40 9 350 114 125 128 129 2 341 341 1 54 94 104 11 9 25 40 47 53 177 198 209 207 195 165 117 105 187 277 287 293 293 285 273 249 208 180 194 216 232 228 214 206 200 211 214 206 63 58 56 49 27 4 0 40 63 33 1 17 35 43 51 59 59 57 63 78 86 83 76 65 55 55 50 46 42 42 66 70 63 56 54 29 34 48 53 42 23
5 39 44 28 31 43 53 64 90 140 129 127 123 327 325 335 354 43 78 83 14 334 3 27 35 38 37 40 40 212 198 197 189 139 112 234 266 269 276 283 279 260 227 182 169 199 226 233 214 193 194 198 213 216 216 180 59 48 32 13 9 24 48 41 8 357 21 37 46 56 60 55 56 67 74 72 66 62 59 56 55 47 42 44 42 37 43 50 55 52 30 47 46 19 0 358
14 32 31 35 53 67 79 92 119 139 127 117 355 317 313 333 30 69 80 64 331 325 3 25 32 37 41 42 34 29 80 184 197 165 131 263 276 278 276 271 257 228 201 162 166 215 238 227 196 184 192 203 217 217 214 213 155 38 20 12 20 34 33 21 4 4 30 49 60 66 68 68 71 71 64 49 46 54 60 64 65 57 47 42 34 24 25 38 45 39 29 29 10 345 342 352
12 30 45 66 82 92 100 104 118 128 94 354 339 327 315 344 68 86 82 27 325 327 358 23 36 47 55 55 46 40 45 46 119 165 164 261 270 267 259 245 215 198 184 159 177 234 241 213 187 187 201 216 223 216 211 213 212 219 13 29 39 35 25 18 11 23 55 73 79 78 77 78 74 59 48 35 42 56 63 64 67 67 56 42 32 24 24 35 37 31 29 21 353 324 325 344
251 47 74 85 92 99 104 107 113 107 328 325 333 331 322 46 92 90 55 348 331 335 2 36 56 64 66 61 43 36 36 36 43 56 139 237 238 233 234 223 191 188 181 166 206 247 238 203 190 202 218 225 222 211 210 210 208 209 199 166 124 80 32 25 40 74 93 98 95 90 82 72 62 51 42 35 51 65 67 63 57 55 65 77 59 45 36 35 33 28 32 31 351 304 299 315
232 166 92 89 89 92 96 100 106 108 286 289 301 315 339 93 86 56 4 341 338 345 37 78 86 80 68 49 27 27 32 34 42 48 60 209 219 220 226 216 177 182 184 185 242 256 235 203 204 217 222 219 212 202 205 206 204 209 202 181 164 170 190 132 99 105 109 106 96 81 69 66 71 88 119 137 135 108 87 69 56 56 78 107 153 129 108 33 39 34 38 42 11 299 284 288
242 203 98 94 89 86 86 86 85 295 280 288 303 329 33 64 48 23 357 339 353 137 131 120 107 85 59 36 20 25 29 32 39 44 50 55 205 220 223 209 173 180 202 237 267 262 226 207 213 218 217 209 205 196 202 206 204 210 202 183 166 175 204 190 102 87 78 66 57 56 62 69 71 86 101 101 104 96 80 68 60 64 78 92 145 151 162 198 122 75 48 45 31 321 273 265
256 234 96 96 96 90 85 78 65 338 290 294 308 346 36 52 49 57 108 162 158 158 158 152 147 130 64 40 37 40 38 36 38 43 49 51 52 210 216 206 184 201 255 275 275 258 210 209 214 213 212 204 202 197 204 206 205 209 199 181 163 179 217 225 84 61 52 51 58 70 79 77 72 77 65 35 37 44 57 64 51 52 63 65 78 132 158 188 183 151 -1 41 42 18 277 247
278 279 91 93 97 96 92 85 70 341 285 281 288 337 53 73 98 126 142 154 155 156 159 161 168 180 187 145 116 125 117 94 59 50 49 48 47 52 193 209 210 237 260 265 261 232 197 209 210 208 207 201 200 199 204 201 201 205 195 177 159 189 228 228 203 76 74 83 89 86 76 66 68 78 96 139 75 68 68 47 24 39 49 50 54 74 126 165 198 188 216 -1 54 45 330 263
314 359 85 91 97 100 100 98 94 288 276 273 273 294 77 86 98 110 115 108 96 96 108 125 148 173 198 186 145 147 147 155 157 103 59 52 55 61 66 196 217 227 241 251 247 206 197 209 201 200 202 199 200 201 203 198 197 202 192 172 158 204 234 222 211 150 93 82 70 56 50 52 62 72 91 141 174 79 46 16 13 33 44 46 49 52 59 98 188 202 215 239 65 60 49 270
335 31 81 88 94 98 98 95 92 279 276 275 274 285 84 85 78 58 35 30 40 55 69 79 93 121 200 196 160 157 152 160 172 172 147 97 91 90 62 24 57 225 244 249 227 197 210 208 191 193 199 199 203 205 206 199 194 198 188 166 166 229 238 217 215 200 78 53 42 45 56 66 74 78 86 103 223 342 9 5 11 30 42 44 46 49 49 60 102 186 220 244 251 75 76 233
352 51 79 81 83 88 87 77 55 320 291 291 294 325 85 84 67 38 37 55 66 65 62 63 71 73 113 173 164 162 160 165 170 175 174 144 120 102 1 17 45 74 245 236 212 220 234 196 186 190 198 203 207 209 211 201 189 190 179 165 200 247 229 211 221 230 308 41 56 74 86 90 86 79 80 88 235 272 321 1 12 29 41 44 48 52 53 56 68 114 232 244 228 110 86 -1
6 52 67 67 70 70 62 43 20 344 305 301 314 75 109 107 97 86 81 69 53 48 55 63 64 67 82 114 133 132 136 147 155 164 166 140 105 0 350 33 56 59 250 239 243 260 240 180 187 190 200 209 212 214 217 203 184 177 169 180 238 242 199 209 228 238 249 68 82 86 83 72 65 68 78 92 197 254 265 323 30 38 43 47 53 57 58 61 67 79 225 234 226 161 98 -1
153 74 56 51 52 49 34 17 10 357 321 306 159 128 134 142 140 107 34 31 40 60 81 91 97 97 82 51 29 30 31 33 32 25 32 36 4 344 17 62 71 79 260 272 279 270 204 180 190 188 200 212 220 226 223 200 179 162 162 214 248 212 187 225 246 249 251 248 73 68 56 51 60 75 87 94 157 245 243 214 159 141 99 56 59 61 62 66 70 77 128 222 232 203 125 171
180 175 107 51 41 34 23 11 8 358 343 9 124 137 146 164 181 207 272 48 74 85 87 85 82 76 52 20 10 12 16 21 19 14 16 11 359 9 68 82 92 103 257 280 277 234 183 187 184 181 200 220 235 241 218 188 176 151 157 230 230 184 208 252 259 255 252 243 85 80 82 86 85 85 86 85 107 231 230 203 182 167 170 127 67 65 67 69 71 77 91 203 235 218 144 182
182 189 192 170 37 26 21 10 2 0 16 73 99 118 139 166 189 201 202 177 118 94 84 67 50 42 23 358 356 2 11 22 24 20 17 10 20 62 90 102 108 111 252 265 245 192 183 187 174 180 215 239 250 242 193 175 174 144 152 220 211 197 246 259 249 244 242 221 132 115 121 128 120 103 94 88 90 208 226 206 189 186 177 194 84 73 73 72 74 79 87 135 240 232 153 198
