data/dogrib/saz.asc
ncols        357
nrows        223
xllcorner    457900.000000000000
yllcorner    5716800.000000000000
cellsize     100.000000000000
NODATA_value -9999
[rows 0 to 45 of 223, columns 0 to 95 of 357]
7 18 26 36 40 31 354 317 313 321 322 331 42 64 65 68 65 57 33 313 314 324 308 298 305 315 312 45 91 93 86 86 85 84 153 217 123 91 162 166 131 110 104 191 229 226 201 129 96 73 69 74 82 83 273 273 271 269 268 263 251 231 167 136 143 153 151 161 142 115 114 249 276 306 328 336 38 57 49 26 4 344 331 356 75 85 81 65 49 45 47 79 91 87 79 71
4 11 17 21 23 17 358 336 330 335 339 351 34 47 47 48 45 37 14 337 330 335 334 327 325 329 338 65 90 97 102 95 89 87 116 188 203 110 95 123 114 88 68 85 192 202 195 180 165 132 87 86 93 192 281 285 284 278 266 240 214 196 167 147 153 164 160 173 166 138 145 280 289 302 326 344 6 26 28 9 353 351 1 38 75 76 61 40 37 52 72 99 93 70 55 49
3 16 25 27 24 17 1 338 324 322 326 19 61 54 49 46 40 25 4 346 337 335 335 332 327 318 33 97 97 105 126 114 109 103 95 136 206 204 56 30 22 20 28 40 56 160 189 188 185 180 155 118 108 249 276 281 283 276 251 209 189 183 167 145 147 158 156 172 175 161 286 304 303 288 289 314 337 7 19 9 355 3 57 89 96 94 95 113 120 109 104 97 49 49 54 52
185 189 172 68 33 24 13 347 305 264 219 141 101 77 64 50 33 14 359 349 340 334 328 315 272 207 142 111 108 120 142 123 116 113 86 83 164 210 213 266 356 8 28 40 43 45 65 166 184 182 170 139 120 256 267 266 262 249 214 183 175 177 170 152 147 152 153 173 198 248 283 293 306 293 272 270 282 313 1 24 48 110 121 115 117 125 130 142 148 129 80 24 28 63 71 70
185 192 194 189 174 107 53 49 200 206 195 165 136 111 92 69 37 11 356 344 324 286 221 198 190 188 132 109 109 123 147 126 117 115 103 86 94 190 211 213 225 252 37 43 40 39 38 32 33 87 139 128 123 259 266 263 253 221 187 173 170 173 171 163 155 155 160 192 228 239 242 240 244 263 270 264 262 269 284 87 102 119 123 120 121 120 111 95 56 16 4 20 51 72 73 74
184 193 199 198 194 194 159 114 135 184 193 176 149 126 115 113 124 156 180 189 191 189 191 195 199 191 122 103 101 111 130 120 129 138 131 109 97 126 199 214 217 216 199 80 44 40 39 38 38 39 40 65 80 270 269 260 233 192 177 171 169 169 167 168 165 166 217 288 270 232 225 224 226 236 253 263 260 260 257 89 90 97 103 101 98 84 50 21 8 355 3 46 67 61 61 68
185 197 204 202 201 206 190 146 133 166 190 181 155 131 128 133 142 164 177 181 186 193 202 203 202 187 115 95 92 103 128 115 125 147 146 129 111 107 164 206 211 211 201 190 169 74 69 78 89 97 106 105 95 281 269 236 198 179 175 173 169 166 164 175 221 315 325 338 355 355 273 239 236 239 246 257 260 256 262 62 73 75 72 65 51 30 14 8 2 356 31 71 59 40 55 59
188 201 206 205 206 211 204 169 144 153 170 177 163 136 132 137 141 158 167 171 182 193 200 200 201 191 114 94 92 102 134 118 114 136 147 135 126 119 133 174 200 207 200 194 194 170 122 112 119 136 143 144 221 269 230 195 182 178 178 178 178 171 -1 315 314 322 330 345 10 27 17 270 251 246 247 252 261 259 263 2 67 63 50 38 24 15 11 5 0 10 59 66 18 28 50 50
189 202 207 208 205 208 208 194 175 149 136 156 160 142 134 135 137 147 154 163 178 192 198 200 205 204 121 94 91 97 131 131 123 136 147 138 133 137 149 154 171 203 202 193 195 179 137 120 121 130 139 172 257 231 195 188 189 202 257 322 331 340 352 343 301 292 309 341 21 42 41 330 265 251 249 250 259 271 269 286 57 54 41 28 11 9 13 10 11 36 63 45 358 30 52 50
190 202 208 205 200 209 219 219 212 173 95 97 123 133 135 136 134 137 141 150 171 191 198 202 209 213 155 92 86 90 120 144 141 144 151 145 135 133 155 163 147 191 203 188 193 181 136 119 117 121 138 305 308 314 333 342 347 345 342 342 341 343 356 3 337 283 277 311 20 41 38 18 313 268 254 248 248 261 269 279 22 42 35 19 2 5 13 17 28 45 48 21 1 38 57 57
187 200 205 203 210 237 250 248 237 212 113 90 94 107 124 130 128 132 134 128 144 185 200 208 215 218 205 96 85 92 117 149 148 145 150 149 142 135 152 165 146 176 197 179 189 184 132 114 112 116 270 297 323 328 331 337 345 346 341 339 339 343 355 7 8 333 280 284 2 39 38 30 4 309 281 268 262 260 266 280 325 29 34 23 16 29 34 31 42 42 31 11 15 46 58 59
184 194 199 215 246 263 265 258 246 225 149 104 93 90 98 108 107 109 107 67 58 83 193 216 220 222 223 142 88 93 111 146 141 136 144 146 147 140 150 167 143 164 192 172 181 186 129 109 108 119 258 265 275 286 292 303 319 333 336 334 335 340 352 4 12 6 309 281 313 28 38 36 21 341 306 299 301 303 294 290 308 28 60 78 114 142 166 173 135 101 75 70 88 76 62 58
187 183 182 218 246 250 247 243 235 217 165 109 93 86 84 82 71 51 19 11 36 58 93 205 217 223 229 214 92 87 94 132 135 129 134 139 142 138 150 181 135 139 185 176 173 185 130 106 102 112 267 266 263 262 264 270 283 300 316 323 327 335 348 359 6 10 346 300 298 6 40 39 27 1 319 305 310 324 323 304 307 76 97 105 116 135 162 175 171 167 166 157 156 154 115 74
186 169 179 223 242 241 237 234 226 209 185 130 93 81 74 66 54 39 20 12 49 68 80 149 209 224 233 231 105 88 93 130 147 135 133 146 146 133 151 200 148 112 160 181 173 180 129 107 102 84 290 301 306 301 290 283 281 283 290 296 302 312 330 347 356 6 1 327 304 340 37 37 28 10 334 312 309 320 328 316 338 101 106 104 99 95 109 143 163 175 174 160 159 172 178 135
182 160 183 235 241 235 231 225 218 210 205 164 101 80 66 57 59 69 82 98 87 85 86 100 193 225 232 232 152 97 95 119 150 117 123 148 158 137 151 210 190 104 111 163 174 180 135 111 106 296 291 293 292 286 281 274 267 260 257 255 253 255 266 292 326 348 356 343 323 336 27 34 28 13 344 321 312 316 322 326 49 85 87 82 71 61 64 77 104 157 169 156 155 170 185 169
180 163 193 234 230 223 223 224 224 229 231 194 111 84 68 61 63 69 78 110 114 102 95 90 122 225 231 227 180 113 99 106 169 103 104 128 155 143 158 215 210 123 86 100 145 176 146 114 115 271 261 235 221 219 223 226 228 231 235 235 235 236 243 255 277 308 332 337 329 339 19 31 27 14 349 328 317 314 304 286 69 63 56 55 58 65 69 65 59 41 39 70 95 132 169 163
169 168 223 253 243 238 242 245 249 253 250 211 122 88 74 76 73 68 69 79 90 82 73 71 81 201 227 219 188 133 111 121 176 125 105 111 137 144 172 218 214 185 94 66 68 108 135 118 140 251 241 236 239 234 226 221 223 231 238 240 242 248 258 271 282 291 301 309 312 328 10 27 24 11 351 334 324 263 189 192 175 87 62 61 61 59 54 54 41 24 34 54 55 32 27 37
158 186 258 274 278 276 268 256 250 245 236 211 163 81 61 71 80 79 73 69 64 52 51 58 73 123 220 206 185 154 129 141 172 139 114 111 124 140 187 220 213 200 163 90 60 63 85 101 157 271 295 314 325 335 336 325 281 261 258 260 266 274 281 283 281 275 272 272 272 274 329 45 37 8 349 339 144 152 167 186 191 177 133 79 55 50 52 50 37 45 72 77 42 6 14 14
171 230 266 269 271 271 253 240 236 234 231 226 227 -1 49 65 74 81 79 72 66 58 62 69 77 96 191 179 174 165 149 161 168 148 128 116 117 133 198 215 209 201 189 176 111 75 72 80 90 280 296 309 320 334 343 351 343 316 295 289 289 290 286 277 265 256 251 247 243 232 193 154 155 228 149 143 151 143 152 180 192 186 176 172 74 65 60 48 49 71 77 59 4 350 14 9
193 252 266 264 256 250 234 233 236 238 239 241 246 236 99 72 69 70 71 68 71 85 97 93 87 90 140 161 159 161 158 173 165 145 133 120 112 127 196 206 206 204 197 189 159 118 98 94 276 277 280 279 276 285 304 331 339 328 313 300 290 280 269 257 252 249 246 244 240 209 170 166 184 212 150 129 152 148 136 168 190 186 187 208 205 56 39 43 61 68 55 31 352 347 13 2
223 255 259 255 244 237 229 231 236 238 237 236 234 214 164 101 74 67 63 65 72 85 98 97 84 74 79 115 142 142 135 162 165 139 127 118 104 111 184 205 211 208 202 192 163 132 113 104 276 277 273 258 246 242 240 240 240 251 260 258 253 250 249 249 249 247 244 241 230 176 157 172 192 206 156 119 138 156 140 153 183 188 202 228 243 315 28 57 67 56 35 17 353 349 7 1
179 243 249 242 231 235 235 232 236 233 230 228 225 210 187 158 96 74 68 74 78 79 75 61 47 42 43 48 55 98 122 147 165 146 125 118 99 93 136 189 203 207 203 193 164 128 109 104 278 277 268 250 239 232 225 216 202 211 218 218 226 234 241 245 247 245 241 238 207 158 153 170 187 200 173 119 113 136 142 155 188 213 244 258 260 271 19 64 59 39 18 6 355 351 12 32
153 228 240 235 232 239 243 238 234 229 226 225 221 213 206 186 129 89 73 75 78 73 60 43 34 34 42 49 51 63 76 80 115 141 138 137 124 107 98 133 194 212 203 190 168 134 110 111 276 275 262 243 233 226 215 203 193 208 215 217 229 238 244 247 247 245 240 231 177 151 154 161 182 201 188 137 114 120 127 160 237 273 282 280 277 276 320 48 46 30 9 2 9 37 117 131
127 211 239 240 243 243 242 230 218 220 220 223 224 226 227 214 140 98 72 72 77 74 61 51 47 50 62 71 74 69 58 55 69 92 111 113 99 80 59 73 121 214 212 185 167 142 110 104 278 270 251 235 226 212 203 199 202 220 228 239 252 256 256 254 249 244 237 215 154 147 155 153 178 206 198 151 129 127 124 185 252 245 253 262 267 270 288 24 40 29 14 25 75 112 123 121
88 163 239 244 247 244 237 219 206 206 211 220 229 235 237 233 176 91 78 76 77 76 67 59 62 76 87 86 72 47 40 44 45 41 32 24 29 31 41 61 78 173 217 189 153 135 109 248 268 256 239 223 212 207 224 260 286 290 289 284 280 272 263 257 249 241 233 194 139 140 154 151 177 213 205 153 127 122 130 246 266 260 260 258 259 262 271 330 35 34 38 67 84 78 60 36
72 101 234 244 246 244 230 208 202 203 212 225 235 239 238 235 225 98 88 83 73 67 66 66 70 79 80 61 32 20 19 21 20 21 20 20 28 34 42 53 62 76 199 204 163 114 112 213 248 235 221 214 218 249 283 299 308 308 306 297 284 269 260 253 245 237 227 175 130 127 139 146 180 220 208 153 129 120 145 257 274 287 288 287 285 282 277 283 25 47 57 61 53 42 28 17
77 91 224 244 244 242 232 194 191 207 225 236 242 241 236 232 229 188 91 81 67 57 57 63 66 62 49 28 19 20 19 18 15 16 19 23 30 35 43 50 55 58 65 200 198 122 110 213 248 231 228 244 267 278 275 267 257 260 266 267 262 256 253 246 237 230 216 165 128 121 120 129 184 224 206 149 132 125 194 272 274 276 283 292 299 297 279 236 200 82 58 48 42 35 28 29
86 91 179 240 240 240 231 173 178 223 240 239 242 240 235 230 230 225 100 80 71 58 59 62 59 48 36 29 32 31 21 16 13 15 19 24 31 39 49 56 59 59 54 63 180 143 116 229 259 265 279 283 281 267 252 241 234 241 244 244 246 245 245 239 230 222 208 159 129 128 121 121 178 228 201 140 132 139 276 285 287 288 285 285 289 291 217 183 195 190 105 54 54 59 78 108
97 94 124 235 239 237 217 172 193 245 256 238 240 240 235 231 233 234 202 80 78 73 67 64 62 57 53 56 57 45 28 16 12 17 23 27 38 51 62 68 72 72 69 67 81 113 102 230 258 270 280 268 250 242 240 238 240 248 248 246 243 237 238 234 226 219 204 154 130 130 126 125 175 232 185 133 137 240 290 291 287 292 295 292 283 237 149 160 192 202 198 150 90 98 114 121
90 92 109 226 237 227 201 178 206 231 222 219 237 242 238 236 238 238 233 69 61 66 68 66 66 65 67 70 69 64 60 55 50 56 59 55 62 70 75 80 86 88 86 82 74 65 69 109 252 255 245 230 229 234 235 233 232 238 242 243 241 236 235 229 222 217 197 151 129 128 127 127 184 234 161 129 158 291 298 305 301 294 294 292 246 166 155 153 187 203 205 204 115 93 93 90
112 98 103 209 234 218 201 200 232 234 219 219 233 242 242 240 241 240 242 274 46 53 61 68 67 64 65 70 75 85 107 139 162 166 153 139 104 91 89 90 96 97 91 88 85 80 84 99 247 250 234 223 232 235 231 223 217 228 233 234 235 231 229 224 219 214 191 150 129 126 127 131 204 219 148 139 273 288 292 301 308 301 291 274 141 144 164 161 185 208 219 234 121 72 65 57
145 119 113 189 240 237 259 294 309 305 276 248 246 247 245 242 243 245 248 254 41 58 68 78 76 72 71 81 89 101 117 135 156 167 169 162 116 103 101 100 102 105 97 92 90 90 91 97 242 250 236 226 235 235 230 218 209 230 234 232 230 220 221 223 217 208 184 154 135 127 125 134 205 184 151 244 287 280 279 285 292 293 283 218 124 127 158 176 203 238 253 258 272 56 56 38
155 132 126 201 261 276 291 302 316 330 335 315 285 269 259 252 252 254 254 248 211 97 90 93 92 83 81 92 100 106 112 123 143 167 185 177 132 114 111 107 106 111 105 95 88 86 90 94 236 252 241 230 235 233 231 218 211 241 241 236 228 215 223 224 211 196 175 157 145 135 127 143 190 185 297 312 312 297 281 275 276 274 257 151 115 115 143 206 242 256 254 248 245 23 43 25
158 137 135 261 282 289 290 294 305 319 328 330 316 295 278 266 262 260 255 244 207 133 107 99 93 85 84 93 97 94 90 94 108 145 183 179 147 129 123 116 108 111 121 127 114 93 85 89 191 251 245 228 233 232 232 219 213 243 243 236 228 221 230 224 203 182 167 157 150 145 139 156 230 296 304 301 305 307 296 285 279 259 198 155 120 106 123 216 231 226 224 223 224 236 359 21
160 145 180 279 285 285 283 285 296 310 306 310 306 284 263 255 254 253 247 234 199 144 119 106 92 83 86 92 90 79 74 74 79 97 151 173 151 134 131 127 121 115 97 91 87 75 75 81 106 249 242 221 228 230 233 224 217 240 239 232 228 223 227 216 192 172 161 155 153 153 153 256 304 313 302 282 279 287 296 293 277 204 163 152 141 127 130 207 222 215 217 220 226 239 255 40
166 165 268 283 280 277 276 276 284 297 276 245 222 219 220 231 242 248 241 221 192 152 129 119 100 85 87 91 88 78 80 90 97 100 117 153 152 132 126 129 118 69 41 42 39 54 76 82 88 247 242 221 228 232 232 227 222 237 233 226 224 216 213 202 182 164 156 155 156 167 306 313 311 319 328 316 292 284 288 284 214 164 151 137 142 150 156 253 262 250 251 256 262 265 261 163
182 243 279 280 275 272 270 267 258 231 212 202 200 204 212 230 249 260 242 200 188 163 147 148 130 104 98 97 100 104 109 114 115 113 114 129 142 131 116 79 20 11 41 63 64 72 82 88 96 242 249 230 234 234 232 228 225 235 231 228 225 211 202 189 170 159 159 162 242 318 323 320 316 319 330 336 322 302 292 240 155 153 150 129 128 162 267 305 315 316 309 302 295 284 267 169
304 290 278 265 261 261 257 250 234 204 193 193 198 206 221 246 264 272 218 162 180 167 163 174 158 144 138 135 142 146 142 140 133 122 114 113 110 86 31 9 6 25 59 74 82 86 85 87 93 243 254 243 241 236 233 230 228 232 233 233 228 210 190 169 156 157 186 310 323 324 326 326 324 324 328 337 334 310 260 159 143 144 146 128 117 263 286 295 299 304 302 291 284 264 221 192
340 321 312 281 256 246 237 227 210 195 193 198 207 222 245 264 271 271 127 135 171 167 167 170 154 149 152 153 152 151 149 148 144 130 112 80 31 11 5 9 24 50 70 76 77 83 87 87 89 222 252 248 240 236 238 234 232 234 232 233 230 204 161 150 154 260 314 321 323 325 326 326 324 324 324 333 353 145 169 156 139 134 140 130 129 254 257 244 246 246 243 253 250 195 184 203
343 333 341 340 308 265 244 231 219 212 213 226 245 263 275 279 278 272 115 124 162 166 160 152 142 143 149 150 145 139 133 128 122 93 42 11 3 6 16 30 49 68 78 79 76 77 84 87 90 154 248 242 231 236 239 235 231 232 232 236 227 171 146 143 277 305 309 310 310 312 314 312 310 309 304 310 100 127 151 157 140 126 132 137 162 240 237 228 231 230 242 252 209 165 183 218
339 328 340 350 347 334 321 318 323 327 320 309 299 293 290 287 286 300 88 103 143 162 151 136 131 135 139 130 110 88 70 52 28 11 2 1 6 19 40 59 73 82 85 86 87 90 92 89 86 103 240 239 232 234 235 232 228 232 236 237 196 148 148 251 300 295 289 283 280 279 279 278 276 274 260 180 130 129 142 153 146 124 119 136 214 270 285 294 288 278 279 246 157 164 206 229
329 313 323 338 341 337 334 335 344 352 343 336 329 311 295 287 286 318 69 82 105 144 142 128 121 112 66 33 30 32 33 22 8 0 0 10 27 48 68 78 80 81 83 88 94 97 95 90 87 97 228 245 243 229 232 229 226 234 232 208 167 143 218 295 291 279 270 265 261 258 256 256 256 251 223 151 130 133 143 150 149 129 118 131 289 303 313 325 337 322 303 131 135 173 226 223
307 291 295 307 314 317 322 330 349 359 347 347 347 325 302 292 290 320 59 69 71 88 108 101 71 20 4 7 18 27 25 14 3 1 11 35 59 74 78 75 66 65 73 79 83 82 79 81 84 92 220 252 245 220 227 227 225 221 200 179 171 229 308 299 284 273 264 257 254 252 251 251 248 241 202 135 122 128 142 159 154 130 130 271 296 301 304 313 335 316 249 115 124 189 224 207
245 259 266 277 285 289 292 300 331 347 350 356 355 333 312 305 307 334 45 60 58 56 56 41 15 2 1 5 17 24 22 15 9 16 44 69 72 66 65 63 56 60 70 74 73 74 80 80 79 81 140 248 238 217 225 230 217 193 183 190 279 302 297 284 275 267 257 250 248 249 249 248 245 236 184 131 119 117 128 162 161 130 151 274 281 283 283 255 183 190 165 126 126 195 218 198
213 240 247 255 267 275 281 290 303 323 351 4 356 331 313 309 315 346 47 62 60 52 41 26 8 1 3 8 16 23 26 27 31 54 75 70 53 52 60 65 63 69 77 78 77 81 87 86 81 79 86 247 245 231 236 234 197 182 232 294 303 296 276 267 265 259 252 250 250 250 249 247 245 233 163 133 130 121 114 142 159 143 264 281 282 282 265 162 167 180 167 143 140 193 210 193
217 235 235 242 254 263 277 299 301 304 338 10 1 321 300 294 297 9 84 81 68 51 40 29 13 3 9 18 22 28 36 48 63 72 58 39 43 60 71 76 79 84 85 85 85 83 82 83 84 87 95 248 254 247 250 206 183 245 291 285 267 255 259 261 257 253 251 252 253 252 250 249 247 224 144 128 137 141 123 127 156 259 303 301 297 290 162 139 160 174 165 154 156 194 211 210
