data/dogrib/slope.asc
ncols        357
nrows        223
xllcorner    457900.000000000000
yllcorner    5716800.000000000000
cellsize     100.000000000000
NODATA_value -9999
[rows 118 to 176 of 223, columns 96 to 191 of 357]
28 24 29 38 35 35 33 34 62 70 63 65 71 58 18 28 51 55 60 67 70 62 70 75 64 61 62 73 98 98 72 50 41 31 28 28 25 22 16 12 11 9 6 5 4 6 5 3 6 8 10 10 11 11 6 3 5 6 4 5 6 4 2 4 10 19 26 21 12 16 17 15 21 22 16 39 31 25 20 4 14 25 29 34 41 44 33 5 34 33 23 20 15 8 5 11
55 47 45 56 48 38 21 52 58 64 59 63 67 67 55 26 21 17 26 45 53 50 40 29 10 8 13 55 95 95 75 48 36 35 31 23 18 23 21 13 10 10 8 7 4 7 13 11 7 7 9 8 8 9 8 5 4 4 5 4 4 4 2 1 6 17 26 21 14 16 15 10 16 21 7 36 33 23 18 11 3 19 27 28 35 41 42 23 18 38 31 24 18 16 16 17
56 49 51 67 63 45 33 67 54 65 64 51 46 58 65 37 18 29 39 52 53 54 48 45 48 59 53 24 74 93 81 62 44 35 30 22 15 22 24 14 8 9 9 9 9 4 8 14 15 14 11 8 8 8 8 7 4 2 3 3 4 4 2 1 3 14 24 21 14 14 12 13 18 24 10 39 37 23 17 15 10 8 23 26 29 36 40 38 11 29 34 25 19 16 14 14
61 55 58 74 78 69 65 77 52 53 39 37 57 66 64 20 44 45 50 60 65 60 55 58 52 57 50 36 46 89 86 69 47 35 30 23 19 23 21 13 8 8 6 6 10 9 4 8 12 13 11 7 6 8 9 7 3 2 2 2 3 3 2 1 0 7 19 21 16 8 11 16 20 29 13 41 42 26 20 19 16 5 19 25 26 34 38 39 28 11 30 26 19 18 21 8
56 60 67 73 81 82 85 75 40 44 46 51 57 65 53 18 61 44 47 53 60 53 55 59 57 55 45 50 33 86 87 70 45 34 31 25 20 23 21 11 7 10 8 6 8 9 7 5 3 4 7 8 7 8 9 5 2 1 2 2 2 2 2 0 0 2 11 15 12 15 18 13 22 33 13 35 47 33 22 20 20 11 12 23 23 30 38 39 38 17 17 28 24 25 24 13
33 41 58 66 73 75 72 45 36 48 48 49 57 71 46 33 66 37 41 50 54 54 58 55 63 52 58 49 35 81 86 72 45 34 32 23 14 23 25 10 3 9 12 7 8 5 3 7 8 7 5 5 7 8 7 3 2 1 1 2 2 2 2 0 0 1 5 10 17 24 19 13 21 29 14 20 45 41 25 20 20 16 2 18 23 26 33 38 39 35 9 23 30 30 27 15
25 26 38 49 59 58 39 35 50 49 42 41 54 75 43 41 67 35 41 55 56 59 56 46 53 48 67 57 39 70 82 70 45 34 33 22 13 19 24 14 5 6 11 10 9 3 1 4 4 7 8 4 3 4 4 2 2 2 1 2 2 2 2 1 1 1 2 12 21 23 18 11 15 20 19 13 33 45 33 21 19 18 8 10 21 23 26 34 37 38 34 3 27 33 27 18
26 25 27 32 34 30 36 48 52 47 38 35 47 67 48 31 64 39 35 62 62 48 47 29 44 55 76 71 49 59 78 71 47 35 33 22 18 19 18 15 8 6 8 8 8 6 3 4 4 6 6 4 5 5 3 2 3 3 2 2 2 3 4 3 2 2 1 11 21 23 21 18 15 16 18 18 11 38 44 29 21 20 17 5 12 20 21 32 37 36 39 30 4 34 35 25
23 24 24 25 32 38 39 46 53 48 39 36 41 45 43 21 53 54 25 41 40 48 44 11 40 43 72 72 59 47 78 73 47 33 30 23 17 14 13 13 10 8 8 8 7 6 3 5 5 4 4 3 5 5 4 3 3 3 3 4 5 6 6 6 4 3 1 6 18 22 20 20 19 15 14 17 14 15 46 39 26 23 22 13 3 16 20 27 35 37 36 39 25 20 41 32
16 18 19 25 39 47 40 44 53 52 46 40 40 40 47 54 55 43 39 17 43 59 53 8 62 35 59 65 65 39 81 73 44 31 28 23 17 12 10 12 11 8 6 6 7 6 5 5 5 4 4 3 4 3 4 4 3 5 6 5 5 4 4 7 7 3 2 3 13 18 17 18 19 16 14 11 18 10 36 47 30 24 23 18 6 9 16 21 30 36 36 39 39 14 27 41
10 13 18 23 37 52 48 44 51 55 51 48 51 52 44 57 52 27 44 25 51 68 65 18 81 44 50 53 60 36 82 74 44 31 28 23 17 14 12 11 10 7 4 5 7 5 2 2 4 4 4 3 2 2 4 4 4 7 8 7 4 2 1 6 8 4 2 2 11 14 13 15 17 15 9 11 23 24 27 51 36 25 21 19 14 1 11 17 25 31 34 36 37 32 8 25
7 10 15 18 27 45 53 53 57 61 60 61 55 50 22 37 23 25 48 36 44 69 65 20 81 49 37 49 55 39 84 74 41 27 24 17 13 11 10 10 8 5 3 4 7 6 3 4 5 5 3 4 3 1 2 5 5 5 4 4 4 4 3 6 7 5 2 2 10 11 10 12 13 11 14 23 29 26 24 52 40 28 21 18 17 7 5 14 21 24 29 36 33 33 32 14
4 7 9 12 20 30 40 46 53 57 58 57 57 56 16 33 12 19 51 25 46 66 55 20 67 53 17 50 57 43 74 56 22 9 8 8 7 8 6 4 4 3 2 3 5 7 4 3 5 8 9 8 6 3 3 3 2 3 2 5 4 5 4 6 6 5 3 2 8 9 10 11 10 13 19 24 28 20 22 49 42 35 27 21 19 13 4 8 17 21 24 34 36 33 36 37
0 7 10 12 19 22 28 30 36 45 44 50 59 60 23 33 14 18 49 15 51 59 50 37 51 50 23 39 56 33 39 48 37 26 24 22 17 15 14 12 11 8 5 5 5 5 4 2 5 9 11 11 9 5 3 2 2 2 1 5 5 5 4 6 7 5 3 3 7 11 14 12 11 16 17 19 26 26 9 36 48 47 34 25 22 19 12 1 10 17 21 28 33 33 33 32
1 5 12 16 19 19 25 28 27 33 40 49 59 64 29 33 17 10 51 19 55 63 57 56 55 50 36 26 42 29 26 64 72 53 36 28 21 19 18 15 14 11 7 6 6 6 6 4 4 3 4 9 9 4 1 2 3 0 4 7 8 9 6 6 8 5 2 2 7 14 17 12 10 12 14 17 25 33 26 5 34 50 42 29 21 18 15 5 3 9 17 22 24 29 34 28
2 2 8 17 21 19 21 29 33 35 41 49 57 64 37 25 20 1 54 25 43 58 50 54 54 54 34 21 37 46 51 53 76 67 45 32 23 20 18 14 12 10 9 9 8 8 8 4 1 5 7 8 8 4 2 3 2 2 5 8 10 9 6 6 7 4 1 1 5 14 20 17 12 12 17 22 24 27 30 21 14 36 47 40 26 18 15 10 3 4 10 18 21 26 34 32
1 1 3 12 21 20 14 17 33 41 45 53 58 64 55 31 28 15 49 47 23 50 37 47 48 36 16 36 50 58 62 46 59 75 56 35 23 18 18 14 10 9 11 11 9 8 8 7 4 5 7 6 5 3 3 4 3 3 6 8 8 6 4 4 3 3 2 1 2 10 17 18 16 17 19 19 17 20 21 15 15 15 36 49 38 24 18 15 10 3 5 12 19 25 29 30
5 0 1 6 15 24 17 10 20 31 41 53 61 62 60 48 45 31 36 58 15 43 37 43 30 14 40 59 65 64 55 34 26 67 63 41 24 20 18 13 10 12 13 11 9 9 8 10 9 5 3 3 7 9 8 7 4 3 5 7 8 5 3 1 2 3 2 2 0 7 13 14 14 17 16 16 18 20 18 13 13 12 13 40 47 32 23 19 15 11 4 6 12 19 23 27
14 2 1 3 7 20 23 9 8 19 30 40 48 52 51 47 51 40 30 51 26 33 38 21 25 48 64 70 63 42 20 36 34 37 55 53 33 26 20 14 14 14 15 11 10 10 6 10 12 8 5 4 4 6 9 7 5 3 3 5 8 9 8 6 5 3 1 2 0 4 9 11 11 10 9 15 18 17 15 14 11 12 9 15 46 44 29 23 17 16 12 4 3 10 16 22
25 9 0 1 1 11 23 20 10 10 19 27 36 42 42 43 46 39 34 43 42 22 18 29 55 62 59 47 28 35 60 67 59 28 26 61 50 36 28 18 15 14 17 15 12 9 5 8 13 12 7 1 4 8 7 5 6 6 7 8 9 10 8 8 8 5 2 2 1 3 6 7 5 5 13 17 15 9 11 12 11 11 12 10 29 52 42 28 21 17 15 11 5 3 8 13
36 17 2 0 1 3 12 23 23 17 18 23 28 36 43 46 40 33 42 48 32 14 45 52 52 38 29 48 66 73 64 51 43 38 16 53 66 45 30 19 15 15 18 19 16 10 6 6 9 11 8 4 6 4 2 5 7 7 4 3 5 6 5 7 9 6 3 1 1 3 3 3 5 13 18 17 10 3 10 13 11 8 12 20 9 41 53 38 27 20 16 15 11 4 2 7
50 28 9 1 0 0 2 9 19 21 21 23 26 32 42 46 38 29 37 40 23 34 43 38 29 36 55 64 59 38 16 26 41 44 40 36 75 59 32 22 19 18 19 19 17 15 10 6 7 9 8 7 6 4 6 8 8 9 4 3 6 6 5 6 8 8 5 3 5 5 4 7 13 20 20 12 1 8 9 11 9 6 11 20 16 15 48 50 34 23 18 17 16 12 6 3
65 39 22 6 0 0 1 2 5 12 17 18 19 27 37 38 40 48 36 14 10 42 47 53 53 50 38 22 23 35 43 38 46 51 48 30 74 74 42 31 24 21 21 18 16 16 13 10 9 8 8 9 8 8 7 5 7 11 6 3 4 5 4 6 9 10 9 4 3 7 7 10 13 17 12 3 11 12 6 7 8 9 9 17 22 10 26 53 43 28 21 19 18 18 14 4
79 50 34 17 3 0 0 2 4 7 11 13 15 23 31 35 35 24 26 35 47 35 17 23 26 18 31 59 64 59 54 42 36 54 52 36 70 86 54 39 32 24 22 18 15 15 14 11 10 8 8 9 6 4 1 5 10 11 4 5 9 12 11 10 10 9 8 12 5 14 6 6 9 13 11 15 16 9 5 5 8 12 14 16 12 15 3 41 54 39 24 20 18 18 17 10
92 58 40 28 12 1 1 2 5 7 8 11 14 18 22 24 21 30 50 52 53 68 65 52 38 35 52 59 53 51 55 55 50 45 58 39 59 88 62 43 39 30 21 18 15 15 14 13 13 9 8 10 7 4 6 9 9 5 3 8 11 13 13 11 10 9 9 16 8 11 19 16 10 9 12 16 12 8 7 7 11 18 23 26 25 16 11 21 54 53 32 23 20 16 15 13
106 66 42 33 23 9 0 3 7 7 7 9 11 12 14 23 35 36 37 42 38 36 60 75 72 54 38 42 50 48 48 62 66 53 55 46 39 82 70 50 39 31 23 18 17 15 13 13 14 8 5 9 9 6 5 5 7 8 9 7 3 3 7 8 9 10 10 15 20 11 9 22 15 9 13 12 8 10 9 10 13 18 21 19 13 14 8 9 35 58 45 31 24 17 14 14
117 80 51 39 29 17 2 4 7 8 7 7 9 10 16 29 37 34 32 40 47 44 37 47 68 72 57 44 44 58 60 52 42 53 53 49 30 73 80 70 45 26 25 22 19 16 12 15 16 10 8 11 12 7 3 1 4 6 5 2 3 3 4 5 6 8 8 7 15 22 9 17 15 10 10 7 7 11 13 13 13 15 21 24 16 2 4 11 16 49 54 40 26 19 16 11
127 110 74 51 38 25 6 4 7 9 8 8 10 12 18 30 36 33 32 37 44 53 58 46 33 57 77 80 73 67 60 40 22 12 23 35 16 63 82 84 57 27 28 29 23 18 14 16 16 10 8 10 10 7 8 10 9 8 8 9 7 3 1 3 4 7 7 4 8 19 15 12 12 6 4 4 6 9 15 18 14 13 19 23 18 6 6 10 8 37 57 47 29 21 19 10
127 133 101 69 51 35 14 1 6 9 9 9 10 13 21 31 35 31 31 36 40 48 60 65 52 32 42 58 61 48 21 32 61 68 66 58 21 43 79 84 59 34 38 40 23 18 18 16 14 10 8 9 8 7 8 10 13 14 15 14 12 9 5 3 4 6 7 7 9 18 19 13 14 6 4 5 6 9 14 18 16 15 19 22 20 15 11 9 5 25 54 48 31 22 22 18
97 130 119 93 70 46 23 5 2 6 9 10 12 13 21 32 34 30 29 33 37 42 51 59 64 64 50 27 7 28 50 65 66 63 67 70 53 19 67 84 58 33 43 45 25 17 18 18 16 13 11 10 8 8 9 5 4 8 10 11 11 12 10 9 9 10 10 10 9 16 21 10 21 12 7 6 6 9 13 17 16 15 19 21 21 19 7 4 6 11 47 50 38 31 25 19
55 100 117 112 91 59 32 13 2 2 4 6 9 13 22 31 34 30 27 30 36 40 44 48 56 64 64 48 57 77 75 67 53 56 61 68 67 31 37 82 69 43 42 43 29 18 17 18 17 14 12 11 9 8 9 7 6 5 4 3 6 9 11 11 13 13 12 10 9 10 20 11 12 14 7 5 6 9 15 20 19 16 18 22 22 23 25 27 23 9 30 52 49 43 26 15
36 53 90 114 108 76 44 22 7 1 1 0 1 9 22 32 36 32 26 27 34 39 40 42 50 56 50 45 73 75 62 47 35 51 52 53 60 48 17 75 80 59 45 40 29 18 18 19 16 15 15 14 10 8 7 6 7 6 4 3 1 5 9 10 10 10 9 8 11 12 13 16 6 15 11 6 6 9 14 23 26 23 22 24 26 32 36 31 27 26 7 37 49 46 25 12
45 36 49 91 113 93 60 32 13 2 2 0 2 2 17 31 36 36 30 25 28 34 35 37 48 55 48 64 75 52 28 16 27 44 52 57 65 61 21 66 82 73 56 40 29 22 20 18 15 14 17 16 11 8 7 7 7 5 4 4 4 3 3 5 7 9 7 9 14 16 16 16 9 11 11 7 8 9 12 18 24 24 23 23 27 29 25 19 28 29 6 42 50 42 24 14
46 44 31 52 97 101 76 45 22 6 1 1 1 0 12 26 34 37 34 27 24 29 36 32 38 51 57 72 50 20 40 52 51 51 66 68 66 57 18 60 74 76 69 48 35 29 23 19 15 16 18 15 11 9 8 7 6 4 4 4 6 6 5 4 6 7 5 7 11 8 5 8 5 11 6 5 7 8 8 12 17 21 19 15 15 12 15 23 30 27 7 44 49 37 22 15
40 39 33 26 70 93 85 58 33 14 0 1 1 1 9 24 37 42 39 29 22 29 34 21 26 46 57 40 27 56 62 63 62 60 55 50 50 48 7 50 68 67 66 53 42 36 29 22 19 18 16 12 10 10 10 8 6 4 3 3 4 4 6 7 6 5 4 5 10 14 17 18 12 4 9 9 5 7 7 7 11 20 18 7 7 20 28 26 19 21 7 36 54 40 23 14
33 33 38 37 46 69 81 67 44 22 3 1 1 1 4 23 44 46 38 28 26 37 25 11 33 43 28 32 66 74 69 71 65 42 4 45 72 80 49 23 63 68 65 59 47 38 33 27 20 17 14 12 11 11 10 9 6 5 3 4 3 3 6 8 6 6 6 4 4 5 5 9 16 10 11 14 9 9 9 7 9 18 19 10 16 25 24 15 13 20 17 24 52 44 24 16
37 38 41 46 41 40 66 69 51 29 7 0 0 1 1 19 45 50 39 30 38 40 4 35 34 21 38 63 70 68 69 66 39 27 54 60 74 85 73 24 41 69 68 65 53 40 36 30 22 17 15 13 13 11 11 9 7 5 5 6 5 3 5 8 5 4 5 4 4 6 7 6 7 19 17 11 15 13 13 9 11 18 19 16 18 17 15 20 19 21 19 17 49 44 24 18
38 36 35 37 36 26 47 65 54 34 13 1 0 1 2 12 38 51 46 39 50 44 24 42 17 34 50 58 59 61 63 47 21 63 71 44 57 77 71 46 5 56 69 70 62 45 40 37 28 20 16 14 13 12 14 14 8 2 4 7 8 4 3 7 7 5 5 5 4 3 3 3 7 20 23 7 13 14 14 15 17 17 13 14 19 19 18 17 16 21 20 19 48 42 22 17
35 32 30 31 29 23 30 56 53 40 21 3 0 1 1 7 24 40 48 49 56 44 28 38 19 45 51 52 57 68 72 55 40 71 69 36 53 80 72 63 40 27 69 72 67 50 36 34 30 21 17 16 13 11 15 19 12 2 0 5 9 7 3 6 8 5 3 4 4 4 5 6 9 18 23 9 11 17 15 15 18 17 14 16 19 20 18 14 13 21 19 28 47 37 21 18
31 30 28 25 21 21 19 41 49 43 28 6 0 0 1 4 16 25 35 51 60 42 28 36 23 47 51 47 47 60 69 55 33 66 64 34 57 79 79 72 62 6 58 71 70 59 41 33 29 20 16 16 13 7 11 17 13 6 2 5 8 8 4 5 8 5 3 5 8 10 9 8 9 16 25 17 10 21 12 14 21 20 14 15 17 16 17 15 12 20 20 36 46 31 21 20
21 24 24 21 19 21 15 27 43 45 32 11 0 0 0 1 12 19 23 43 60 44 26 28 25 45 47 48 44 50 61 54 32 58 60 25 50 67 72 73 72 33 36 66 70 68 53 40 34 24 17 17 15 12 12 13 11 8 6 6 6 7 4 4 7 6 2 5 8 10 10 11 10 13 21 21 2 20 15 7 15 20 14 12 14 13 12 13 14 19 14 32 36 19 15 17
13 13 16 17 17 20 18 15 36 45 34 14 3 1 1 1 7 18 20 34 56 46 23 18 27 39 41 46 45 46 54 48 38 50 56 23 34 53 68 75 73 57 3 60 72 71 58 44 39 30 21 18 19 16 12 11 11 9 8 6 5 5 3 4 6 7 3 5 6 5 10 12 13 12 15 18 15 8 17 5 8 17 16 13 14 12 6 8 12 19 11 25 40 27 20 20
17 8 6 10 14 17 20 13 26 44 35 15 5 2 1 1 1 13 20 28 48 46 24 12 28 35 34 39 41 44 51 40 49 58 54 26 32 49 61 66 64 68 33 40 72 73 62 47 39 30 24 20 20 17 12 11 11 9 8 6 5 3 1 3 6 7 4 5 8 1 8 13 13 12 13 16 15 2 15 9 4 10 20 24 18 9 1 5 8 19 24 16 43 39 27 25
14 17 9 11 15 18 21 22 20 36 35 17 5 3 2 1 1 4 15 23 40 41 26 19 33 31 27 33 37 42 47 37 57 64 49 21 33 45 55 63 60 67 53 13 63 74 70 58 42 31 28 24 20 17 13 12 11 10 8 6 5 2 1 4 7 8 6 5 9 4 5 11 13 14 17 23 18 13 21 21 11 10 22 32 19 2 7 5 9 18 30 11 30 39 23 17
12 13 23 23 21 22 25 28 26 26 29 18 5 3 2 2 1 0 9 18 31 32 25 30 38 28 21 29 34 40 41 34 57 47 28 28 38 43 48 59 61 54 52 30 34 64 75 68 47 33 31 26 19 16 14 12 10 10 9 6 5 3 2 5 9 8 6 5 10 8 1 6 9 13 20 23 22 15 13 25 19 15 24 36 26 11 13 8 12 20 32 8 39 46 28 20
35 24 8 5 10 8 3 1 6 13 21 18 8 3 2 2 1 2 5 14 21 23 25 37 40 32 24 28 32 36 34 41 52 21 31 41 42 49 58 60 45 36 65 74 47 38 68 77 56 34 30 28 20 16 14 12 10 10 8 6 6 4 2 4 9 7 5 3 7 12 8 2 10 17 19 16 19 23 7 17 20 16 24 36 29 18 15 10 16 22 30 7 46 45 28 21
31 35 35 34 32 32 31 26 22 19 21 22 13 4 2 2 1 1 4 12 13 15 25 38 46 43 34 32 33 34 38 56 35 26 46 42 40 52 62 39 25 56 65 70 65 44 41 77 68 38 24 27 25 19 15 11 10 10 8 7 7 6 3 4 9 5 5 8 5 7 15 11 11 17 17 13 14 19 17 5 13 20 24 35 34 24 10 14 14 20 26 11 46 44 25 13
19 19 20 20 20 23 25 25 25 26 28 28 20 10 4 2 1 0 3 9 10 10 19 32 43 46 40 37 35 39 46 32 26 60 66 63 58 58 55 19 53 62 57 61 63 61 29 62 81 55 31 20 22 23 17 12 9 10 10 9 7 4 2 5 7 1 8 11 15 9 8 19 18 14 15 13 12 11 10 13 9 13 23 28 27 19 23 14 5 18 26 9 37 45 27 10
15 13 15 16 19 23 30 37 39 34 33 32 27 18 10 6 2 0 2 7 9 10 15 22 35 42 42 42 37 37 23 26 50 54 57 44 41 51 28 32 67 59 58 62 57 60 39 38 89 74 35 25 16 22 21 14 12 12 11 9 5 4 5 6 4 5 10 7 14 16 13 8 13 16 12 12 14 10 6 4 18 5 18 23 23 20 26 20 3 6 21 13 23 46 34 14
13 13 15 17 21 26 31 39 49 52 45 37 32 24 16 11 3 0 0 4 6 9 11 15 28 38 40 43 39 27 32 36 30 44 69 76 68 60 34 45 62 43 48 57 49 57 53 23 94 78 47 22 23 17 23 16 15 11 7 7 6 7 6 4 0 7 8 1 9 11 13 17 14 8 8 11 14 12 7 6 16 13 17 22 23 22 25 28 14 8 9 18 19 44 35 17
13 14 15 17 20 22 24 29 41 61 66 55 45 34 23 16 6 0 0 1 3 3 2 6 18 31 36 37 39 44 44 40 54 62 71 80 85 87 66 28 64 49 29 48 46 56 63 11 91 84 63 31 24 23 23 17 18 12 10 9 7 4 2 2 4 4 6 8 10 9 10 12 11 14 12 11 12 10 7 6 17 14 19 20 19 25 30 25 15 10 10 17 20 40 31 17
20 20 20 19 18 17 20 26 29 50 73 73 62 53 46 30 12 1 1 1 1 0 0 0 7 20 27 27 36 55 67 65 55 54 62 69 69 70 73 33 71 67 31 58 54 47 60 16 73 97 77 42 25 34 27 18 21 15 11 4 3 4 4 4 2 4 11 15 14 12 12 13 14 14 14 12 8 8 7 6 18 10 20 21 21 28 26 19 20 10 10 11 15 26 32 19
22 23 23 22 20 19 23 25 24 27 54 75 67 69 78 62 33 13 2 1 1 0 0 0 1 11 16 15 25 45 63 64 54 50 55 62 65 70 75 53 69 67 28 75 57 49 66 45 46 99 85 51 27 23 31 26 23 17 13 8 3 4 2 4 7 12 15 17 17 15 11 11 13 11 11 12 9 10 9 14 18 3 21 23 22 19 21 21 17 13 9 17 17 15 29 22
15 17 18 20 21 23 27 28 26 21 31 63 58 68 100 103 67 38 16 4 1 0 0 0 0 7 12 12 15 20 27 41 47 46 50 55 63 76 90 83 56 57 27 79 74 68 71 59 21 82 87 52 44 29 18 24 19 18 20 20 11 14 14 15 15 17 16 16 17 17 12 7 9 10 11 13 14 13 9 15 8 16 22 23 25 11 7 21 23 23 19 21 9 3 19 27
6 6 7 11 17 23 31 35 33 26 23 48 35 51 83 122 99 65 36 13 6 1 0 1 0 3 8 9 9 7 5 18 28 36 49 58 65 78 89 87 68 54 36 63 70 70 71 64 27 71 96 56 41 33 18 14 17 21 23 29 19 18 20 20 19 18 18 17 16 17 17 14 11 10 12 15 16 12 7 12 3 25 24 25 24 10 8 4 19 22 14 8 4 16 24 40
2 0 4 10 16 26 36 43 41 32 27 40 20 45 45 103 115 87 58 26 16 8 1 1 1 1 2 4 4 4 2 8 16 25 41 53 56 58 62 67 67 49 36 41 61 66 67 66 31 67 100 64 37 28 24 15 20 23 21 30 21 16 17 19 22 22 21 19 17 17 20 23 24 22 19 15 15 11 6 10 5 28 26 16 11 11 2 11 3 15 14 1 2 18 9 38
1 3 10 16 21 30 38 40 33 31 38 35 24 45 32 73 114 107 83 55 40 24 8 2 0 0 1 3 2 1 1 2 6 11 22 36 42 43 46 54 59 51 40 35 59 63 68 72 52 71 95 67 29 23 25 19 17 19 18 30 30 20 18 19 21 23 23 19 17 16 18 20 22 23 24 20 11 12 12 15 15 33 32 16 14 16 11 9 7 11 19 18 20 24 28 13
2 6 14 18 21 28 34 31 19 28 47 30 33 47 38 54 100 112 93 85 77 51 28 15 9 5 4 3 1 0 0 0 0 0 4 14 26 34 35 38 44 44 39 38 59 62 73 82 72 81 90 61 30 26 23 17 13 13 13 22 32 24 18 16 14 15 17 15 13 11 11 13 14 15 16 16 15 11 14 13 9 32 31 20 17 17 12 3 12 11 22 28 27 29 39 23
2 8 15 18 19 24 31 31 22 21 51 31 35 49 42 45 83 105 99 110 118 89 56 33 19 13 13 13 11 7 2 1 0 1 1 0 5 15 22 24 28 29 26 34 51 55 64 74 81 90 83 49 31 26 19 13 10 10 10 12 24 26 17 10 8 9 9 7 6 5 5 6 5 5 4 3 6 8 8 12 2 24 28 16 14 15 14 6 14 10 12 14 12 16 31 40
