data/dogrib/slope.asc
ncols        357
nrows        223
xllcorner    457900.000000000000
yllcorner    5716800.000000000000
cellsize     100.000000000000
NODATA_value -9999
[rows 0 to 58 of 223, columns 0 to 95 of 357]
43 43 41 43 45 39 32 43 49 44 39 28 28 48 50 47 38 27 14 17 21 24 32 41 42 44 45 19 65 42 16 24 27 19 3 9 6 8 7 16 28 37 28 11 35 38 22 18 19 21 34 45 39 5 44 66 69 73 56 33 25 20 17 32 36 35 38 34 32 50 37 15 32 23 24 22 30 60 54 41 47 57 54 27 40 57 56 47 44 35 19 15 26 24 13 10
58 63 68 70 71 70 68 71 68 57 46 32 33 50 61 62 52 42 34 37 44 52 60 67 69 66 47 44 73 38 16 23 25 20 12 14 12 6 10 13 19 24 25 14 25 53 57 42 25 14 26 48 48 2 54 68 69 67 48 30 30 35 40 55 61 60 62 58 54 56 22 27 39 35 34 37 47 77 91 83 93 99 77 48 51 54 50 47 52 51 34 21 21 20 16 13
7 15 30 45 55 60 57 50 38 24 13 7 16 30 48 61 61 55 57 62 65 69 72 68 53 32 5 58 79 39 18 23 24 18 17 10 18 12 6 18 27 37 44 45 28 16 45 57 54 46 38 52 51 14 66 70 65 53 34 30 39 47 51 58 55 51 56 56 54 32 21 44 37 33 27 23 31 53 88 94 76 48 39 58 54 44 41 33 37 50 42 18 13 21 20 14
18 16 9 7 20 30 28 18 11 8 5 5 9 15 27 41 53 61 66 67 64 55 40 24 11 13 24 67 80 41 20 23 22 13 13 15 9 21 16 2 13 25 38 50 54 44 19 18 36 46 49 50 39 24 69 70 61 42 31 38 48 55 57 57 52 52 56 46 32 22 44 43 28 24 25 23 23 27 45 60 39 34 58 70 60 57 66 62 52 39 24 23 21 22 20 14
22 22 20 16 10 4 9 7 2 8 9 8 9 11 16 19 22 28 30 27 20 11 11 17 19 17 27 72 77 35 17 20 17 9 9 15 14 12 24 23 16 6 13 33 50 60 57 42 23 11 18 29 22 30 67 68 55 40 44 53 57 60 64 65 64 61 46 27 29 37 51 49 31 20 21 24 26 33 18 36 64 60 64 69 62 57 50 31 18 25 39 41 33 26 20 17
27 26 24 20 17 12 7 8 6 8 9 9 9 12 15 13 9 7 8 11 15 18 18 15 14 13 28 73 69 25 12 18 15 10 9 12 18 12 18 27 28 23 12 8 25 44 56 53 43 35 30 32 18 33 64 58 45 46 56 59 60 62 70 73 64 39 13 15 15 27 49 62 59 42 26 22 26 35 22 38 76 64 55 57 50 38 36 44 50 55 52 48 43 30 26 21
28 28 26 23 20 17 12 9 9 7 8 9 9 14 17 16 15 14 14 13 12 12 12 12 13 12 26 67 66 24 13 18 15 11 11 13 17 15 9 20 31 33 28 21 10 14 35 42 35 25 26 36 14 36 53 44 50 61 64 61 60 60 55 36 12 27 47 47 38 22 15 37 55 58 42 25 24 32 29 26 83 75 54 54 53 50 52 56 60 58 46 57 39 39 40 27
24 26 27 26 24 21 15 10 8 6 8 11 12 17 19 18 16 13 17 24 29 27 21 17 15 12 22 61 67 30 13 16 15 10 11 14 17 15 10 13 24 34 34 32 29 23 36 51 48 46 52 40 10 31 35 50 61 62 58 52 39 19 0 22 48 64 67 58 47 36 15 17 38 55 56 35 23 28 37 10 78 86 63 61 68 74 71 65 64 54 60 60 43 57 62 40
22 24 25 26 26 27 24 15 7 5 7 10 14 18 19 16 15 22 38 53 61 61 53 40 28 17 18 56 67 36 15 15 16 13 13 16 18 18 14 11 14 24 30 31 33 32 41 55 56 54 39 12 19 21 26 28 23 15 7 17 34 48 52 42 45 54 55 52 53 50 29 11 24 43 59 49 29 26 38 20 56 89 74 63 67 79 84 75 58 48 70 58 53 63 78 56
17 20 23 24 26 29 27 18 9 3 5 8 12 16 16 15 22 36 49 54 57 66 71 67 55 36 15 47 66 45 20 19 19 18 17 17 18 18 13 11 13 15 21 24 28 29 37 53 59 45 9 16 18 16 26 40 49 55 63 72 76 73 66 59 40 45 61 48 54 69 53 28 16 30 49 55 42 32 36 33 32 82 87 76 75 77 81 80 68 60 70 68 65 65 80 66
9 13 18 22 21 22 23 17 9 4 3 10 15 16 13 17 35 47 43 37 30 36 51 62 66 57 28 33 66 57 31 21 20 19 17 17 18 16 12 12 14 13 16 18 22 22 32 52 56 31 12 26 28 40 53 61 67 70 70 68 65 63 62 65 60 38 64 63 39 72 71 50 28 25 37 46 44 38 40 47 36 65 87 74 51 33 27 39 60 69 70 71 66 72 83 76
8 8 11 14 19 23 21 16 9 4 3 9 16 18 13 20 39 39 21 19 27 15 19 39 54 63 51 16 65 71 36 16 14 16 16 17 16 15 13 11 13 14 16 16 17 19 28 52 51 19 21 29 26 31 36 38 41 47 53 55 56 56 54 57 62 56 52 69 37 61 81 67 43 30 39 50 50 42 45 63 51 41 61 51 46 55 53 44 38 36 24 17 26 48 69 81
13 13 15 18 25 26 22 17 11 6 4 8 14 17 15 20 34 38 35 39 46 44 17 24 43 57 63 29 55 81 40 11 13 15 15 14 12 15 14 10 11 14 16 16 16 17 26 49 44 11 22 29 29 33 37 39 38 37 39 44 48 48 48 52 60 67 56 61 55 45 79 77 58 41 45 59 64 61 60 72 44 32 64 72 75 70 69 83 90 78 62 63 66 53 36 58
16 20 23 26 29 27 25 21 15 10 7 6 11 15 16 18 25 31 29 26 39 58 40 16 34 50 63 49 36 83 49 17 15 16 17 14 13 18 16 13 8 15 13 16 15 15 25 45 38 2 30 36 35 35 38 43 43 39 35 35 34 32 33 40 50 60 62 58 63 42 68 82 73 58 55 67 72 64 65 65 19 51 72 76 71 55 43 54 73 79 76 77 75 69 56 42
21 24 21 30 30 27 26 25 21 15 9 5 8 12 14 15 18 19 14 6 27 59 51 24 18 41 59 61 30 76 57 19 9 14 19 18 17 20 16 15 9 14 13 14 20 20 25 42 29 11 38 35 28 28 32 38 39 38 35 33 31 28 25 22 28 42 58 67 69 49 57 76 77 69 65 72 73 65 60 46 29 63 69 68 61 58 62 61 46 39 51 60 60 57 62 62
26 26 23 34 33 31 30 27 23 17 10 4 5 8 10 12 17 22 20 13 30 56 49 29 9 25 50 61 41 62 56 18 4 14 22 18 17 21 15 15 12 8 15 13 15 21 25 40 18 19 30 30 33 38 44 48 50 49 45 39 37 35 35 33 32 34 43 55 58 46 48 63 70 69 68 70 67 51 31 13 25 63 77 78 69 60 60 71 68 42 30 32 32 22 29 45
23 25 22 29 24 25 26 23 21 17 11 3 3 5 8 11 13 20 25 22 30 45 46 34 18 9 35 50 45 49 49 19 9 15 24 21 18 20 15 16 14 8 10 16 19 12 22 33 10 20 23 23 23 24 33 44 54 58 52 41 36 36 38 42 44 40 35 34 34 31 35 51 59 62 63 61 40 10 30 42 29 29 58 75 75 69 64 70 73 72 65 56 46 35 34 34
26 19 31 29 19 21 21 21 22 19 13 6 3 2 6 12 12 15 23 26 30 39 52 52 33 10 20 33 44 45 41 19 12 15 23 24 21 18 12 15 14 12 8 7 18 25 26 26 5 22 28 37 42 41 37 27 28 46 50 41 36 38 45 48 44 37 31 28 25 20 8 22 29 31 34 18 12 42 57 65 65 51 38 46 68 76 70 66 58 55 62 52 36 50 64 71
31 23 41 29 20 18 16 19 23 22 17 9 3 0 4 12 15 14 18 24 25 25 40 58 50 20 14 25 35 38 31 17 14 18 23 25 23 16 11 14 15 14 12 8 8 21 34 32 1 33 44 47 47 47 51 53 50 48 49 44 41 44 46 42 37 34 32 30 27 24 21 26 19 8 7 34 48 54 59 67 74 72 63 32 28 64 65 60 55 61 68 47 40 53 58 60
20 35 45 26 22 17 13 17 21 22 19 13 6 1 1 8 17 17 16 20 24 24 35 54 53 31 15 21 21 21 19 15 15 18 21 21 23 15 11 14 15 14 12 11 10 15 31 36 1 43 47 38 33 28 26 29 38 45 45 41 39 39 37 35 35 34 31 30 27 23 33 38 30 27 27 58 54 52 59 54 63 66 63 56 23 39 70 74 68 67 67 58 55 56 57 60
7 39 51 26 20 20 14 14 20 22 22 18 11 4 2 4 12 17 16 19 26 33 41 47 44 37 23 12 11 8 10 11 13 15 17 16 21 15 8 12 13 13 12 11 11 18 32 32 8 46 42 31 33 34 30 25 21 25 29 29 34 36 35 34 35 33 31 30 27 26 40 39 37 40 36 64 55 57 60 51 57 61 54 55 45 22 56 86 81 62 63 70 73 75 78 78
8 34 56 33 19 21 17 12 17 22 23 23 18 10 6 4 7 14 16 18 25 36 43 42 45 50 48 32 13 7 13 13 13 13 14 13 17 16 6 11 16 15 13 12 12 18 31 23 18 44 34 24 28 34 36 36 39 48 51 46 46 45 41 37 35 33 30 30 25 36 43 43 49 53 42 55 54 47 65 64 48 35 37 49 52 49 22 87 88 66 63 74 79 74 64 44
11 27 57 46 25 20 19 12 13 18 22 24 22 16 10 5 5 8 14 19 24 32 38 39 44 52 58 52 31 16 14 10 8 12 15 15 16 14 7 7 13 17 15 14 14 17 30 15 27 39 26 19 23 29 34 39 41 47 55 54 54 51 46 40 36 32 30 28 28 44 46 49 53 58 47 46 56 56 76 52 42 33 41 49 52 59 27 77 99 79 69 69 55 24 42 71
12 17 48 53 37 20 20 15 12 16 20 24 24 19 12 6 3 5 10 20 24 25 28 27 28 33 47 53 37 19 15 14 15 13 11 9 10 8 8 12 5 12 14 12 14 17 26 4 32 30 21 17 19 23 30 34 32 34 39 46 52 50 46 40 35 31 29 25 35 49 48 53 53 57 48 46 64 77 77 24 53 45 47 50 52 61 47 53 98 90 71 48 41 54 70 63
14 9 38 55 48 24 17 17 16 18 20 24 26 23 16 8 1 3 6 17 26 22 20 22 24 28 44 51 37 24 20 19 21 23 22 19 19 16 13 15 13 6 14 10 10 13 20 4 30 23 18 17 18 19 17 16 19 25 31 45 51 45 44 38 32 30 28 23 41 52 52 56 48 55 46 44 65 83 55 28 44 42 49 52 55 64 66 31 73 87 67 56 58 58 60 60
19 16 28 54 55 34 15 14 17 18 19 22 26 26 20 12 4 2 5 13 23 24 18 19 24 32 43 43 44 48 46 43 40 39 38 33 28 23 19 18 20 12 9 13 7 11 19 11 29 23 20 19 17 16 22 28 28 33 39 45 42 36 40 36 30 28 26 23 42 48 47 54 45 53 45 45 69 82 34 47 46 46 49 53 57 66 70 39 32 67 77 75 68 67 71 78
22 28 16 48 58 45 19 10 15 18 18 19 24 26 23 17 10 2 5 10 17 24 24 20 23 33 42 47 50 49 49 51 53 53 50 46 40 33 27 23 22 22 10 8 11 13 21 10 26 20 19 17 15 21 26 25 22 29 34 35 33 31 36 34 30 28 26 25 42 43 46 48 36 51 42 52 76 67 14 57 53 48 54 61 66 65 49 38 25 28 68 81 77 69 60 51
23 36 9 40 57 56 31 17 20 21 19 17 22 25 23 20 15 7 3 8 11 16 25 25 21 26 34 35 33 32 34 39 46 51 55 56 54 46 36 27 22 22 20 10 7 16 20 8 23 17 17 20 17 19 23 23 24 34 39 38 35 31 35 34 30 28 26 27 42 43 49 51 30 49 38 59 73 36 30 61 55 52 60 66 67 47 16 51 69 49 20 54 69 56 43 46
23 38 11 29 50 59 45 38 31 31 18 14 21 24 22 21 20 13 2 7 9 10 19 26 21 16 18 22 22 20 18 20 24 30 38 46 53 55 45 31 22 19 17 17 10 10 12 5 25 24 18 16 15 16 20 22 22 30 36 38 37 33 35 34 30 28 25 29 43 45 52 54 30 48 35 70 58 19 53 58 57 58 64 68 58 22 45 61 70 76 57 24 59 68 65 71
24 39 17 19 42 52 54 52 47 53 33 20 21 23 20 19 20 17 8 3 10 10 13 23 24 15 14 19 19 15 10 5 3 6 12 19 35 54 51 36 23 18 16 15 14 11 11 3 25 31 18 15 17 17 19 21 24 31 36 38 36 33 34 34 31 29 25 30 44 48 55 54 28 45 40 66 15 53 67 60 59 63 66 59 22 52 67 61 59 72 74 55 47 78 65 61
25 38 22 12 32 37 38 29 33 47 44 35 28 25 20 18 20 19 13 3 9 13 13 18 24 20 13 18 20 16 13 13 15 17 17 15 27 50 53 41 25 16 15 13 12 10 12 10 20 33 19 15 17 17 17 19 25 35 40 41 40 35 35 34 33 31 27 31 45 53 59 50 26 38 53 42 32 68 69 62 59 62 60 35 36 73 75 69 59 62 61 58 13 69 74 62
31 34 23 8 22 22 21 29 36 30 21 26 31 26 21 18 19 19 17 10 2 11 15 16 20 21 15 17 23 22 20 20 21 23 21 15 26 50 52 42 26 14 14 13 12 10 13 14 13 31 19 14 17 17 16 15 18 32 38 41 43 39 40 36 32 32 33 39 50 56 58 39 29 40 44 12 51 65 69 61 53 51 42 15 58 84 72 62 43 44 49 56 18 49 79 67
28 27 19 6 19 23 37 48 42 32 25 22 25 23 19 16 17 19 18 13 3 7 16 18 16 19 17 20 27 26 23 24 27 29 25 21 32 53 50 38 24 13 12 12 11 11 13 15 7 28 19 14 16 17 16 13 12 25 32 34 38 37 43 40 33 35 41 50 56 57 55 36 31 24 15 55 60 59 65 61 51 42 27 21 67 91 58 42 40 44 49 54 41 12 69 77
20 21 13 9 23 32 49 50 32 20 20 22 22 19 15 14 16 18 17 13 7 8 16 17 14 16 19 24 28 24 22 25 28 27 34 39 47 55 45 31 20 14 14 12 9 9 14 17 4 26 20 13 16 17 17 12 11 23 28 29 30 29 38 39 35 39 48 56 61 60 55 32 17 26 47 55 52 54 58 58 49 29 27 43 68 88 50 45 59 55 60 65 67 46 27 69
17 16 6 17 27 36 51 47 25 15 16 14 12 11 11 13 16 18 16 13 9 10 15 14 12 14 21 28 26 21 22 27 34 33 28 41 46 47 35 24 17 12 11 8 6 7 13 19 6 22 22 13 16 17 17 13 10 20 25 26 27 26 33 36 37 44 54 61 64 58 36 10 41 46 40 43 48 50 52 51 34 19 39 64 84 87 57 42 64 63 66 68 70 77 52 18
16 10 10 21 27 37 51 45 23 11 10 9 9 12 14 17 18 18 15 13 11 12 14 11 8 13 23 30 22 18 23 28 38 44 35 31 34 32 25 17 11 6 11 14 10 9 14 20 12 16 22 13 15 17 18 14 11 17 22 25 27 27 32 38 42 50 59 61 50 22 16 46 58 52 47 43 47 57 52 34 17 35 47 77 101 86 39 21 34 35 42 48 55 73 67 13
11 7 16 21 25 37 49 43 22 10 10 13 14 15 17 20 23 19 10 12 15 15 15 10 6 12 25 30 20 18 29 37 44 47 40 25 21 21 15 7 8 11 10 12 9 9 15 21 16 10 20 12 13 15 17 16 13 15 17 20 23 24 28 34 45 58 57 36 6 36 55 61 60 56 54 53 55 61 43 12 30 46 57 86 87 37 26 41 44 46 51 56 61 66 53 11
5 12 16 18 24 36 47 43 26 17 16 16 16 16 16 21 28 21 3 11 17 19 18 15 18 30 40 39 36 43 53 54 49 45 34 19 12 9 9 14 14 11 12 13 10 9 15 23 18 7 18 11 11 12 15 15 14 15 15 16 18 17 20 31 47 45 17 26 54 66 67 66 66 63 59 57 52 39 16 24 42 53 62 77 60 17 52 42 40 41 41 47 52 41 43 39
16 17 14 13 21 32 43 48 42 35 28 23 18 15 15 24 32 20 7 17 17 19 19 24 38 53 57 55 57 62 61 53 42 33 22 12 12 16 18 15 12 11 14 15 12 10 14 23 21 4 18 12 9 11 13 13 14 15 14 15 15 13 22 39 34 10 47 67 70 68 65 63 61 57 54 46 27 2 27 38 46 57 60 63 37 34 50 40 42 39 35 46 45 38 63 68
20 23 22 18 15 19 28 35 34 28 21 18 15 14 18 28 32 15 15 22 16 17 19 30 48 54 49 47 46 41 33 25 18 13 13 19 24 23 19 14 12 12 15 15 13 12 14 23 23 4 18 14 9 10 12 12 13 15 15 15 14 17 32 29 11 50 63 59 54 51 47 45 42 38 34 17 18 33 36 40 45 57 60 54 26 38 47 46 50 48 44 48 39 64 64 66
20 24 25 28 29 30 34 37 33 25 20 19 18 17 21 31 31 11 20 24 15 17 22 35 47 42 31 24 21 18 19 18 18 23 28 30 26 22 18 15 13 13 15 14 12 13 15 21 24 7 15 17 10 10 12 11 11 14 15 15 14 30 30 7 40 53 47 42 41 37 32 31 30 26 21 15 39 44 39 40 43 53 60 42 21 37 40 39 34 40 49 27 57 72 57 59
15 21 22 25 33 46 57 58 48 36 30 26 20 18 23 31 30 11 25 31 18 17 25 37 38 21 11 18 25 29 28 27 29 32 32 27 21 18 19 17 14 14 16 15 13 13 15 19 24 14 11 20 11 8 11 12 11 13 15 17 24 27 4 31 40 40 38 38 38 36 33 31 30 26 18 25 46 49 45 41 39 51 60 19 39 61 68 69 60 56 41 28 74 52 58 57
10 18 18 19 29 42 46 39 29 27 27 24 19 18 24 31 30 14 26 39 28 17 21 27 20 21 28 32 34 35 35 34 33 31 26 22 20 19 20 18 14 15 18 17 14 13 14 19 25 19 6 21 13 7 10 11 11 13 17 24 23 4 25 33 31 33 34 35 37 36 34 33 31 26 16 28 47 53 52 44 39 59 50 19 63 70 69 56 35 27 5 66 74 39 57 59
9 17 18 21 30 36 29 18 14 21 23 20 18 20 28 35 34 22 28 42 38 29 26 27 29 33 32 31 34 37 38 35 30 24 19 20 21 20 21 19 15 16 20 19 15 13 14 18 25 23 1 19 16 8 8 10 10 14 18 13 11 23 24 22 26 28 28 33 37 37 35 33 31 25 17 33 48 54 53 43 46 61 23 50 65 65 56 23 30 43 51 85 71 38 52 51
16 23 22 26 35 37 26 16 17 19 20 19 18 21 32 40 39 26 29 40 38 33 30 27 25 25 25 25 28 32 34 30 22 18 20 19 20 23 24 21 14 16 21 20 16 15 15 16 22 25 8 15 17 8 7 8 8 9 6 16 23 19 15 19 24 24 25 30 35 38 36 33 30 24 21 45 52 52 54 43 52 42 18 60 66 67 34 41 68 78 85 91 66 43 52 49
15 25 26 31 42 44 30 19 19 20 17 17 15 18 29 36 28 6 24 33 31 29 28 24 20 18 16 15 15 19 25 26 23 20 20 21 22 24 26 22 15 16 21 20 16 15 16 16 20 26 14 11 17 9 7 5 8 7 13 18 17 13 14 18 22 22 23 27 33 37 35 33 29 21 28 57 61 52 55 55 34 14 49 69 74 54 18 68 71 74 82 78 56 41 46 36
8 19 27 34 45 53 43 23 19 19 10 7 6 10 22 30 23 22 30 28 21 17 19 20 20 15 11 10 8 9 15 24 27 21 20 22 24 26 28 24 16 16 20 20 16 14 16 16 21 28 17 10 18 11 7 10 9 14 14 14 16 16 15 17 20 21 21 26 32 35 35 34 28 17 38 65 63 55 62 49 13 55 68 65 50 26 61 81 67 67 68 56 33 23 31 36
8 13 23 34 44 56 57 41 27 18 7 7 5 8 19 29 30 29 31 29 22 16 10 4 11 13 10 9 7 6 11 19 26 24 19 21 27 28 29 26 18 16 18 19 16 14 16 17 21 30 19 7 19 10 8 8 9 14 13 14 16 17 16 17 19 20 21 25 30 33 34 35 29 14 45 64 60 54 48 9 48 69 55 26 41 75 95 90 67 51 33 15 13 32 44 44
13 12 16 29 41 52 61 58 48 34 18 12 11 12 17 23 27 25 25 24 22 20 17 12 2 9 11 10 7 7 8 13 19 23 20 22 28 30 30 27 20 16 17 18 16 15 16 17 21 29 22 5 19 9 5 4 8 11 12 15 17 16 16 17 18 19 21 25 28 30 32 36 27 21 52 60 62 53 15 37 62 54 24 44 81 99 95 66 27 8 27 36 28 21 46 48
14 14 10 18 33 47 59 62 62 56 38 20 13 13 15 17 20 22 23 23 22 20 16 16 10 4 13 12 9 8 7 7 11 18 22 23 29 31 30 28 22 17 16 17 15 16 18 17 21 29 24 3 16 11 5 4 6 11 13 16 18 16 16 17 17 18 21 26 28 28 30 36 24 31 60 61 66 44 23 56 49 25 40 78 81 57 20 20 54 66 64 59 50 25 31 47
14 18 12 9 18 34 47 51 56 62 56 38 21 14 13 14 14 16 20 23 24 20 17 18 14 2 10 13 11 9 7 8 10 16 21 24 29 30 30 28 23 19 17 16 15 17 18 16 20 29 25 3 13 12 7 4 6 10 14 18 19 17 16 18 17 17 20 26 28 28 29 35 23 30 64 64 61 21 42 55 30 34 69 72 34 19 54 75 86 78 66 53 47 40 25 46
16 20 17 11 9 21 34 31 35 50 57 53 35 19 15 15 14 14 17 19 22 15 19 22 15 10 7 11 13 10 8 12 15 18 22 27 30 31 29 26 25 23 19 14 15 17 16 15 19 28 26 6 13 14 6 6 6 8 13 18 20 20 17 17 18 17 19 25 27 28 29 33 26 26 67 70 51 10 50 42 30 66 67 23 27 53 54 59 65 57 52 39 44 39 18 38
17 22 23 19 12 17 31 24 18 33 47 55 49 30 21 20 20 19 16 16 20 9 22 21 19 20 16 15 17 15 12 17 21 24 29 35 37 36 31 24 25 24 18 14 16 17 15 14 16 24 28 12 10 17 12 6 5 6 10 16 19 21 19 17 17 18 19 24 27 26 28 31 29 31 64 71 50 13 48 34 63 67 26 37 60 55 38 48 59 46 39 45 48 42 28 31
17 23 24 23 19 20 28 27 17 20 32 46 55 40 26 26 28 26 18 12 19 8 23 20 19 21 19 17 20 17 15 19 24 28 34 37 37 32 23 19 22 22 15 14 16 15 13 13 14 18 26 21 3 14 18 11 5 5 8 13 17 21 20 17 18 19 20 25 26 24 25 29 29 38 63 67 45 15 37 54 49 8 34 62 66 54 43 42 62 55 34 58 60 57 49 39
15 19 21 22 23 26 28 30 23 19 22 32 51 47 28 29 33 31 24 17 21 15 22 19 20 24 24 19 19 16 16 18 26 30 30 29 24 16 16 17 20 20 16 13 14 15 14 14 14 13 19 24 18 4 15 19 9 4 6 10 15 19 20 18 18 20 22 27 26 23 24 28 31 45 60 59 37 21 31 19 21 53 63 61 63 56 51 49 53 65 38 58 70 69 60 44
22 24 23 19 20 26 31 32 28 23 20 23 39 51 27 27 36 44 43 42 37 23 22 17 25 29 29 23 19 16 15 16 22 24 22 22 20 19 21 23 23 22 18 11 11 14 15 16 14 10 11 18 23 17 3 20 17 7 5 7 12 18 21 19 17 18 22 27 26 25 27 32 39 53 61 54 34 13 20 44 64 71 70 64 59 64 52 57 60 68 54 55 72 72 66 55
34 32 25 17 13 16 23 29 32 28 22 19 28 47 34 36 46 55 61 54 33 17 15 10 23 24 30 27 23 19 13 10 13 19 24 25 24 22 24 27 25 23 17 11 11 14 16 17 14 10 8 10 18 22 11 9 22 15 5 3 8 16 20 19 16 17 21 25 26 28 34 43 51 61 64 48 15 28 50 53 57 62 62 59 62 67 56 49 58 63 60 51 67 78 78 74
31 38 30 20 12 11 15 23 31 33 30 25 27 41 47 57 54 44 41 32 35 29 6 13 20 18 26 29 25 20 12 6 5 10 19 21 17 20 29 31 27 22 15 11 13 14 17 17 14 12 8 5 10 19 20 8 17 24 9 1 4 11 19 19 15 16 20 24 26 31 40 50 58 62 46 10 30 50 49 45 49 53 54 48 46 45 34 24 26 36 45 38 42 74 87 87
18 38 38 29 19 11 10 17 25 31 34 32 32 37 49 60 45 24 38 48 40 19 7 18 22 21 22 26 24 20 15 10 8 7 13 18 19 25 33 34 29 23 17 16 16 14 15 16 15 13 6 2 5 10 18 20 3 28 17 5 3 8 17 19 15 15 18 22 27 34 46 52 47 28 3 34 52 55 51 51 53 51 46 32 20 34 49 56 58 56 54 50 31 36 63 80
