data/dogrib/slope.asc
ncols        357
nrows        223
xllcorner    457900.000000000000
yllcorner    5716800.000000000000
cellsize     100.000000000000
NODATA_value -9999
[rows 118 to 176 of 223, columns 0 to 95 of 357]
8 13 12 9 5 5 8 15 24 27 25 23 24 24 23 25 30 31 26 19 16 22 26 21 18 24 29 30 39 47 53 49 34 18 17 19 28 46 17 39 49 45 41 35 34 38 40 38 33 28 23 19 17 16 15 13 10 10 11 12 8 7 5 7 12 21 34 53 59 51 40 33 29 25 24 21 16 8 1 0 0 0 1 0 0 1 8 15 21 42 73 94 98 85 59 40
15 16 10 1 3 2 9 17 22 22 21 22 22 22 24 25 25 25 21 20 22 28 22 17 22 34 47 52 47 50 51 48 37 28 27 28 40 54 18 45 49 32 22 16 16 25 36 41 39 33 27 22 18 16 14 15 13 8 7 7 8 5 5 6 9 14 13 26 42 49 48 44 37 28 25 27 26 19 11 5 1 0 0 0 0 1 4 14 17 17 35 65 90 97 87 69
8 7 3 2 1 7 14 20 23 22 20 18 16 17 20 19 18 18 18 24 29 23 12 16 40 59 68 61 48 49 36 33 32 32 30 28 44 58 17 47 50 26 11 7 8 14 23 35 41 39 34 28 22 15 13 15 15 11 6 6 7 6 4 4 6 12 9 9 22 31 38 43 43 36 29 27 28 25 20 13 5 0 0 0 0 1 1 8 18 16 14 27 53 73 80 70
5 7 7 9 13 18 23 27 26 21 17 16 17 17 17 15 15 21 22 29 29 19 14 41 70 80 71 59 50 44 26 25 25 27 25 21 42 56 18 53 51 25 15 11 11 9 9 18 32 37 38 36 29 18 13 13 13 13 8 7 7 7 3 4 4 10 11 2 12 14 20 30 38 37 30 26 26 24 23 19 10 1 0 0 1 1 1 0 10 20 19 17 26 42 60 67
14 17 18 21 24 27 28 27 24 22 22 25 26 23 20 17 20 26 29 31 24 25 43 82 86 62 35 34 33 25 15 17 16 16 20 19 39 51 18 52 44 21 18 18 14 10 7 8 19 30 36 41 37 24 13 9 10 11 8 7 5 7 5 3 4 6 10 7 9 5 7 18 27 31 32 30 29 26 24 25 16 3 1 1 1 0 0 0 1 8 18 24 26 31 40 49
15 18 20 24 28 31 30 28 27 28 30 29 27 25 24 25 27 28 29 21 19 31 78 94 60 24 9 14 13 9 9 10 12 17 22 20 31 44 12 47 39 18 13 18 20 16 13 8 8 18 31 41 42 32 18 9 8 8 8 7 5 6 7 2 4 2 4 6 6 3 1 8 17 23 27 32 38 40 39 37 28 12 1 1 0 0 0 0 1 1 3 13 22 31 35 33
20 22 24 27 30 31 31 32 33 30 26 22 22 23 25 29 31 32 26 17 24 58 92 61 18 11 12 11 10 11 12 12 14 20 23 23 29 36 16 47 36 17 10 12 18 21 20 15 6 6 19 34 42 40 29 15 9 7 7 6 5 5 7 4 4 3 1 3 4 3 2 2 9 15 17 22 32 46 56 59 54 38 14 1 2 1 0 0 0 1 3 1 7 21 32 32
19 20 22 26 29 30 29 29 26 23 20 20 21 23 24 28 33 37 32 25 38 81 75 25 13 11 13 15 18 20 19 16 15 19 21 24 33 27 22 47 32 16 10 11 12 16 21 23 15 6 7 22 37 44 40 26 11 5 4 4 4 3 5 5 3 3 3 4 1 0 0 1 4 8 13 17 24 33 46 61 72 71 50 22 3 2 0 1 1 0 1 2 1 6 19 27
20 24 27 28 25 21 19 17 17 18 21 24 24 23 24 32 42 44 41 43 67 86 43 21 18 16 18 20 22 22 22 20 16 18 21 28 33 20 25 40 27 18 16 14 14 10 16 23 22 13 6 10 26 36 47 43 21 9 3 3 4 3 4 3 1 1 3 5 1 1 0 1 1 4 9 15 20 24 32 45 63 84 90 74 38 7 4 2 0 1 1 1 0 0 6 18
23 26 26 22 16 12 13 17 21 25 28 28 26 23 30 45 58 59 68 89 98 66 21 19 19 19 18 15 11 13 21 23 19 20 22 29 25 24 24 35 29 21 20 20 19 17 18 23 23 17 9 7 16 22 38 54 42 21 8 4 4 3 3 3 1 0 2 5 2 2 1 1 0 2 6 13 18 24 30 35 44 64 89 108 101 61 19 1 4 2 1 0 0 0 1 10
16 16 13 11 11 15 20 26 31 35 38 37 34 29 35 57 73 78 86 84 57 26 17 16 16 18 16 13 9 8 16 19 20 25 24 23 18 27 22 28 34 26 22 24 25 22 22 26 26 22 15 11 12 14 20 40 52 37 17 7 4 3 3 4 4 2 1 4 3 1 1 0 2 3 6 13 17 19 23 27 30 36 54 89 125 126 84 31 2 2 1 0 0 1 1 5
5 9 11 14 18 23 28 33 39 46 53 56 54 48 42 64 78 71 51 25 13 15 14 15 15 16 16 16 15 10 12 18 22 24 22 19 24 22 19 22 36 31 26 28 29 26 26 29 31 27 20 17 16 15 13 21 45 51 29 12 4 2 1 1 5 5 3 3 3 1 2 2 1 3 5 12 18 20 15 14 19 22 29 47 85 128 137 91 31 5 0 1 0 1 1 3
4 11 16 20 24 29 33 39 49 62 73 76 79 77 66 72 79 43 16 19 15 13 13 12 11 12 15 17 18 14 12 19 21 16 17 20 23 20 18 24 35 36 30 29 33 34 36 35 33 30 22 20 22 19 14 12 28 54 44 19 7 3 0 0 2 6 5 3 2 2 2 4 4 4 6 9 16 23 23 11 10 19 28 36 49 90 142 146 90 37 14 4 1 1 0 1
11 17 20 22 25 28 28 32 42 52 51 46 58 74 78 78 65 20 20 19 15 14 12 10 8 11 17 20 19 14 12 19 23 15 16 25 24 25 17 31 35 38 34 30 35 39 41 41 38 33 24 16 20 21 16 11 13 42 54 31 14 5 1 1 1 5 7 4 1 2 2 3 5 6 6 8 12 18 25 23 14 15 27 36 41 60 111 159 150 92 43 20 7 1 0 1
20 27 23 23 25 23 19 25 41 57 61 49 18 19 35 42 32 12 21 17 16 15 14 13 10 12 19 21 14 15 19 24 26 18 22 30 25 28 23 41 39 38 37 32 30 22 31 36 38 38 31 19 16 19 17 17 12 26 50 43 25 12 2 2 3 4 7 5 3 3 3 3 5 8 8 9 10 12 19 27 27 24 28 33 32 32 65 119 157 139 84 43 20 5 0 1
10 28 31 29 29 22 17 24 37 54 66 69 48 27 20 21 19 1 18 21 22 22 20 17 13 15 21 19 17 23 25 28 29 19 31 26 29 25 39 47 36 32 31 24 16 6 23 23 24 32 37 25 15 15 15 18 18 18 37 46 34 20 7 2 2 4 6 5 4 3 3 4 4 8 10 10 11 11 10 19 30 31 35 37 35 27 26 75 125 149 128 76 39 18 5 2
19 11 28 29 31 23 13 11 18 33 52 66 52 34 30 32 33 21 7 25 32 32 28 21 16 16 21 21 28 31 31 32 27 22 36 22 32 22 49 41 26 16 14 20 20 24 26 21 18 23 35 28 16 15 13 16 20 19 27 40 38 28 16 7 3 2 4 5 5 3 3 4 3 6 10 11 14 14 7 11 26 34 39 40 35 37 32 39 95 131 150 115 64 36 16 6
25 16 22 28 28 23 15 15 21 23 30 54 50 32 34 39 42 39 27 21 30 39 37 29 20 13 16 16 19 16 25 36 24 31 35 29 31 29 50 33 22 15 6 22 29 28 26 23 19 17 27 26 17 15 12 14 19 20 24 33 37 33 23 12 7 6 5 5 5 4 3 4 2 4 9 11 14 17 12 8 18 31 40 41 33 37 50 22 60 106 144 137 89 55 29 14
21 20 15 31 34 36 36 40 48 46 30 36 41 27 24 25 32 44 45 33 19 37 45 39 29 16 11 10 10 8 21 34 20 40 26 36 25 39 48 31 25 24 23 9 12 16 16 16 17 17 21 21 14 13 12 13 16 19 22 27 34 35 27 16 11 9 7 6 6 5 4 4 3 3 7 10 13 16 15 13 17 25 35 40 33 38 54 44 18 75 123 138 108 74 44 27
22 26 15 32 40 52 54 56 62 59 52 30 25 16 24 29 22 32 49 46 28 31 50 46 37 23 14 19 21 19 24 31 25 40 22 41 21 47 48 30 28 24 23 21 11 4 5 11 15 15 17 17 12 9 10 13 14 16 19 22 31 35 27 18 13 10 9 8 6 6 5 4 3 2 5 9 12 15 18 20 23 22 27 35 35 42 55 47 12 46 100 124 117 88 57 38
26 30 12 32 48 63 50 36 36 30 40 48 46 41 41 43 37 27 44 54 44 24 51 51 41 26 24 31 29 27 29 26 36 38 27 44 26 53 46 25 34 30 21 19 14 7 4 12 16 13 14 13 10 8 8 13 14 15 16 18 28 33 20 14 16 12 10 8 6 6 5 5 4 2 2 6 11 14 18 25 30 26 23 29 37 48 55 44 28 22 79 109 120 101 70 49
28 35 11 31 49 57 39 29 32 29 10 18 28 31 38 44 38 34 34 56 51 17 47 55 42 31 36 40 35 36 34 30 44 35 33 43 35 54 36 15 35 35 26 19 13 7 3 11 16 15 15 12 10 8 7 13 17 21 22 27 32 21 18 22 22 18 13 9 7 6 5 5 5 3 2 3 7 11 15 23 32 32 26 29 41 52 49 42 39 5 57 96 116 113 90 69
27 39 14 27 39 48 43 37 36 41 39 29 23 25 38 44 37 40 28 51 54 20 43 57 45 44 49 48 42 46 41 46 47 35 40 41 39 48 24 18 36 37 30 18 9 12 12 14 17 17 15 13 12 11 9 12 17 21 20 23 17 20 29 32 31 24 19 13 9 8 6 6 5 3 2 2 3 6 11 19 29 32 28 32 44 52 45 39 43 29 24 76 104 119 111 91
27 40 14 26 28 25 32 30 19 18 25 21 24 35 47 47 35 39 39 40 57 31 40 59 53 56 58 51 49 54 52 55 49 42 47 45 42 40 18 28 38 38 29 13 17 21 21 20 19 20 18 15 15 15 11 11 16 21 17 19 27 27 21 28 34 29 22 17 12 10 9 8 5 3 3 3 2 3 7 15 25 30 30 38 45 49 46 38 39 42 13 41 87 120 128 109
26 39 13 38 45 43 47 53 38 35 33 27 34 28 40 58 48 33 47 40 56 46 41 64 63 62 58 51 53 54 53 50 44 42 49 50 46 33 24 37 40 35 24 21 25 19 21 20 18 19 18 16 16 16 14 15 17 14 11 15 16 13 15 22 33 34 26 18 15 13 12 10 6 3 3 5 2 2 4 10 19 27 32 41 47 47 46 41 36 39 37 12 49 102 135 124
24 35 20 55 60 57 51 51 39 44 40 38 41 29 28 55 65 42 40 49 65 58 41 55 57 55 49 41 43 39 31 23 18 23 35 43 42 32 35 43 41 31 20 27 23 22 25 22 17 19 20 17 16 16 18 16 8 20 27 21 13 11 12 16 27 38 32 21 20 19 16 12 8 4 3 5 4 3 2 4 11 20 30 40 48 46 45 46 40 36 41 39 3 68 116 128
22 21 36 58 56 47 46 45 46 44 47 47 44 39 35 41 67 59 32 51 61 38 7 14 11 14 15 22 28 23 17 16 15 8 5 22 29 31 43 46 39 29 23 22 19 32 30 21 15 17 19 16 16 19 15 11 20 21 20 19 14 9 9 12 19 33 34 27 28 29 23 15 11 6 3 4 5 5 4 1 5 15 27 35 43 45 42 46 44 39 38 44 26 42 92 118
11 15 44 53 55 50 50 59 60 53 58 63 61 57 53 43 51 65 47 45 36 10 40 48 45 39 36 43 43 39 36 35 34 31 25 17 7 32 46 43 38 31 26 13 28 39 31 18 14 16 15 15 17 21 15 21 18 9 10 16 19 13 9 10 14 26 30 34 37 39 29 19 13 8 4 3 4 6 7 4 1 9 25 33 37 42 42 43 45 43 39 40 33 16 70 105
8 27 45 53 58 51 37 36 40 37 42 55 62 63 65 66 57 58 60 45 11 43 53 50 56 58 53 51 47 42 38 38 39 41 39 37 14 24 45 45 40 32 22 26 40 42 29 13 9 14 14 15 16 17 19 18 15 14 10 11 19 17 10 9 11 20 23 28 36 46 34 24 16 10 6 3 3 5 7 6 4 2 19 33 34 38 44 44 43 43 40 39 38 11 42 90
18 36 47 49 42 31 30 34 38 40 39 36 38 49 61 68 67 59 56 36 15 52 54 42 40 52 54 48 45 43 40 40 38 43 43 43 28 6 39 50 43 31 31 39 44 39 22 6 3 12 15 14 17 17 14 13 13 17 16 11 14 17 12 7 6 11 12 14 30 49 39 27 19 13 9 4 2 4 7 7 7 5 6 27 34 35 42 47 47 46 45 44 43 36 7 45
21 40 41 32 26 28 32 34 35 41 50 52 47 41 36 29 25 29 31 13 29 42 49 51 36 33 47 48 43 39 36 37 29 39 43 44 41 22 16 43 48 44 44 45 41 29 16 6 4 5 14 18 19 19 14 16 17 19 22 19 15 16 13 7 3 5 5 7 20 48 45 28 20 15 10 5 2 3 6 7 7 6 1 13 30 37 40 46 51 52 51 49 49 49 40 21
20 41 34 18 14 16 18 27 43 54 57 57 54 36 11 23 29 32 30 27 37 35 36 46 47 34 21 34 40 35 32 31 24 39 45 49 51 42 8 38 56 53 46 37 30 26 21 12 2 8 14 18 16 17 17 19 19 22 25 26 23 17 13 9 5 4 3 4 11 44 46 29 21 15 11 7 3 2 4 7 8 6 4 2 16 32 38 41 45 50 51 49 50 51 49 45
29 48 34 16 20 38 47 52 61 65 63 50 31 27 36 45 43 46 40 30 37 35 29 28 41 45 35 24 17 19 25 27 26 40 44 45 50 43 20 31 52 54 49 42 40 37 31 14 15 22 19 18 17 14 19 26 25 25 24 28 29 22 13 10 7 4 3 1 15 41 42 27 20 15 12 9 5 3 3 6 8 6 5 6 5 18 29 34 38 44 48 47 48 50 49 48
52 66 42 22 25 46 49 51 57 61 51 20 15 38 46 47 40 45 36 24 35 37 32 23 27 36 34 33 29 21 21 22 15 35 47 48 43 34 32 25 30 46 53 47 41 43 36 14 27 30 27 23 18 14 26 35 37 35 25 26 31 27 18 11 8 4 0 7 28 40 33 23 18 14 12 10 7 5 5 6 7 7 7 9 6 12 21 27 34 38 42 44 44 45 46 45
68 73 47 33 25 43 48 46 54 55 30 19 42 44 49 48 41 48 35 25 35 36 32 34 31 31 29 27 25 22 23 29 13 35 55 48 36 33 41 35 12 22 40 44 45 47 34 21 35 33 33 33 21 15 35 39 41 48 30 23 29 30 23 14 11 10 14 26 39 34 23 17 15 13 12 11 8 6 6 7 7 7 8 12 7 9 17 20 28 34 37 37 36 39 41 41
59 58 45 45 42 46 50 57 56 38 3 44 52 43 47 38 39 46 32 30 30 32 30 33 39 39 39 38 34 31 29 34 20 36 56 49 34 34 42 44 34 7 26 44 50 50 38 33 43 37 35 42 24 25 48 47 45 61 40 21 24 30 28 19 14 17 23 30 30 22 14 12 12 12 12 11 9 7 7 7 9 9 8 11 12 3 15 19 25 32 36 34 32 35 37 36
42 50 43 56 59 63 60 63 53 11 35 56 55 46 35 25 40 35 29 35 28 23 30 26 31 37 38 38 34 27 23 29 20 33 55 47 33 35 38 44 45 25 9 40 53 53 41 44 48 36 37 45 29 40 55 42 42 68 51 22 18 29 30 25 18 19 22 19 17 16 12 11 11 10 11 11 10 8 7 7 9 11 9 10 13 6 7 19 26 32 35 33 32 34 35 35
36 55 37 59 63 60 56 52 32 14 53 60 55 42 16 34 35 21 32 38 33 18 23 29 22 17 17 18 18 19 19 27 22 21 53 47 34 39 31 39 45 36 20 35 58 56 45 52 50 36 44 46 36 46 39 9 33 61 56 26 13 24 30 28 24 25 29 30 26 22 17 14 13 10 10 11 10 8 6 6 7 10 11 11 12 12 9 0 15 30 34 33 33 33 35 37
39 62 48 43 40 28 19 19 15 30 56 59 51 29 23 39 27 23 37 39 39 27 9 23 34 33 34 41 45 41 34 34 34 7 45 50 43 36 26 41 42 39 30 12 49 62 53 56 52 44 51 46 43 37 8 29 48 56 54 26 10 17 26 25 22 21 24 25 26 22 17 15 14 10 9 10 9 8 7 5 5 8 12 12 11 12 14 15 7 15 34 35 31 30 34 37
54 68 49 17 15 16 31 39 37 35 48 56 53 22 31 40 26 26 36 33 42 42 27 4 28 38 40 41 39 39 38 34 38 21 26 48 40 25 39 42 33 34 41 33 15 55 66 65 54 49 53 47 40 21 34 52 55 53 39 18 11 15 21 21 16 16 20 20 19 21 19 17 15 12 10 10 9 9 8 5 4 6 10 12 11 11 9 9 14 12 18 32 29 25 28 30
41 51 24 11 34 41 46 50 46 35 38 50 54 24 28 40 28 27 35 30 38 46 45 29 5 7 8 13 25 41 43 35 35 34 13 25 31 38 38 31 36 45 50 53 39 35 62 68 59 60 56 45 31 40 55 52 38 26 16 12 16 17 18 17 16 18 21 17 20 26 23 19 17 14 12 11 10 9 8 7 7 7 9 11 9 10 10 7 8 20 15 15 28 24 20 19
24 37 11 21 42 47 40 46 48 40 35 40 49 29 17 37 34 33 36 30 27 38 45 41 39 37 32 22 14 37 44 38 37 39 21 21 41 34 31 44 47 44 50 58 62 48 35 38 48 64 59 45 46 55 51 36 32 30 20 16 18 17 18 23 26 27 24 28 35 39 32 20 19 16 13 12 12 10 7 7 6 5 6 9 8 7 11 12 6 11 22 11 11 20 19 16
29 38 14 25 41 46 33 29 46 49 44 38 40 32 13 29 37 39 35 24 19 33 42 45 49 53 51 43 21 23 40 40 42 45 24 20 40 39 37 30 26 32 45 55 65 58 31 12 10 41 60 58 55 51 45 45 42 37 26 18 17 20 21 20 22 23 19 27 28 42 35 25 27 25 18 14 13 12 8 6 6 5 4 6 8 7 8 13 12 9 13 21 16 2 13 20
26 34 14 31 37 40 39 25 32 44 46 44 39 31 15 17 25 28 23 15 18 31 46 48 44 46 48 48 32 14 32 38 45 51 29 15 29 23 20 30 38 43 49 55 61 50 26 19 15 18 59 65 56 51 51 47 44 40 27 18 15 14 15 17 20 19 21 18 24 39 27 36 43 40 28 18 14 13 10 8 7 6 4 5 7 8 7 11 15 13 12 18 26 24 17 7
29 20 18 35 37 38 37 25 12 16 23 26 22 14 6 6 5 3 3 7 12 22 36 48 44 36 38 48 37 17 21 36 46 53 34 8 24 20 26 34 39 45 50 52 54 40 18 16 20 10 40 65 62 52 46 48 48 43 31 24 18 14 17 17 17 19 18 13 30 28 26 36 44 48 37 23 15 13 12 10 9 8 6 5 7 8 7 8 13 14 13 14 21 25 28 30
50 28 27 33 28 24 29 24 15 11 6 7 14 22 31 36 34 27 17 8 8 15 22 34 44 38 39 48 41 27 15 34 46 53 38 7 25 22 26 30 34 46 55 56 50 33 20 20 22 20 7 43 61 55 51 50 52 45 35 31 26 20 17 17 19 16 10 18 25 21 28 23 33 48 46 31 19 16 13 11 11 9 7 6 8 9 9 8 10 12 12 12 16 20 22 31
47 48 49 46 38 29 32 28 18 14 19 31 38 39 36 29 25 22 21 14 8 14 15 12 18 32 43 48 45 36 20 29 44 53 41 9 24 25 29 34 42 53 56 50 39 28 26 27 27 26 21 5 45 62 55 51 53 45 35 35 34 23 16 19 19 17 15 16 20 28 25 19 25 40 51 44 31 22 15 12 12 11 9 7 9 11 10 8 9 11 11 9 11 15 17 22
37 49 62 54 42 32 32 32 26 24 37 44 39 26 11 25 33 29 23 10 8 18 19 20 17 15 36 43 42 38 28 26 39 49 43 6 23 27 31 37 49 55 50 37 26 26 28 28 27 25 28 20 18 53 57 52 54 49 39 39 38 21 27 28 25 21 18 22 24 20 15 17 21 29 42 47 41 29 18 13 12 11 9 7 7 12 12 9 7 6 6 7 7 9 10 13
34 44 67 62 45 35 38 36 29 37 45 32 18 31 42 44 30 8 13 19 15 18 24 22 19 6 25 40 41 42 37 26 33 46 45 8 25 28 34 43 54 55 44 26 20 24 25 24 23 23 25 26 14 27 53 59 57 51 43 44 35 34 41 39 37 24 22 22 16 10 10 14 18 21 28 40 43 31 19 14 12 9 9 6 5 9 13 10 7 4 3 4 5 6 8 11
38 38 70 66 55 48 46 40 35 40 26 20 48 53 39 13 20 35 32 21 18 24 18 20 23 15 11 35 47 49 44 30 29 43 42 7 25 29 37 48 56 49 35 21 19 21 21 21 20 21 23 26 28 10 26 55 60 53 51 46 43 50 42 44 39 31 32 27 20 14 11 11 14 18 23 36 42 31 18 15 14 10 8 6 3 4 9 10 7 5 4 4 6 6 7 10
43 39 68 63 64 63 59 45 27 14 21 55 58 29 12 45 58 42 30 34 22 13 32 37 37 32 16 10 29 45 51 44 31 38 38 4 30 37 44 52 54 40 26 20 23 25 25 23 18 18 22 25 29 28 12 29 60 62 57 53 55 47 38 47 37 44 47 43 34 23 14 11 12 17 26 36 39 30 18 14 16 13 10 8 4 3 6 9 7 6 4 5 5 6 7 9
49 51 64 67 65 65 64 49 17 23 54 61 33 16 56 69 51 37 44 39 19 42 43 44 45 46 40 28 8 13 34 47 41 33 32 8 34 40 49 50 41 27 21 22 31 33 32 27 20 21 25 27 29 29 28 8 37 61 63 63 59 47 46 50 50 52 53 56 49 36 20 11 11 16 28 36 38 34 22 14 14 14 12 10 8 6 7 9 9 7 4 4 5 6 12 17
57 64 65 62 60 58 64 65 41 44 56 32 14 50 71 53 36 44 53 33 33 46 40 49 53 51 47 41 29 17 7 17 32 30 22 14 36 43 52 47 31 23 24 32 37 36 37 28 25 27 27 27 28 27 29 28 7 33 56 61 56 56 58 60 58 51 49 54 55 44 26 12 10 14 24 33 43 46 32 16 11 11 11 12 11 10 10 11 12 10 7 6 7 13 18 21
36 57 61 57 63 64 75 78 53 38 21 34 61 71 68 32 39 50 48 27 46 46 38 45 52 53 46 37 28 23 23 17 4 14 11 22 38 40 47 43 34 36 39 45 36 41 39 27 27 25 23 22 25 25 26 29 27 12 10 25 35 45 53 57 52 43 43 50 54 47 30 15 8 11 18 24 38 53 45 23 12 9 8 9 10 10 10 12 13 13 11 9 8 13 14 14
13 23 63 66 72 74 86 81 48 17 23 56 64 61 44 16 46 49 32 43 56 47 34 33 40 48 48 36 27 28 28 28 26 15 4 23 41 45 50 46 42 50 52 48 34 45 35 26 24 21 19 19 21 23 25 27 31 36 30 20 17 13 20 31 32 35 46 52 51 44 30 17 9 7 11 14 25 49 53 32 17 11 8 5 4 5 6 8 11 13 13 11 7 10 9 7
35 12 65 70 77 81 92 78 37 1 33 46 40 32 12 26 41 39 43 54 48 31 20 28 34 40 43 37 32 35 34 32 32 30 17 10 35 49 56 47 43 50 51 38 41 44 27 21 19 19 19 20 21 22 26 28 28 31 32 30 28 24 16 9 31 48 54 50 43 37 30 21 11 6 10 17 25 38 44 32 21 15 13 7 3 3 2 2 6 8 11 12 6 7 8 5
34 15 60 68 72 85 97 76 33 5 40 55 51 33 21 30 35 39 37 28 9 12 27 33 31 28 33 35 35 37 39 39 39 38 35 16 10 35 54 53 46 44 38 29 48 37 20 19 19 19 20 21 22 23 25 26 26 28 27 26 28 28 28 17 29 47 48 45 42 40 36 26 15 10 13 17 20 26 31 30 22 18 19 11 3 4 3 3 2 3 5 10 8 4 7 4
30 12 58 68 65 81 93 75 39 15 51 72 65 43 41 37 26 19 11 23 41 51 51 45 32 16 15 21 21 22 27 32 40 43 43 35 16 9 36 48 38 25 31 41 46 26 16 19 20 20 21 20 21 21 21 23 24 27 26 26 30 28 28 20 13 41 49 50 46 43 39 27 18 14 11 17 30 35 35 31 23 25 26 17 6 3 4 5 4 3 0 5 8 4 4 4
28 8 60 71 65 76 84 67 37 16 53 75 61 27 42 44 30 35 43 48 52 50 48 46 42 37 24 13 18 15 14 12 18 33 44 44 34 17 7 25 28 27 40 46 39 21 17 19 20 22 23 22 22 21 21 22 24 27 27 28 32 28 32 26 10 22 40 45 45 42 38 29 22 17 10 4 10 26 35 31 32 38 37 28 17 6 3 3 4 3 2 0 5 5 2 3
