data/CentralKootenay/Fire2/elevation.asc
ncols 106
nrows 68
xllcorner -1620000
yllcorner 438000
cellsize 100
NODATA_value -9999
[rows 0 to 37 of 68, columns 0 to 83 of 106]
2232 2237 2222 2239 2304 2351 2366 2338 2331 2319 2308 2256 2247 2265 2282 2263 2232 2264 2336 2331 2327 2311 2345 2345 2371 2394 2440 2480 2519 2610 2658 2703 2664 2631 2594 2566 2571 2582 2559 2594 2587 2584 2579 2613 2579 2532 2497 2516 2520 2534 2528 2549 2583 2647 2685 2708 2717 2659 2620 2591 2516 2457 2474 2528 2529 2479 2451 2489 2526 2554 2539 2443 2411 2377 2357 2346 2315 2279 2249 2250 2270 2304 2394 2470
2260 2262 2240 2255 2298 2349 2392 2351 2325 2321 2318 2285 2279 2280 2297 2284 2282 2307 2378 2360 2366 2346 2365 2365 2389 2408 2436 2484 2527 2590 2631 2678 2628 2596 2570 2554 2525 2526 2495 2540 2550 2573 2598 2560 2527 2501 2468 2494 2488 2503 2498 2516 2540 2595 2628 2666 2727 2720 2686 2637 2561 2552 2598 2617 2502 2454 2417 2446 2470 2506 2527 2440 2404 2366 2316 2304 2285 2264 2227 2226 2251 2313 2355 2397
2322 2316 2284 2262 2311 2346 2388 2360 2331 2327 2322 2305 2318 2304 2320 2307 2294 2321 2399 2382 2389 2368 2386 2430 2428 2451 2457 2478 2546 2576 2616 2680 2631 2579 2541 2524 2502 2482 2448 2466 2497 2527 2587 2547 2511 2489 2448 2445 2438 2436 2460 2487 2503 2552 2581 2624 2674 2757 2728 2675 2570 2562 2592 2572 2479 2442 2407 2377 2378 2398 2431 2441 2395 2361 2309 2292 2275 2258 2218 2204 2225 2279 2317 2352
2348 2344 2322 2310 2348 2374 2396 2393 2342 2324 2318 2340 2340 2334 2346 2333 2317 2338 2425 2404 2405 2399 2416 2464 2457 2474 2472 2488 2544 2573 2623 2674 2610 2564 2508 2458 2498 2452 2418 2421 2448 2486 2553 2544 2497 2469 2419 2410 2417 2438 2459 2471 2466 2518 2556 2585 2665 2730 2721 2637 2530 2522 2551 2483 2459 2426 2392 2353 2346 2360 2389 2438 2395 2359 2310 2294 2278 2262 2220 2193 2195 2242 2275 2308
2373 2367 2362 2374 2384 2392 2399 2430 2390 2350 2340 2354 2356 2360 2365 2361 2344 2433 2473 2457 2417 2422 2435 2478 2505 2496 2502 2502 2549 2602 2661 2633 2565 2535 2494 2435 2401 2375 2370 2368 2378 2404 2510 2524 2484 2451 2394 2393 2397 2424 2444 2460 2465 2507 2540 2573 2656 2717 2659 2574 2472 2479 2496 2497 2453 2420 2385 2343 2333 2333 2387 2416 2397 2356 2309 2295 2274 2240 2216 2193 2164 2179 2203 2230
2424 2419 2424 2424 2402 2405 2410 2448 2424 2383 2364 2372 2380 2380 2372 2364 2349 2432 2482 2489 2471 2468 2463 2495 2561 2572 2544 2531 2567 2626 2630 2530 2521 2513 2468 2416 2376 2344 2341 2344 2350 2365 2431 2456 2468 2459 2376 2375 2384 2398 2422 2440 2460 2491 2529 2564 2678 2701 2639 2551 2456 2446 2440 2474 2457 2414 2386 2334 2308 2290 2304 2374 2396 2366 2310 2296 2273 2228 2209 2189 2169 2152 2167 2191
2453 2456 2468 2448 2444 2442 2442 2474 2458 2433 2388 2389 2393 2395 2384 2376 2358 2426 2471 2513 2505 2490 2495 2511 2566 2589 2621 2606 2628 2652 2597 2523 2493 2498 2444 2403 2360 2328 2323 2323 2330 2338 2394 2413 2410 2377 2367 2366 2369 2385 2393 2412 2466 2497 2545 2573 2693 2668 2604 2525 2435 2427 2405 2423 2447 2414 2375 2313 2286 2261 2276 2301 2347 2383 2315 2287 2261 2214 2198 2185 2168 2127 2138 2148
2483 2490 2500 2472 2466 2462 2478 2484 2478 2457 2438 2427 2426 2426 2422 2414 2405 2418 2465 2509 2534 2513 2526 2545 2583 2595 2590 2577 2624 2642 2592 2517 2478 2430 2399 2348 2318 2284 2258 2301 2310 2319 2360 2375 2359 2328 2343 2353 2364 2381 2395 2417 2477 2524 2572 2592 2629 2579 2522 2426 2405 2419 2389 2385 2410 2422 2330 2283 2258 2249 2250 2270 2307 2363 2317 2279 2257 2206 2186 2178 2166 2134 2111 2091
2625 2539 2540 2502 2490 2487 2503 2504 2499 2481 2458 2446 2446 2446 2443 2435 2422 2435 2473 2517 2577 2569 2565 2577 2590 2574 2550 2575 2603 2615 2578 2493 2450 2417 2387 2347 2315 2282 2239 2239 2251 2272 2291 2283 2289 2306 2326 2341 2357 2377 2397 2420 2504 2542 2545 2554 2596 2568 2512 2404 2390 2377 2360 2342 2322 2336 2358 2276 2253 2250 2227 2243 2270 2346 2311 2268 2243 2200 2181 2169 2149 2134 2116 2095
2690 2648 2628 2592 2559 2546 2547 2526 2521 2514 2489 2479 2475 2463 2459 2450 2439 2461 2487 2538 2617 2596 2551 2528 2530 2507 2484 2550 2549 2524 2556 2476 2445 2418 2369 2347 2319 2292 2231 2222 2226 2269 2262 2252 2267 2298 2316 2334 2358 2369 2393 2430 2517 2519 2522 2531 2562 2549 2495 2400 2386 2366 2350 2317 2304 2298 2354 2293 2254 2241 2207 2192 2205 2271 2299 2260 2235 2199 2178 2166 2143 2130 2118 2101
2740 2699 2663 2638 2611 2579 2569 2577 2581 2586 2581 2557 2529 2499 2474 2465 2460 2486 2509 2560 2631 2584 2542 2500 2498 2494 2470 2530 2541 2508 2489 2480 2439 2406 2361 2337 2328 2296 2229 2208 2204 2236 2234 2237 2252 2293 2314 2332 2377 2386 2414 2436 2464 2483 2493 2501 2517 2532 2484 2401 2382 2358 2316 2302 2289 2268 2330 2319 2264 2237 2204 2175 2175 2228 2267 2293 2300 2247 2222 2200 2168 2130 2118 2104
2800 2756 2673 2682 2685 2632 2595 2603 2607 2601 2600 2575 2545 2516 2495 2495 2533 2565 2596 2649 2597 2553 2507 2483 2471 2458 2449 2514 2540 2507 2479 2458 2419 2383 2361 2327 2301 2267 2215 2205 2196 2186 2212 2225 2243 2283 2309 2344 2391 2417 2427 2412 2429 2455 2466 2478 2500 2522 2499 2423 2396 2344 2289 2265 2246 2242 2300 2331 2294 2223 2198 2170 2149 2187 2223 2256 2313 2293 2273 2255 2209 2165 2142 2103
2733 2717 2637 2666 2722 2710 2624 2627 2623 2612 2609 2580 2556 2533 2510 2516 2580 2610 2640 2641 2520 2492 2475 2434 2403 2395 2421 2501 2533 2507 2448 2410 2377 2357 2357 2313 2281 2231 2219 2201 2192 2170 2175 2195 2221 2265 2297 2322 2375 2418 2406 2385 2400 2423 2436 2468 2492 2524 2518 2446 2403 2347 2279 2248 2239 2224 2232 2272 2309 2233 2193 2154 2132 2150 2183 2212 2271 2284 2280 2288 2263 2222 2181 2122
2683 2672 2605 2635 2675 2721 2710 2673 2651 2627 2605 2576 2560 2525 2500 2494 2574 2606 2615 2599 2524 2484 2463 2422 2400 2392 2416 2469 2504 2497 2425 2386 2348 2336 2325 2298 2273 2233 2219 2197 2181 2160 2157 2171 2235 2253 2274 2294 2354 2381 2361 2358 2357 2379 2420 2474 2499 2529 2526 2450 2399 2340 2265 2243 2234 2211 2194 2228 2271 2239 2194 2147 2110 2085 2099 2117 2160 2183 2230 2242 2262 2252 2218 2138
2647 2647 2590 2613 2638 2730 2749 2699 2662 2626 2596 2567 2534 2446 2419 2433 2493 2564 2555 2552 2531 2481 2463 2421 2389 2381 2403 2445 2479 2485 2408 2381 2340 2306 2306 2291 2276 2246 2225 2203 2182 2154 2142 2149 2216 2238 2258 2275 2334 2359 2343 2340 2344 2354 2394 2463 2481 2472 2440 2429 2385 2327 2255 2236 2226 2171 2158 2184 2232 2247 2200 2156 2084 2063 2060 2069 2094 2126 2126 2132 2162 2153 2150 2114
2592 2613 2577 2597 2618 2698 2745 2725 2672 2618 2587 2562 2471 2418 2385 2403 2444 2442 2467 2439 2421 2420 2422 2384 2374 2364 2401 2429 2462 2468 2391 2357 2313 2289 2292 2285 2275 2246 2228 2210 2191 2155 2126 2108 2147 2179 2235 2256 2313 2337 2333 2315 2324 2328 2359 2414 2437 2424 2381 2382 2384 2337 2252 2212 2184 2140 2129 2126 2196 2251 2215 2167 2087 2060 2031 2023 2033 2064 2074 2098 2113 2108 2092 2071
2560 2554 2536 2557 2571 2634 2690 2704 2670 2620 2581 2554 2449 2405 2365 2373 2398 2397 2421 2397 2371 2371 2379 2358 2329 2325 2347 2371 2416 2437 2368 2332 2302 2288 2285 2283 2276 2243 2229 2210 2175 2151 2122 2096 2121 2151 2183 2242 2267 2293 2310 2277 2291 2292 2316 2368 2400 2401 2324 2329 2358 2352 2262 2213 2173 2130 2112 2102 2119 2186 2203 2166 2075 2033 1995 1977 1978 2008 2026 2036 2056 2060 2042 2015
2536 2495 2510 2543 2542 2574 2636 2652 2602 2575 2571 2519 2409 2372 2354 2352 2351 2353 2372 2365 2335 2329 2327 2325 2295 2295 2331 2359 2408 2428 2350 2329 2318 2290 2282 2275 2273 2243 2228 2209 2172 2148 2117 2087 2098 2124 2155 2218 2247 2271 2292 2270 2243 2229 2251 2279 2313 2338 2243 2279 2312 2315 2277 2222 2168 2112 2087 2082 2094 2151 2165 2144 2058 2022 1979 1932 1879 1892 1918 1920 1940 2006 1992 1949
2520 2473 2487 2520 2503 2536 2570 2603 2547 2545 2547 2488 2396 2361 2335 2323 2285 2280 2274 2299 2311 2309 2298 2284 2270 2279 2318 2363 2418 2421 2342 2330 2321 2295 2283 2274 2263 2231 2213 2200 2163 2139 2106 2083 2076 2100 2126 2196 2222 2247 2266 2258 2223 2203 2209 2229 2267 2285 2208 2187 2185 2252 2243 2202 2144 2090 2066 2063 2085 2109 2118 2104 2029 1993 1958 1869 1829 1843 1867 1871 1893 1892 1862 1851
2488 2437 2438 2450 2475 2521 2550 2592 2530 2530 2539 2487 2394 2360 2327 2312 2264 2239 2237 2272 2264 2260 2239 2240 2253 2277 2346 2375 2424 2381 2353 2340 2326 2300 2283 2270 2238 2214 2189 2180 2147 2125 2091 2060 2031 2045 2060 2126 2155 2213 2233 2223 2193 2173 2161 2183 2215 2226 2169 2143 2132 2186 2189 2159 2113 2053 2030 2008 2001 2010 2010 2007 1984 1949 1920 1847 1797 1793 1817 1821 1845 1840 1812 1805
2443 2427 2425 2450 2466 2513 2551 2569 2489 2485 2501 2484 2390 2350 2316 2302 2250 2212 2201 2245 2247 2233 2229 2231 2256 2281 2369 2418 2459 2455 2423 2391 2368 2315 2298 2270 2223 2198 2178 2160 2125 2108 2075 2032 2018 2017 2029 2084 2114 2136 2146 2137 2100 2079 2074 2089 2156 2166 2125 2113 2087 2123 2126 2096 2067 2021 2000 1974 1958 1953 1941 1939 1893 1860 1824 1781 1747 1709 1769 1773 1787 1781 1758 1749
2413 2423 2426 2437 2486 2515 2547 2546 2477 2468 2476 2400 2368 2333 2299 2280 2233 2200 2182 2215 2221 2205 2221 2216 2258 2291 2390 2437 2461 2474 2451 2433 2420 2390 2351 2295 2215 2183 2164 2146 2118 2092 2068 2033 2012 2000 2003 2036 2067 2089 2094 2094 2071 2038 2029 2039 2023 2044 2024 2015 1991 1992 2062 2039 1992 1975 1951 1935 1904 1906 1894 1866 1847 1817 1783 1736 1713 1683 1673 1674 1684 1681 1652 1641
2405 2422 2432 2442 2486 2513 2537 2521 2455 2445 2449 2384 2362 2328 2295 2260 2223 2186 2162 2165 2171 2161 2167 2209 2261 2362 2408 2441 2449 2452 2441 2432 2432 2397 2356 2308 2221 2196 2177 2153 2116 2098 2080 2033 2013 1996 1978 1996 2022 2038 2048 2047 2037 2006 1984 1985 1964 1984 1972 1982 1946 1931 1929 1923 1892 1883 1860 1841 1800 1854 1851 1799 1795 1777 1738 1686 1674 1652 1635 1635 1634 1633 1607 1596
2402 2412 2439 2455 2482 2504 2500 2484 2428 2423 2431 2367 2354 2324 2299 2251 2214 2184 2150 2143 2143 2141 2157 2201 2255 2341 2377 2398 2400 2385 2421 2418 2403 2385 2360 2339 2247 2222 2196 2146 2124 2102 2084 2025 2000 1985 1935 1922 1941 1959 1973 1962 1936 1978 1932 1941 1922 1914 1920 1951 1914 1874 1869 1864 1847 1827 1813 1795 1756 1743 1733 1707 1684 1661 1639 1645 1634 1622 1601 1600 1590 1586 1570 1561
2394 2399 2440 2460 2471 2487 2489 2484 2395 2378 2388 2346 2337 2303 2283 2226 2205 2182 2136 2121 2117 2119 2140 2178 2216 2303 2341 2364 2353 2338 2337 2337 2329 2309 2293 2267 2221 2249 2228 2176 2147 2117 2086 2015 1988 1969 1936 1909 1904 1916 1938 1925 1891 1849 1829 1832 1820 1791 1790 1889 1845 1829 1809 1809 1788 1776 1763 1751 1715 1704 1693 1676 1655 1624 1593 1567 1564 1570 1569 1561 1550 1550 1546 1545
2391 2402 2444 2459 2451 2468 2472 2431 2389 2370 2359 2323 2330 2285 2245 2221 2206 2184 2128 2104 2089 2100 2125 2160 2191 2269 2306 2329 2305 2293 2293 2287 2281 2264 2248 2229 2175 2153 2135 2112 2116 2105 2061 2014 1982 1956 1930 1902 1880 1881 1897 1883 1850 1794 1782 1778 1767 1745 1740 1756 1756 1738 1719 1703 1683 1682 1716 1696 1677 1667 1658 1643 1619 1595 1557 1550 1551 1553 1557 1554 1547 1546 1545 1544
2447 2458 2453 2447 2422 2439 2446 2431 2398 2374 2333 2290 2298 2263 2240 2216 2197 2175 2134 2104 2070 2060 2086 2108 2130 2215 2235 2291 2252 2251 2247 2241 2236 2229 2216 2177 2147 2122 2099 2077 2076 2076 2045 1958 1931 1908 1877 1860 1838 1814 1851 1828 1806 1749 1737 1729 1714 1706 1690 1701 1703 1695 1676 1661 1639 1635 1634 1615 1607 1605 1594 1564 1586 1567 1549 1548 1549 1549 1552 1552 1549 1546 1546 1545
2514 2474 2443 2439 2421 2399 2406 2447 2408 2361 2290 2263 2260 2234 2224 2211 2191 2170 2130 2104 2060 2043 2059 2081 2098 2178 2198 2206 2180 2170 2161 2155 2147 2140 2179 2140 2114 2089 2067 2039 2039 2034 1982 1946 1910 1886 1843 1826 1802 1784 1775 1749 1713 1672 1663 1658 1665 1667 1662 1652 1654 1655 1642 1624 1601 1591 1591 1580 1575 1574 1571 1552 1552 1551 1551 1549 1549 1549 1549 1548 1547 1547 1547 1546
2525 2464 2429 2430 2415 2392 2393 2429 2394 2341 2229 2225 2200 2161 2144 2166 2174 2151 2121 2083 2046 2020 2034 2056 2077 2132 2151 2159 2145 2132 2123 2116 2100 2092 2083 2056 2036 2025 2011 1965 2000 1994 1952 1924 1895 1862 1814 1788 1766 1742 1736 1719 1685 1647 1634 1627 1610 1605 1601 1595 1569 1573 1583 1584 1570 1564 1560 1557 1555 1554 1554 1552 1552 1551 1550 1551 1550 1550 1548 1548 1549 1551 1552 1560
2470 2427 2410 2415 2411 2386 2380 2409 2372 2303 2219 2211 2182 2133 2114 2142 2149 2092 2048 2028 2006 1993 1992 2011 2071 2093 2105 2111 2107 2097 2087 2077 2054 2041 2029 2008 1987 1977 1970 1935 1932 1927 1874 1850 1827 1801 1741 1757 1733 1705 1695 1682 1662 1623 1612 1603 1595 1584 1578 1573 1560 1565 1571 1560 1558 1554 1557 1555 1555 1554 1554 1553 1553 1551 1551 1550 1549 1550 1553 1557 1565 1571 1578 1595
2438 2401 2391 2363 2375 2373 2358 2360 2342 2273 2211 2191 2165 2115 2092 2111 2112 2064 2033 2012 1974 1971 1969 1976 2001 2010 2021 2024 2032 2024 2019 2031 2016 1995 1980 1958 1942 1928 1908 1890 1891 1884 1816 1794 1777 1732 1706 1673 1652 1641 1629 1619 1609 1611 1596 1584 1583 1570 1566 1563 1559 1562 1563 1559 1557 1557 1557 1556 1557 1556 1556 1555 1558 1561 1578 1556 1562 1572 1584 1593 1596 1607 1619 1637
2419 2389 2383 2349 2363 2360 2338 2336 2320 2290 2192 2157 2115 2069 2037 2067 2063 2039 2011 1985 1940 1940 1926 1927 1958 1966 1975 1983 1992 1987 1979 1960 1940 1921 1907 1856 1841 1880 1850 1837 1841 1843 1768 1745 1731 1692 1668 1643 1624 1615 1609 1596 1583 1573 1567 1565 1564 1563 1561 1563 1560 1560 1559 1558 1557 1564 1567 1566 1569 1567 1582 1583 1591 1595 1619 1634 1642 1664 1676 1683 1684 1695 1663 1679
2407 2376 2374 2342 2348 2334 2319 2324 2306 2300 2189 2139 2096 2022 2002 2008 2004 1963 1920 1881 1838 1898 1875 1876 1908 1916 1921 1932 1940 1938 1928 1907 1885 1866 1865 1811 1789 1780 1758 1748 1735 1728 1685 1660 1689 1662 1642 1623 1610 1590 1585 1582 1567 1566 1566 1565 1565 1564 1564 1571 1570 1567 1569 1587 1597 1614 1587 1592 1606 1616 1630 1627 1636 1653 1668 1680 1693 1715 1722 1723 1718 1723 1744 1762
2365 2353 2351 2318 2307 2296 2304 2314 2293 2293 2177 2119 2075 1996 1961 1967 1963 1906 1869 1829 1785 1783 1781 1788 1805 1809 1812 1828 1883 1882 1875 1849 1828 1816 1794 1772 1751 1738 1719 1703 1693 1676 1651 1633 1623 1615 1606 1603 1609 1594 1594 1584 1575 1573 1572 1570 1573 1570 1568 1584 1583 1582 1601 1628 1638 1651 1671 1686 1710 1740 1724 1716 1684 1700 1714 1729 1741 1774 1770 1764 1747 1743 1768 1791
2348 2347 2342 2306 2293 2270 2272 2274 2261 2225 2121 2064 2044 1955 1910 1916 1895 1845 1815 1783 1741 1742 1742 1756 1760 1761 1763 1773 1777 1778 1782 1756 1739 1734 1744 1727 1709 1696 1677 1663 1664 1641 1629 1617 1615 1620 1621 1617 1619 1609 1610 1611 1608 1600 1601 1604 1588 1584 1588 1605 1609 1613 1646 1679 1687 1703 1724 1743 1766 1805 1783 1783 1798 1819 1823 1832 1846 1867 1857 1801 1772 1763 1782 1808
2329 2336 2328 2299 2282 2258 2250 2253 2234 2117 2060 2019 1968 1861 1820 1799 1787 1742 1763 1742 1712 1714 1716 1719 1716 1715 1714 1720 1727 1728 1728 1707 1700 1699 1678 1663 1652 1645 1632 1632 1629 1623 1620 1634 1633 1636 1635 1632 1632 1625 1623 1631 1623 1619 1621 1620 1632 1644 1666 1667 1668 1700 1777 1744 1741 1753 1772 1802 1826 1860 1859 1851 1852 1890 1882 1891 1904 1910 1883 1846 1789 1799 1823 1858
2302 2302 2307 2286 2257 2241 2234 2229 2198 2078 1995 1966 1919 1817 1781 1767 1735 1713 1706 1703 1701 1700 1703 1717 1704 1683 1683 1681 1682 1683 1679 1677 1672 1668 1654 1644 1641 1637 1632 1635 1643 1652 1649 1671 1678 1675 1679 1654 1655 1650 1644 1649 1644 1642 1649 1644 1656 1671 1693 1701 1710 1735 1820 1838 1850 1869 1853 1891 1935 1921 1919 1911 1920 1948 1943 1943 1969 1938 1887 1845 1797 1813 1837 1930
2288 2287 2254 2219 2205 2203 2184 2167 2112 2021 1951 1914 1873 1781 1748 1745 1717 1713 1724 1718 1725 1729 1735 1756 1749 1728 1711 1692 1683 1679 1675 1661 1659 1656 1655 1650 1647 1640 1639 1649 1663 1677 1677 1679 1709 1709 1705 1709 1713 1712 1710 1709 1720 1676 1682 1678 1688 1699 1716 1745 1761 1769 1863 1887 1898 1914 1896 1926 1976 2034 2049 2047 2052 2069 2065 2052 1976 1922 1875 1839 1807 1829 1862 1953
