data/CentralKootenay/Fire2/saz.asc
ncols 106
nrows 68
xllcorner -1620000
yllcorner 438000
cellsize 100
NODATA_value -9999
[rows 0 to 45 of 68, columns 0 to 95 of 106]
322 356 347 282 273 285 22 40 34 49 47 36 358 340 359 22 347 301 312 8 19 345 327 330 302 282 273 271 266 257 245 191 135 139 146 161 170 155 177 251 347 350 336 61 121 131 171 198 187 187 199 214 226 225 213 349 12 22 18 27 34 5 337 346 72 118 187 225 217 191 106 99 115 131 149 146 133 136 157 196 224 242 238 222 208 187 176 182 183 189 193 169 172 198 208 232
335 15 16 297 274 273 355 73 75 56 61 38 0 338 356 29 344 300 315 10 14 356 329 336 328 314 288 276 272 258 249 187 112 124 134 143 163 161 183 202 197 222 192 131 133 127 160 190 184 188 197 213 225 223 215 225 249 25 38 57 54 351 331 58 100 117 163 200 200 197 151 107 99 106 126 144 130 115 129 204 242 247 233 216 204 186 171 178 183 196 200 169 174 199 210 229
354 20 26 330 298 289 326 65 64 64 47 8 3 352 357 27 339 289 305 16 15 358 320 334 342 333 314 280 273 265 264 202 100 112 134 154 152 139 171 203 208 226 203 110 113 118 144 179 183 201 218 213 223 228 223 233 247 266 76 89 102 216 190 130 117 112 129 171 192 200 193 128 94 94 96 104 100 94 102 185 232 232 222 217 212 191 165 173 187 205 202 164 174 208 224 234
18 23 19 344 322 313 326 39 49 41 352 340 2 353 359 27 340 307 327 22 17 348 308 318 346 345 339 288 278 286 281 137 118 118 121 155 164 148 166 196 206 224 220 125 112 116 131 176 208 242 245 215 234 243 236 249 257 225 124 116 130 193 171 128 114 108 109 127 187 221 237 171 94 91 90 87 96 99 97 131 214 217 209 205 200 190 178 178 189 207 202 155 178 229 241 238
24 8 2 352 342 326 309 15 46 36 355 334 354 354 6 38 311 299 329 26 18 351 313 307 339 1 3 313 290 290 221 139 139 127 113 130 153 156 172 189 201 224 220 167 125 104 116 184 218 229 225 219 249 254 249 263 267 190 117 113 127 188 184 129 95 96 97 109 160 209 227 209 104 87 87 90 101 109 106 104 173 206 206 203 199 192 189 184 188 204 187 167 196 231 237 231
22 359 358 8 6 351 319 350 43 40 16 341 348 7 29 55 277 269 281 12 18 1 329 299 314 357 7 346 312 299 122 130 151 130 113 113 119 142 176 190 204 230 222 188 162 128 123 190 218 223 217 229 256 267 270 274 272 125 109 104 113 170 192 187 114 95 99 111 142 186 215 214 181 88 84 98 102 108 114 100 109 181 209 213 208 201 198 178 190 204 175 176 217 226 225 222
20 350 6 23 9 356 330 346 38 41 24 356 354 9 18 24 310 271 265 304 18 9 335 301 292 318 8 339 304 31 98 103 139 140 128 127 130 147 181 199 202 231 227 191 164 154 159 198 228 235 234 258 277 291 296 275 238 141 129 123 129 149 176 203 166 106 110 122 136 170 216 219 221 122 90 101 103 107 122 111 100 129 189 205 207 201 197 172 196 208 170 198 235 225 226 225
9 5 16 32 12 349 334 355 36 42 29 7 358 5 13 18 343 286 272 286 350 7 341 317 299 200 174 219 241 134 101 104 125 134 127 123 125 133 177 200 195 213 206 181 166 172 202 216 242 259 273 279 287 292 276 246 194 135 123 125 151 154 154 187 188 146 108 110 127 153 204 223 236 190 100 103 103 103 118 123 104 98 130 189 199 193 189 181 194 200 190 217 234 230 237 240
12 18 15 23 12 355 352 9 24 36 32 13 5 9 17 28 354 304 289 291 329 19 9 234 186 160 184 221 201 167 118 107 111 107 103 96 87 91 131 194 203 210 189 180 187 210 231 240 252 257 269 278 281 263 212 219 188 114 99 101 140 145 142 160 180 187 104 84 92 120 166 205 225 211 120 106 104 99 105 114 112 99 82 109 170 187 186 189 197 194 204 221 217 220 232 235
20 27 21 24 19 8 4 8 6 14 16 12 15 22 26 30 344 311 298 289 310 75 116 167 171 154 203 227 172 170 140 107 99 101 104 99 82 84 97 169 223 218 173 187 232 249 252 266 284 290 285 271 250 200 194 213 198 125 99 95 105 118 127 135 155 221 166 79 76 101 127 182 219 220 169 68 51 52 41 51 69 84 85 83 92 151 179 196 199 189 220 232 206 219 232 231
26 42 41 24 26 28 11 358 359 6 16 24 33 39 30 2 339 333 324 309 340 114 119 143 164 147 227 248 132 127 141 117 110 109 104 110 112 102 103 137 207 204 186 209 247 255 263 280 299 318 302 248 221 200 197 208 211 129 89 81 83 109 129 147 153 219 235 75 72 91 104 135 222 229 218 266 25 35 23 31 46 50 59 74 68 63 111 171 189 194 238 240 199 223 236 230
102 89 91 337 16 36 26 349 3 12 47 64 63 56 30 332 328 334 329 358 126 139 135 147 165 171 228 252 146 101 124 135 131 127 109 113 126 119 110 111 157 192 204 215 241 248 251 262 273 291 191 195 215 209 207 225 242 127 75 71 75 95 113 141 152 211 223 179 83 85 100 117 204 225 219 227 224 55 26 31 40 37 46 63 64 65 85 124 172 201 226 215 190 216 234 226
173 131 141 235 280 41 31 9 22 38 75 83 78 79 78 279 288 302 281 115 117 136 131 134 153 187 242 248 194 109 118 133 138 148 129 114 112 109 102 103 118 161 207 229 250 248 235 241 245 210 157 176 207 212 230 256 270 297 75 79 85 93 101 117 126 180 210 213 127 89 92 109 165 204 204 210 203 186 187 103 49 42 53 63 67 80 89 98 133 204 217 202 194 221 232 218
186 131 143 229 238 314 31 33 47 72 97 106 118 135 165 220 235 217 180 127 99 95 101 100 111 226 251 243 208 113 107 114 124 152 142 115 93 82 78 90 102 125 198 244 255 243 229 241 242 193 156 176 202 221 245 258 245 191 128 107 99 98 101 114 120 141 198 223 191 97 85 96 129 180 195 202 201 195 191 188 176 146 110 97 92 94 94 90 92 185 215 208 210 235 237 217
192 138 141 232 247 259 39 62 74 93 104 115 124 138 170 213 218 197 176 162 147 144 130 118 132 216 250 245 223 114 106 113 118 145 150 113 88 79 74 74 81 100 160 225 226 217 225 243 243 195 149 175 201 225 239 233 196 165 155 141 105 93 98 128 130 138 185 220 227 103 78 85 98 140 181 198 205 198 190 193 186 171 153 140 139 138 133 125 118 145 200 215 217 239 238 214
193 161 166 215 234 236 203 99 87 93 101 106 111 120 160 219 209 193 178 164 167 172 156 140 154 200 224 225 216 127 112 121 119 135 157 116 93 90 85 86 92 98 121 207 220 219 226 236 231 201 157 170 193 209 228 223 190 145 153 177 127 86 88 109 120 127 168 213 227 201 99 88 94 121 153 183 201 199 193 199 189 170 158 154 150 142 144 148 139 139 188 214 215 226 213 195
179 166 187 209 220 226 210 155 126 120 115 106 109 120 148 208 195 193 181 150 162 181 169 148 157 199 218 226 227 127 109 110 94 91 135 126 96 92 91 95 101 100 101 180 231 228 234 236 225 212 164 155 180 193 212 211 196 147 152 198 187 104 85 85 98 113 147 200 226 216 149 104 103 118 134 161 186 195 190 190 192 180 156 157 158 135 135 151 143 131 176 217 219 214 197 190
155 156 214 211 209 224 213 165 144 153 131 109 110 123 144 174 177 186 184 167 162 175 171 153 157 217 246 262 265 103 100 94 74 76 96 125 107 105 112 102 100 103 103 141 223 227 240 241 228 224 177 133 153 184 204 207 201 150 149 194 195 164 111 99 104 117 146 194 235 223 172 120 111 117 121 139 172 194 189 188 198 184 163 165 170 155 149 162 158 133 169 222 218 208 195 190
147 148 207 197 205 229 224 160 134 173 123 100 97 105 126 139 154 176 189 189 174 168 167 166 179 254 274 280 270 104 95 71 76 79 85 115 120 124 136 121 113 113 113 136 193 210 225 225 215 218 187 139 135 168 198 211 207 149 139 178 198 194 149 125 117 125 152 183 202 195 178 148 131 134 122 122 157 199 195 194 197 175 165 167 167 162 157 168 167 154 178 201 197 202 198 184
156 146 201 208 232 251 250 139 128 187 137 96 93 99 111 111 119 154 203 209 174 164 165 188 236 276 290 300 327 53 42 27 47 62 69 100 117 126 136 129 123 120 118 132 173 200 219 220 212 207 183 160 156 168 185 205 204 157 138 157 201 204 164 142 129 132 150 167 183 183 177 163 151 153 140 130 151 192 199 194 189 163 161 165 160 157 156 163 159 159 183 191 190 201 197 177
164 147 235 261 270 269 254 124 124 187 157 118 109 110 120 115 111 132 208 216 166 160 173 239 270 279 287 301 332 25 28 23 32 36 40 73 99 120 128 122 120 119 111 112 144 194 225 225 212 199 181 163 156 166 183 199 195 171 160 164 183 197 176 151 143 144 149 153 169 175 171 162 154 153 146 141 147 183 195 187 183 169 167 171 174 165 157 164 152 153 183 189 188 197 192 173
180 220 270 272 276 271 238 116 116 181 140 124 118 108 115 116 110 119 192 205 173 175 197 242 281 291 289 285 270 88 65 37 38 44 53 74 85 92 94 96 99 97 89 89 104 156 213 218 208 196 182 163 143 151 178 185 187 178 169 166 171 192 184 161 159 162 162 160 173 181 160 157 154 144 136 141 144 163 183 183 181 168 166 172 181 174 165 172 169 170 182 181 181 190 186 168
210 259 288 282 269 248 189 125 125 176 124 109 107 97 98 104 105 109 155 191 176 181 218 253 273 278 267 229 190 178 163 138 110 93 79 76 72 53 62 81 83 75 82 92 107 127 174 200 199 192 182 171 165 156 167 171 176 181 180 163 148 179 181 166 163 166 164 158 174 186 163 162 167 160 152 153 155 151 166 179 178 163 157 166 173 173 170 175 181 185 187 172 171 187 181 170
202 251 273 279 259 222 167 119 126 178 137 119 121 110 105 107 106 101 121 171 177 195 240 249 252 245 223 197 173 182 186 172 161 149 138 108 88 41 56 65 62 67 87 99 120 119 136 184 195 194 182 165 171 168 169 175 171 177 194 182 146 161 173 167 161 163 161 148 161 178 165 160 163 160 162 168 169 163 166 171 172 167 160 164 157 160 174 197 222 201 187 159 156 180 177 171
207 261 271 260 229 209 156 116 118 169 145 131 128 122 121 113 103 96 108 151 176 209 238 240 244 240 220 188 163 176 182 174 167 162 160 140 144 164 130 118 105 96 98 99 111 110 103 134 187 201 184 150 152 162 172 176 167 172 198 189 161 165 171 171 168 174 171 152 152 164 158 148 142 140 151 169 177 176 169 161 165 168 160 161 152 153 168 233 220 178 173 142 108 18 15 37
336 319 293 192 193 204 155 115 100 114 128 145 140 119 118 109 101 94 95 117 162 206 223 221 233 231 214 184 159 172 176 173 166 159 153 139 148 165 157 160 165 133 114 119 137 138 136 142 164 192 184 153 137 144 169 171 161 163 193 189 170 165 167 167 170 183 178 163 165 169 164 162 154 135 134 157 188 195 176 130 114 129 111 -1 -1 -1 135 217 204 163 168 158 -1 -1 63 2
344 1 0 132 162 192 178 94 80 103 123 153 154 129 119 109 108 98 91 96 126 197 215 211 229 227 209 181 162 175 175 174 173 174 158 138 139 144 146 162 177 149 125 127 142 142 146 151 154 182 179 159 148 152 171 172 170 166 177 185 176 163 157 154 162 181 175 166 172 172 160 167 170 139 123 141 209 213 192 138 103 63 35 26 26 36 45 326 323 8 356 359 344 352 345 343
0 74 117 126 121 169 218 144 97 110 127 159 157 154 165 160 131 109 104 105 115 180 219 218 237 231 202 176 163 172 173 173 172 182 170 153 156 156 151 166 182 149 129 122 123 125 135 148 148 167 169 154 146 152 170 174 176 174 173 175 177 175 167 157 158 172 169 165 173 173 148 153 180 147 115 26 -1 -1 174 153 -1 0 349 342 0 8 3 345 340 357 354 1 357 348 337 335
106 117 139 151 111 124 234 178 114 110 120 153 142 151 179 192 152 136 140 137 136 169 206 221 237 224 195 175 161 164 167 163 164 176 168 159 163 165 152 167 186 153 143 148 146 138 144 154 146 157 161 143 127 134 160 164 169 173 172 165 172 184 177 161 157 168 169 164 171 174 153 120 -1 -1 -1 -1 -1 -1 353 343 344 348 343 335 351 0 359 350 347 357 2 9 0 349 333 326
124 133 155 172 152 138 203 172 121 108 109 129 116 124 185 208 148 134 143 144 146 169 196 217 217 199 188 181 173 170 173 165 159 164 160 156 162 166 154 163 180 152 148 159 155 146 154 165 157 163 167 160 145 138 150 154 150 155 164 145 148 217 178 151 149 158 156 108 -1 26 29 8 357 345 5 21 343 343 346 347 347 347 341 332 341 353 356 348 347 357 6 10 359 354 346 343
118 129 140 166 180 147 171 166 120 100 107 134 128 132 179 197 150 126 127 129 144 170 183 206 203 190 186 184 178 172 175 170 162 164 161 162 172 170 159 168 177 142 138 158 150 143 150 158 161 165 166 163 161 157 155 163 157 149 158 138 139 219 157 122 -1 342 358 0 0 351 352 354 351 341 353 1 350 349 352 354 353 355 349 332 334 343 350 343 347 357 359 2 357 353 351 351
115 122 117 136 191 146 155 156 111 90 97 123 127 136 176 190 160 147 152 151 166 180 173 198 201 189 189 189 182 171 168 165 163 166 156 156 178 175 165 174 178 155 147 167 156 140 141 139 146 157 158 150 157 164 160 166 162 143 -1 6 17 357 343 349 347 356 7 351 352 348 351 354 350 342 345 353 348 347 353 357 355 359 355 341 343 348 348 353 359 358 349 352 354 350 354 359
132 143 132 142 172 158 170 152 122 94 95 109 113 124 169 184 157 148 152 152 174 185 174 191 193 184 186 192 188 173 163 158 160 166 152 144 169 170 165 171 174 160 151 172 170 151 150 146 131 131 144 120 112 98 40 9 7 18 326 340 8 352 334 340 345 356 0 350 349 353 358 2 353 342 342 345 340 343 356 4 2 348 343 336 341 346 344 358 7 358 353 349 353 358 7 10
150 155 131 134 157 166 188 166 151 118 113 125 117 121 162 178 150 141 145 140 165 183 180 190 188 182 185 195 190 177 168 163 167 171 161 151 158 158 157 164 162 150 143 163 172 157 143 130 62 41 14 25 18 5 1 5 11 7 331 336 0 340 328 337 344 347 350 346 343 354 5 5 357 349 351 350 345 350 8 21 19 335 311 309 321 335 332 352 4 357 356 346 350 12 28 20
166 163 118 114 128 153 185 168 144 132 130 140 131 134 163 174 159 155 156 141 152 180 188 191 184 181 186 193 187 180 170 163 170 174 168 162 164 162 161 169 162 148 144 113 13 2 11 2 16 20 0 7 13 5 358 3 3 354 347 350 352 337 339 350 349 341 338 338 333 350 8 1 351 351 355 351 347 356 24 41 32 340 319 311 323 340 328 343 1 352 357 344 344 38 54 30
172 178 135 120 126 140 173 157 123 124 136 142 130 133 158 167 158 163 170 149 153 183 194 186 170 175 183 186 183 180 169 162 170 168 162 162 165 160 160 176 158 65 350 347 357 357 8 10 9 14 354 0 15 2 357 355 348 343 346 353 345 324 337 0 353 350 344 338 340 352 5 359 343 347 358 348 350 20 58 68 48 326 315 311 327 344 336 348 3 354 358 359 2 53 64 39
153 173 153 147 153 158 166 156 126 119 134 142 122 120 144 148 138 155 173 140 53 343 323 352 40 55 120 170 179 176 165 162 169 157 138 131 123 99 17 330 339 355 346 335 351 0 9 8 2 5 359 358 10 6 358 352 336 327 331 344 339 306 316 353 350 356 348 330 339 353 1 0 350 353 2 1 20 72 91 90 64 304 295 297 311 327 331 350 6 354 359 13 29 58 63 34
128 140 138 150 161 160 157 148 130 127 140 148 130 124 148 143 108 351 357 358 350 352 342 350 16 22 24 26 11 10 20 11 5 10 8 7 14 23 358 325 324 343 352 323 335 2 5 358 358 3 359 353 7 8 359 356 350 345 340 347 351 311 306 337 342 0 352 315 316 339 357 358 352 356 10 41 89 113 110 93 7 315 292 289 295 297 305 342 9 349 0 33 52 65 64 34
119 115 114 131 145 148 144 138 123 122 138 143 135 128 138 347 347 342 346 351 354 0 355 351 14 26 29 22 4 5 5 358 1 6 0 5 18 20 0 343 338 346 357 332 333 4 3 346 353 4 353 344 359 4 359 356 355 347 343 351 355 331 314 329 338 3 10 320 299 314 352 358 355 10 55 89 99 107 102 69 326 317 301 302 313 308 306 336 10 1 17 62 71 72 67 41
146 134 131 151 146 157 154 138 121 112 119 118 118 108 336 323 329 335 332 342 356 5 5 359 11 23 21 17 9 5 4 356 8 14 1 10 23 13 358 349 346 349 357 333 335 3 359 343 349 6 357 340 348 359 1 356 357 345 343 346 343 344 322 309 316 1 20 344 305 307 344 5 18 53 84 89 87 81 64 4 318 308 297 300 315 314 310 330 16 31 52 74 79 79 70 42
150 139 140 154 139 155 166 150 133 122 125 111 93 333 323 307 309 319 309 320 355 7 9 6 12 21 18 16 12 5 5 1 9 17 12 7 10 7 2 353 345 347 1 326 319 355 344 335 342 5 0 343 347 355 0 358 4 0 350 345 330 352 333 290 288 337 21 356 314 301 328 31 72 98 98 89 79 52 26 357 326 307 292 290 298 296 295 311 24 55 66 72 82 85 69 26
148 138 137 142 126 136 160 153 142 135 130 79 15 340 337 321 316 321 307 313 351 357 4 10 12 20 20 16 10 7 9 5 8 19 16 359 0 7 10 3 355 356 14 331 292 318 315 319 329 349 345 339 345 347 354 359 13 14 354 351 350 5 357 304 286 311 13 358 320 298 310 74 89 96 101 97 80 34 17 359 332 313 292 274 250 251 254 255 356 74 80 85 90 87 55 9
149 148 154 147 125 124 140 138 133 133 49 357 345 338 335 328 323 322 311 321 346 354 0 5 11 18 22 17 10 16 20 10 10 20 13 353 356 14 21 16 11 14 28 3 299 305 310 320 333 331 319 320 333 329 341 4 26 18 350 348 8 18 1 326 291 307 353 355 337 320 338 78 83 81 88 92 72 23 15 355 325 310 293 263 224 239 242 234 208 107 97 96 93 81 26 7
140 142 160 158 137 132 141 128 96 18 332 326 326 329 324 324 324 318 305 315 339 348 358 7 14 19 19 13 10 16 22 18 7 7 3 349 358 34 49 55 52 32 43 27 295 286 296 316 334 333 319 319 331 324 333 10 32 9 341 344 28 33 355 334 291 294 330 349 346 345 29 80 84 82 80 71 38 10 13 350 313 303 303 313 295 258 249 240 216 115 98 90 74 43 10 1
131 129 148 155 135 119 106 24 1 352 346 342 340 341 335 338 337 318 300 302 322 334 358 22 25 23 17 10 15 22 24 22 0 353 359 3 21 57 70 77 83 73 66 54 283 269 276 299 330 324 317 317 324 320 330 6 20 357 342 356 39 39 353 329 297 287 293 323 354 45 91 92 91 88 78 60 29 11 19 347 315 310 322 354 356 273 261 257 253 91 86 75 54 38 22 341
138 128 138 129 73 42 19 342 334 341 342 342 343 345 337 348 351 323 308 304 314 324 6 44 44 22 7 10 35 42 32 28 348 342 6 35 66 84 87 90 97 158 108 77 284 273 274 287 322 307 305 307 308 304 316 359 14 348 342 19 53 31 352 331 316 310 302 308 105 130 136 116 102 94 77 52 30 35 53 313 293 294 321 15 16 314 277 269 267 84 84 73 68 73 57 300
