data/CentralKootenay/Fire2/slope.asc
ncols 106
nrows 68
xllcorner -1620000
yllcorner 438000
cellsize 100
NODATA_value -9999
[rows 0 to 54 of 68, columns 0 to 95 of 106]
56 33 19 40 53 33 24 29 12 20 41 41 33 36 36 37 32 58 43 26 26 24 25 24 32 34 40 43 64 67 50 27 49 50 46 44 42 36 20 11 10 20 23 4 34 41 32 35 31 28 34 47 64 61 23 28 76 107 107 98 85 69 82 57 31 39 28 51 53 33 53 62 34 38 40 40 39 39 37 37 44 68 81 70 63 58 62 67 70 67 55 47 47 47 45 57
55 40 29 31 48 40 7 29 14 6 22 29 28 25 19 26 29 58 41 28 30 27 32 36 37 33 34 44 55 53 49 15 45 41 35 32 36 50 56 61 47 33 13 36 44 41 28 34 41 43 38 40 56 64 59 56 25 36 63 76 63 48 54 36 64 45 30 55 75 74 53 53 37 41 34 29 29 33 25 23 42 57 62 67 67 61 62 66 68 68 64 61 62 63 58 66
52 44 41 34 46 39 11 32 22 6 10 21 28 27 25 25 20 54 36 22 22 24 41 43 39 33 25 43 48 40 49 4 50 46 45 38 31 41 43 56 58 57 26 37 34 37 32 36 36 32 29 30 46 56 51 61 63 15 43 79 54 21 32 68 67 40 33 42 62 73 54 30 39 43 33 16 17 28 27 16 44 57 54 54 52 44 41 40 41 46 53 57 55 57 58 64
33 31 42 48 47 32 20 34 40 20 13 20 22 24 25 28 35 71 49 34 24 23 39 36 31 27 21 37 46 44 42 19 59 52 53 44 51 57 46 51 64 77 49 32 37 43 36 24 20 21 21 16 31 46 40 57 72 29 62 101 72 46 44 54 44 36 38 27 23 36 41 11 37 43 32 16 19 29 30 15 35 59 64 68 71 67 57 45 40 41 38 39 32 42 53 55
42 41 49 48 33 19 22 26 50 38 22 20 19 19 16 19 35 71 42 40 37 31 35 43 44 46 35 32 50 48 12 60 61 47 54 47 55 56 42 41 53 80 74 41 33 45 36 18 22 28 25 17 25 40 36 61 71 16 74 102 64 42 38 25 34 34 38 30 21 37 55 30 26 43 32 17 26 31 26 21 18 43 58 63 64 64 58 53 53 55 56 61 47 48 53 52
43 45 46 39 30 25 29 25 45 46 27 20 18 15 12 14 32 63 28 25 39 35 32 48 44 45 54 52 57 29 43 68 41 37 53 49 40 28 23 23 28 58 69 52 43 50 35 13 19 26 29 28 30 36 36 70 64 25 77 93 54 29 39 30 28 35 42 39 30 38 62 59 23 36 37 20 33 32 21 20 19 20 37 44 41 38 39 44 50 55 56 55 53 53 57 57
30 35 34 32 29 30 32 24 34 45 38 28 24 23 25 28 28 52 40 19 25 27 30 43 38 18 20 25 38 7 60 55 29 45 58 53 46 38 33 27 22 41 50 43 55 56 29 12 14 17 20 33 41 43 40 63 46 65 95 95 49 22 27 37 22 38 56 48 33 23 39 56 47 20 43 26 36 34 18 16 25 18 29 47 49 43 40 36 34 40 34 26 42 46 54 53
70 51 36 33 24 25 27 20 24 35 35 29 26 26 29 31 25 37 43 35 28 37 37 38 25 10 23 25 30 21 63 59 42 47 51 47 41 40 37 44 39 46 56 60 56 38 24 15 15 16 17 43 55 41 28 42 40 68 91 80 36 26 30 41 51 44 57 45 23 14 22 41 55 19 43 31 36 34 16 15 23 21 17 30 52 61 65 61 54 51 38 30 36 36 45 46
98 85 69 62 49 41 33 24 25 32 31 26 23 20 19 20 18 31 43 54 40 36 14 13 26 44 41 38 39 44 59 63 39 36 37 34 31 37 23 34 40 40 46 54 42 26 20 17 17 18 22 53 56 22 24 38 28 46 79 60 18 24 31 37 50 41 34 48 17 15 22 41 66 44 36 33 34 31 15 16 20 18 18 17 30 49 57 57 56 60 59 48 40 44 49 50
72 78 72 71 62 46 37 37 43 53 60 54 42 29 20 18 20 32 43 64 31 30 29 34 43 46 38 43 34 46 48 52 33 37 36 25 27 44 34 15 27 28 24 23 27 26 19 22 20 19 27 50 46 28 27 35 32 38 75 55 17 23 29 27 23 33 10 47 27 22 26 31 61 61 23 21 37 39 26 24 23 16 15 26 22 12 22 31 39 44 57 57 38 49 56 51
66 63 47 48 59 49 33 36 42 46 52 51 43 34 24 27 44 57 66 60 3 45 44 30 27 28 28 39 13 24 30 38 37 38 34 23 26 47 39 13 22 33 26 18 29 30 22 31 31 27 23 30 42 36 29 31 29 21 63 52 25 36 38 33 31 36 28 30 42 32 29 19 37 57 38 11 33 55 50 49 46 31 20 26 25 17 16 25 38 36 52 53 32 45 58 50
27 53 32 19 49 66 40 25 20 15 19 29 31 29 22 36 60 68 67 22 49 59 50 43 45 43 42 47 6 32 33 42 46 33 29 31 38 47 32 12 13 25 31 26 34 36 28 38 37 18 4 22 36 34 29 26 24 1 52 55 38 50 42 30 27 34 49 18 42 46 31 26 25 50 52 50 17 22 33 48 60 54 42 33 23 22 31 32 42 50 64 65 59 62 66 51
61 66 42 38 15 47 57 37 24 16 18 25 25 25 10 31 48 33 17 45 71 43 41 42 37 29 48 54 16 41 50 48 43 29 29 36 39 34 20 14 16 16 26 32 37 34 32 45 48 25 30 30 38 40 33 28 26 10 43 58 48 61 47 21 16 22 50 50 27 50 37 33 26 50 67 80 75 52 26 8 34 51 58 47 27 23 39 47 36 44 63 66 64 72 77 57
40 51 33 45 48 14 50 46 30 22 24 26 38 50 45 56 67 41 38 51 57 29 30 34 18 10 42 50 26 42 55 40 34 26 27 29 32 27 18 18 19 16 16 38 41 27 29 44 50 28 31 26 30 39 47 38 24 24 44 55 53 66 49 18 22 30 38 55 29 38 44 43 35 43 61 79 88 83 79 71 53 40 49 45 28 27 40 51 41 17 45 47 43 63 73 54
41 39 24 32 56 48 16 43 38 32 29 39 66 70 54 63 82 79 77 75 63 41 35 36 21 15 35 41 26 40 56 39 38 24 18 17 24 25 20 20 24 21 17 43 56 43 33 43 46 20 20 18 21 34 57 51 37 53 63 47 46 65 51 25 38 43 38 56 44 15 45 55 44 22 31 50 64 68 73 76 73 71 64 52 43 47 54 53 47 36 47 52 43 60 65 49
43 43 33 35 61 72 28 32 46 40 30 55 75 53 27 43 59 72 73 78 75 58 46 43 33 30 42 47 38 41 58 42 36 16 9 10 20 24 18 21 27 28 22 31 54 55 48 47 47 31 26 26 29 36 59 59 41 51 56 42 26 61 60 33 42 37 27 48 67 31 35 62 55 31 35 45 59 60 53 52 50 50 54 55 54 64 69 61 54 53 49 65 58 67 74 79
35 46 38 36 54 78 60 44 54 42 33 70 78 45 23 32 42 47 44 47 44 45 43 42 38 37 44 47 40 35 55 32 24 11 5 6 18 23 17 25 29 28 27 12 34 44 54 50 41 35 25 29 38 49 66 73 61 64 65 54 33 46 62 44 43 35 23 31 62 54 32 63 63 41 41 51 71 84 84 86 80 59 57 59 54 61 61 49 46 50 37 57 61 66 73 81
29 34 32 27 39 67 65 57 64 42 39 80 76 38 23 30 49 62 63 51 36 33 37 40 32 28 35 40 32 30 50 18 20 16 7 7 19 24 17 27 30 28 29 13 26 38 53 51 34 31 19 27 34 44 60 72 70 69 71 74 76 50 50 51 53 42 25 20 40 47 38 62 65 43 52 66 71 82 82 82 86 85 90 87 84 83 74 56 45 48 30 43 52 56 54 56
30 34 41 42 38 49 50 36 44 24 31 77 66 31 22 31 45 56 60 49 38 37 42 38 23 29 41 45 23 36 40 13 19 19 10 12 25 29 23 29 32 30 32 25 30 46 64 66 51 42 28 33 35 32 43 55 57 57 65 65 82 67 53 58 62 49 34 37 54 68 73 73 67 49 64 71 47 50 51 50 59 76 86 79 78 78 70 59 62 66 52 58 69 72 61 56
36 34 32 34 34 39 35 23 42 28 26 69 64 34 24 32 40 33 36 35 32 37 34 23 17 43 55 50 25 39 43 35 32 27 16 23 31 29 24 30 33 31 37 35 31 42 63 70 64 63 59 64 66 64 67 72 66 58 59 44 53 64 60 63 64 52 41 47 62 77 84 83 80 74 79 74 54 57 56 51 53 56 55 52 51 51 51 50 60 62 55 59 66 77 80 82
27 17 11 22 34 38 27 32 46 30 37 67 61 37 28 36 44 30 29 33 25 22 14 15 26 57 67 48 32 44 54 51 54 53 41 43 39 27 23 28 30 29 36 31 16 21 44 57 57 63 66 67 69 67 67 80 92 88 79 70 75 85 71 69 68 54 44 44 47 52 60 70 75 75 77 70 57 56 70 75 78 81 82 81 70 57 55 51 46 37 33 38 42 56 71 79
13 6 8 26 36 32 18 39 44 20 39 62 46 36 30 37 43 30 23 38 38 35 28 27 44 70 67 35 15 8 22 25 39 50 50 62 51 23 19 25 27 23 32 29 15 13 31 51 52 50 48 44 44 42 44 61 84 88 78 71 76 92 95 94 88 77 72 74 68 55 55 63 57 54 60 56 45 41 57 70 74 76 77 75 75 74 70 61 53 39 30 31 37 41 44 46
7 13 12 26 33 24 21 47 44 23 37 47 29 32 33 38 38 31 20 32 36 33 33 42 65 69 45 29 31 33 21 12 19 33 40 66 59 29 28 30 26 20 33 34 19 22 33 56 65 64 63 65 59 47 45 49 53 58 50 40 49 63 84 88 79 74 73 76 75 79 83 84 81 82 75 56 42 38 35 39 44 47 45 41 46 54 50 40 33 26 23 25 29 34 38 38
8 19 20 21 24 19 20 46 47 31 38 41 27 30 37 41 32 32 24 21 24 21 32 48 73 70 46 41 48 53 52 50 51 49 42 57 45 26 40 39 28 24 40 42 23 31 33 41 57 61 58 64 72 78 78 75 80 89 83 58 59 56 57 57 56 54 51 53 54 67 76 72 72 78 73 62 53 44 37 37 40 39 34 26 21 13 8 6 6 8 12 15 15 15 17 15
7 22 27 14 18 18 19 48 47 27 36 34 26 36 42 38 24 35 32 21 23 24 34 45 69 70 46 38 45 50 59 64 63 62 60 65 49 35 43 35 21 27 46 45 25 29 30 18 27 39 38 45 61 79 81 79 82 84 95 92 85 75 75 80 80 69 55 52 47 39 39 39 40 45 46 45 41 33 25 23 22 18 14 8 4 1 1 3 4 5 7 6 3 2 3 2
25 30 22 7 20 25 25 42 36 18 33 31 28 40 35 26 20 36 36 22 22 30 41 47 69 73 56 44 48 45 45 47 46 43 45 54 53 59 65 52 36 35 55 53 39 39 39 35 36 45 46 51 61 57 49 51 52 48 60 78 76 70 70 74 74 70 66 66 58 51 53 51 42 39 29 13 8 9 8 6 4 1 1 0 0 0 1 2 3 4 4 3 0 0 1 2
51 33 6 13 19 30 23 22 33 35 46 36 34 38 26 20 21 33 36 29 23 27 41 46 68 71 61 59 64 63 65 66 65 56 47 51 45 39 40 38 37 43 63 59 44 46 47 44 45 49 59 70 77 70 60 58 51 43 42 48 48 45 42 43 43 48 57 58 52 47 47 43 34 26 12 1 1 2 3 3 2 1 1 1 1 1 1 1 3 4 6 7 7 9 17 29
34 30 16 13 18 19 24 9 39 62 62 44 49 54 44 29 22 31 35 36 31 19 31 33 55 60 51 56 60 59 61 64 67 67 66 68 59 53 54 49 43 48 59 46 34 41 42 40 42 42 52 63 68 60 51 51 51 49 48 54 62 59 49 42 38 35 35 31 26 24 20 13 12 9 3 1 0 0 1 1 0 2 4 8 11 11 10 13 20 24 26 26 25 26 34 43
29 45 22 12 19 13 22 17 50 80 61 35 48 55 48 37 32 48 51 48 40 28 35 38 48 50 47 44 41 38 38 42 47 55 67 72 64 57 57 52 53 59 64 56 52 59 54 42 42 41 40 41 44 35 27 29 35 40 41 43 45 43 37 31 25 19 16 13 10 9 7 3 0 0 0 0 0 0 2 5 8 12 17 28 37 44 48 52 57 58 53 42 35 35 37 40
57 45 28 26 23 18 21 28 56 79 50 23 41 39 25 31 38 58 52 46 39 29 33 47 55 59 65 64 59 54 50 46 46 49 53 53 50 50 52 47 50 65 75 68 67 73 63 58 59 55 53 50 43 30 22 20 18 18 17 16 9 8 9 11 8 4 1 1 0 1 1 1 3 6 8 6 6 12 17 22 25 28 35 43 48 54 60 64 64 61 62 64 66 67 68 65
54 30 25 26 23 21 23 30 47 69 50 36 50 49 36 41 43 48 34 37 34 30 33 48 59 63 64 62 58 55 55 57 60 61 67 75 68 58 57 51 45 57 66 55 58 60 53 55 55 48 44 43 38 30 24 19 16 13 8 6 2 3 4 3 0 3 5 5 6 8 12 15 18 25 33 41 48 56 61 61 61 56 48 46 44 42 44 49 46 43 49 63 72 75 73 64
43 22 21 14 14 21 21 20 27 63 64 43 58 59 47 51 55 62 64 73 61 47 45 50 51 48 48 47 45 44 49 60 67 64 69 76 75 75 76 74 76 82 81 62 51 47 39 33 27 25 23 22 22 21 16 11 7 5 0 3 4 3 5 12 21 23 19 19 24 30 35 37 40 46 51 59 67 70 69 65 61 59 61 66 66 66 70 66 51 43 45 47 50 50 46 39
40 24 24 23 26 29 19 14 17 59 79 48 60 57 41 47 58 74 80 85 78 77 73 73 77 78 80 74 60 53 55 58 58 55 58 56 51 64 69 69 75 79 72 56 51 45 34 23 17 13 9 11 8 2 2 3 3 3 6 9 11 13 24 34 41 44 51 61 73 79 73 62 53 52 51 49 53 53 47 39 31 33 48 61 64 66 70 69 68 66 65 68 73 69 54 41
34 20 24 28 28 29 26 24 30 69 91 57 66 66 45 48 61 71 64 64 57 67 67 66 72 77 79 82 81 78 76 77 73 67 60 52 44 44 44 41 41 43 37 28 29 24 13 4 8 12 12 17 19 18 17 17 13 10 14 17 19 27 42 47 46 51 65 76 85 86 81 78 80 82 79 77 78 75 63 46 29 23 30 40 44 44 50 54 65 72 71 72 75 68 54 38
18 12 21 25 21 21 26 30 54 97 97 68 83 92 76 81 91 83 63 56 42 34 33 37 42 46 50 60 72 76 74 72 65 60 58 56 51 48 44 37 33 29 17 5 5 10 13 13 13 15 17 21 24 23 24 26 30 38 45 44 46 67 78 64 53 53 56 60 65 62 66 71 83 90 86 82 79 68 61 53 33 27 38 57 59 49 55 55 54 55 57 55 49 50 49 28
20 21 23 27 25 21 18 25 71 105 85 69 94 97 73 75 80 69 54 44 28 20 20 21 28 36 41 45 47 48 48 43 35 36 43 42 35 30 23 15 7 6 13 24 29 28 26 21 19 19 18 18 19 21 22 24 33 45 50 50 54 79 84 81 81 79 74 79 79 67 64 64 65 63 60 59 54 39 42 48 27 26 49 78 77 78 94 92 88 84 82 72 49 53 53 23
20 26 38 45 40 33 35 49 90 106 74 65 87 79 42 36 37 22 16 11 3 8 13 15 19 12 5 13 20 24 25 24 21 20 17 10 6 5 3 10 18 24 27 30 34 36 36 38 40 42 42 42 41 34 29 29 30 31 33 38 44 66 66 66 78 75 67 75 79 86 93 97 98 93 88 72 42 37 41 42 16 25 57 78 68 77 97 89 84 84 85 77 60 62 58 29
16 22 45 47 39 38 46 65 102 112 84 73 84 70 33 23 13 12 21 25 30 35 41 44 50 48 38 26 18 17 17 18 21 24 28 33 31 23 15 18 23 24 23 28 31 32 34 41 47 48 51 57 62 63 61 62 62 61 65 63 54 65 69 48 49 47 44 54 68 82 94 98 97 90 78 60 53 49 42 30 15 34 65 78 63 68 69 51 53 56 55 58 61 69 59 30
15 29 44 26 25 35 50 67 99 104 72 66 70 45 10 9 30 48 64 85 94 87 71 61 60 59 53 45 42 43 44 49 51 48 46 45 44 41 39 40 39 35 34 39 39 34 32 35 40 41 44 52 61 73 77 77 75 75 75 70 72 75 69 55 70 71 55 47 76 73 64 65 59 45 41 75 78 44 32 14 24 42 77 93 77 77 84 71 72 52 32 44 57 68 57 28
31 47 53 39 57 68 67 71 89 88 50 49 42 10 14 33 50 62 85 102 103 98 91 79 75 78 77 71 58 50 48 46 41 37 33 32 36 42 47 47 43 39 38 43 44 42 46 57 67 68 58 58 62 66 66 64 61 59 53 50 62 61 49 53 73 73 79 63 83 87 72 70 49 35 51 85 78 39 25 19 32 46 88 101 78 85 100 76 67 57 37 42 56 62 51 29
47 59 60 55 81 86 83 83 86 77 45 42 23 12 22 39 50 53 70 62 48 53 63 64 65 74 80 84 83 78 74 68 65 59 43 37 43 45 40 33 32 33 30 31 33 31 46 61 63 65 73 81 82 87 94 97 89 67 52 48 47 35 28 49 73 45 68 67 79 92 59 50 49 44 53 79 71 40 36 33 38 54 92 94 62 77 82 42 32 57 53 42 62 59 37 30
52 57 53 51 77 72 69 78 78 58 28 21 25 39 45 58 64 57 67 53 39 45 49 52 52 59 63 66 74 78 74 69 70 74 68 67 76 77 67 55 45 34 26 18 24 20 38 43 34 36 58 75 74 80 90 93 89 77 69 72 64 48 38 47 81 50 47 55 68 79 36 44 69 50 54 68 52 35 39 40 46 60 80 72 49 78 78 35 6 52 62 44 65 55 23 24
65 74 65 59 72 66 48 51 47 23 4 20 38 50 60 68 63 56 69 72 73 84 90 93 88 77 67 58 52 49 46 41 42 54 67 75 80 79 70 53 38 28 24 15 24 34 46 39 32 34 43 47 44 51 52 50 54 59 67 73 64 50 44 46 86 71 68 83 83 68 26 52 75 52 62 60 30 24 29 32 43 54 57 42 41 82 92 59 26 49 62 49 63 44 19 19
65 75 70 68 74 65 42 30 21 8 16 27 39 46 55 56 50 50 78 91 87 95 99 98 97 97 93 88 83 76 66 49 40 46 56 60 52 51 49 35 19 15 21 14 21 41 46 40 37 39 48 50 45 48 42 37 43 42 52 52 49 44 36 39 82 85 64 73 72 50 27 56 75 53 65 57 30 25 26 25 36 49 47 27 14 57 82 67 33 41 54 46 51 43 37 38
63 64 50 49 51 38 16 11 34 54 67 76 80 77 77 63 48 52 86 91 65 65 61 57 54 65 79 90 92 83 77 70 65 80 89 75 50 48 48 41 19 4 13 12 16 41 55 44 33 39 48 46 40 45 45 45 54 59 68 57 54 44 31 40 78 81 52 37 27 14 26 59 73 51 54 50 36 30 27 26 44 64 57 32 16 37 66 62 29 28 49 38 38 37 29 35
62 57 33 17 18 28 28 34 52 68 81 87 83 75 72 62 55 70 95 86 63 62 49 51 35 29 45 56 62 59 54 60 65 83 77 61 50 49 49 46 24 5 7 8 14 38 68 53 25 35 40 34 31 41 45 41 49 55 56 42 51 44 49 69 89 75 55 24 16 34 42 60 66 46 38 37 34 27 18 15 41 74 62 50 37 30 56 59 34 22 48 29 27 26 13 31
42 31 10 13 21 30 33 39 47 42 43 44 44 45 47 40 42 69 83 68 59 55 42 61 53 52 48 38 48 49 37 39 55 50 38 60 63 50 53 46 23 4 5 3 18 34 71 62 26 38 39 31 31 43 43 26 32 36 26 30 38 40 54 69 74 62 49 14 42 41 40 49 51 39 25 27 28 33 23 17 41 85 64 48 50 29 47 52 41 22 54 35 28 26 22 46
7 17 25 25 24 31 44 54 55 49 51 49 45 47 41 27 22 55 67 55 54 51 31 56 51 40 25 27 39 42 33 42 57 25 45 72 72 50 55 41 15 5 2 9 26 35 60 64 33 38 38 32 40 52 48 36 40 36 24 32 33 43 48 49 53 46 33 33 54 26 32 39 41 51 49 40 35 50 42 31 42 89 79 32 51 26 35 43 50 10 53 43 29 24 35 62
22 30 32 31 30 38 51 58 58 55 59 54 51 50 36 31 39 69 74 56 61 63 39 52 41 33 28 18 32 35 23 40 24 44 58 81 79 50 49 31 9 6 2 16 34 37 41 51 46 50 42 28 44 51 41 34 38 43 45 52 60 73 75 57 45 47 26 38 56 43 48 49 47 51 48 34 31 50 49 42 46 88 90 41 60 44 21 36 54 11 44 41 32 26 42 73
34 43 49 45 43 48 48 47 48 48 49 47 51 46 36 35 50 77 76 57 73 69 29 42 47 47 23 13 29 26 15 17 24 66 66 82 74 42 36 21 7 7 12 34 49 43 26 29 44 63 54 29 46 46 30 28 30 38 53 61 63 68 66 61 50 57 33 40 43 39 49 47 27 39 39 18 23 39 37 33 55 94 91 41 57 59 34 44 63 34 49 49 39 31 53 78
30 37 41 57 76 85 87 86 73 52 47 48 52 40 35 33 42 69 65 45 69 53 28 47 50 44 20 18 23 23 11 21 50 67 72 76 57 32 27 15 7 10 30 50 54 43 29 16 33 61 58 38 50 46 29 29 34 28 33 41 41 41 37 47 55 57 28 44 31 21 34 44 31 31 39 46 38 41 33 32 63 90 77 37 51 55 44 54 70 34 44 38 34 46 82 98
16 28 28 49 72 78 81 78 68 56 49 46 48 36 42 47 48 68 63 38 62 40 41 54 48 38 21 26 21 17 33 47 55 59 71 64 39 28 23 13 7 16 42 50 47 33 24 20 27 49 52 48 55 47 30 33 38 32 24 32 38 31 36 44 49 31 39 62 42 35 39 38 19 25 49 52 44 44 36 49 79 99 74 38 47 45 28 38 51 11 47 22 21 47 91 95
21 26 38 48 43 36 29 22 26 36 35 35 35 25 34 46 57 76 66 55 62 29 39 59 50 31 18 33 39 44 54 52 47 45 61 53 28 24 21 12 11 32 57 57 50 33 25 24 21 36 44 51 59 49 29 37 40 31 28 29 35 42 50 38 21 22 62 63 32 22 23 22 18 38 36 41 40 33 29 51 85 103 71 41 48 44 35 37 39 27 43 13 28 37 83 85
44 41 51 58 44 32 21 15 13 16 20 29 30 20 19 29 50 65 58 59 47 15 43 71 63 43 45 66 66 51 55 51 42 39 52 47 26 20 15 13 19 47 67 58 52 41 36 36 34 33 34 44 62 53 29 37 40 32 31 41 32 45 48 20 39 49 56 43 22 19 24 28 41 42 15 40 39 23 26 41 81 97 57 42 50 38 36 34 38 40 57 49 51 54 91 97
42 42 58 60 38 22 18 16 15 21 34 40 29 13 12 27 49 54 45 50 30 32 56 88 79 60 66 75 64 52 60 55 47 49 54 45 27 13 9 23 30 56 66 50 49 39 39 37 35 28 23 35 59 52 34 38 38 33 38 50 41 30 9 44 49 38 33 31 27 34 45 44 34 12 28 27 31 30 41 43 80 98 51 37 52 31 27 28 39 38 62 63 60 67 94 78
