data/Revelstoke/elevation.asc
ncols	539
nrows	726
xllcorner	-1620000
yllcorner	438000
cellsize	100
NODATA_value	-9999
[rows 259 to 295 of 726, columns 425 to 509 of 539]
1741 1726 1715 1694 1648 1625 1603 1562 1538 1515 1501 1454 1418 1386 1362 1380 1397 1423 1544 1595 1573 1710 1845 1917 1951 1994 2005 2006 2042 2075 2117 2154 2171 2152 2153 2171 2176 2147 2123 2077 2051 2030 1981 1961 1932 1910 1874 1834 1797 1766 1756 1747 1738 1715 1709 1701 1693 1692 1685 1690 1714 1728 1720 1675 1630 1595 1567 1515 1490 1465 1440 1390 1367 1344 1302 1293 1284 1263 1187 1134 1083 983 922 871 824
1701 1685 1666 1650 1607 1583 1578 1547 1519 1495 1480 1438 1410 1385 1409 1431 1450 1478 1596 1624 1595 1713 1807 1884 1935 2022 2046 2047 2100 2145 2181 2208 2210 2187 2169 2173 2184 2154 2124 2077 2047 2025 1996 1968 1960 1948 1915 1899 1836 1825 1811 1791 1779 1757 1756 1749 1746 1738 1745 1755 1771 1760 1745 1675 1631 1593 1564 1502 1478 1455 1403 1382 1364 1339 1289 1277 1268 1214 1169 1120 1076 974 921 870 777
1681 1667 1647 1608 1580 1560 1542 1508 1484 1467 1434 1433 1413 1428 1464 1482 1499 1595 1625 1616 1606 1718 1811 1890 1944 2017 2049 2082 2167 2197 2228 2258 2285 2224 2194 2190 2202 2163 2126 2077 2056 2039 2009 1992 1988 1979 1982 1954 1953 1965 1925 1892 1891 1884 1903 1819 1808 1800 1811 1816 1804 1780 1752 1673 1626 1586 1557 1500 1473 1449 1397 1374 1358 1330 1257 1228 1239 1188 1144 1101 1059 965 917 866 775
1662 1648 1630 1586 1558 1536 1514 1488 1470 1454 1441 1471 1508 1530 1557 1585 1616 1641 1631 1610 1622 1738 1832 1901 1981 2010 2038 2076 2139 2162 2194 2253 2272 2279 2262 2269 2245 2201 2124 2083 2059 2042 2032 2033 2037 2056 2042 2036 2045 2041 1990 1973 1969 1970 1967 1945 1938 1911 1904 1900 1817 1784 1748 1667 1624 1582 1550 1495 1470 1446 1394 1372 1355 1325 1253 1210 1168 1104 1074 1044 1015 947 912 864 773
1622 1606 1579 1561 1533 1513 1495 1469 1459 1452 1473 1519 1562 1581 1599 1635 1652 1636 1612 1609 1649 1801 1866 1891 1973 1990 2006 2051 2096 2123 2163 2219 2242 2257 2280 2305 2259 2225 2153 2127 2100 2097 2147 2147 2154 2123 2106 2117 2117 2097 2080 2060 2012 2048 2024 2013 1969 1952 1948 1847 1814 1777 1738 1663 1624 1578 1516 1494 1467 1440 1390 1366 1344 1285 1250 1206 1161 1069 1027 997 950 921 891 851 771
1599 1583 1551 1506 1490 1480 1503 1541 1560 1498 1529 1563 1607 1617 1636 1670 1668 1628 1607 1618 1666 1820 1859 1889 1939 1946 1949 1970 2014 2062 2134 2184 2207 2227 2255 2309 2283 2249 2181 2154 2143 2147 2132 2110 2097 2060 2053 2031 2022 2013 2001 2002 2050 2058 2049 2033 1989 1977 1943 1828 1789 1768 1731 1661 1622 1575 1505 1479 1450 1428 1371 1347 1324 1264 1226 1186 1143 1058 1004 971 906 880 862 831 776
1578 1557 1523 1492 1483 1486 1545 1593 1617 1613 1666 1665 1690 1670 1676 1674 1670 1620 1610 1639 1748 1812 1848 1880 1925 1929 1947 1986 2000 2028 2057 2113 2136 2159 2225 2258 2288 2280 2215 2194 2184 2158 2085 2057 2037 1995 1985 1968 1956 1937 1930 1935 1945 1945 1954 1940 1888 1868 1919 1809 1756 1743 1720 1655 1617 1572 1496 1470 1442 1419 1363 1342 1322 1272 1241 1204 1165 1101 1053 1005 928 886 850 825 784
1561 1532 1505 1486 1494 1514 1596 1634 1663 1678 1707 1714 1727 1684 1679 1672 1657 1616 1635 1685 1799 1831 1852 1890 1914 1932 1970 1985 1998 2016 2036 2083 2107 2132 2195 2228 2253 2262 2163 2113 2077 2031 2014 2007 1979 1933 1916 1903 1877 1867 1858 1862 1883 1878 1886 1865 1850 1816 1800 1773 1711 1657 1630 1628 1608 1565 1494 1466 1437 1408 1361 1341 1316 1267 1240 1208 1173 1084 1032 990 933 908 866 823 775
1531 1523 1522 1544 1572 1610 1637 1671 1704 1731 1732 1733 1740 1690 1675 1667 1647 1619 1647 1696 1806 1842 1891 1918 1925 1970 2003 2014 1998 2008 2022 2059 2083 2108 2165 2194 2225 2221 2136 2092 2064 2012 1991 1964 1932 1878 1855 1831 1787 1814 1809 1803 1816 1821 1830 1803 1799 1776 1748 1730 1692 1641 1580 1582 1578 1552 1484 1451 1425 1373 1347 1334 1305 1251 1225 1195 1121 1069 1017 969 905 879 860 795 775
1536 1543 1570 1589 1614 1647 1731 1769 1796 1785 1768 1752 1746 1687 1674 1659 1625 1624 1659 1700 1817 1861 1905 1923 1947 1992 2023 2034 2020 2015 2014 2036 2057 2082 2140 2172 2205 2195 2125 2084 2053 2005 1978 1947 1915 1862 1840 1819 1779 1758 1742 1728 1686 1680 1712 1742 1731 1731 1703 1670 1656 1621 1535 1531 1528 1520 1475 1443 1417 1363 1338 1320 1297 1233 1202 1171 1083 1066 1025 984 914 884 861 794 775
1559 1571 1602 1624 1656 1684 1768 1808 1822 1799 1782 1772 1748 1687 1667 1650 1629 1638 1666 1701 1827 1876 1911 1931 1960 2009 2050 2052 2029 2014 2020 2036 2054 2079 2126 2149 2181 2131 2090 2056 2044 1995 1968 1934 1872 1846 1826 1807 1764 1739 1722 1676 1652 1631 1635 1642 1606 1605 1596 1536 1524 1522 1505 1476 1463 1466 1457 1429 1401 1356 1329 1309 1288 1243 1217 1186 1101 1063 1016 972 928 896 858 785 769
1648 1690 1705 1717 1698 1722 1796 1833 1839 1816 1807 1798 1753 1688 1670 1657 1636 1648 1673 1708 1842 1894 1908 1960 2003 2028 2067 2059 2038 2034 2040 2041 2058 2098 2142 2161 2166 2098 2056 2021 2004 1976 1949 1914 1862 1833 1818 1792 1744 1720 1699 1658 1637 1611 1596 1603 1571 1544 1510 1480 1458 1442 1408 1391 1363 1343 1349 1352 1385 1339 1317 1297 1261 1241 1222 1193 1112 1072 1030 945 914 891 852 769 761
1674 1709 1755 1765 1771 1821 1845 1863 1854 1837 1815 1804 1759 1701 1681 1664 1642 1655 1682 1720 1847 1896 1918 1981 2025 2061 2079 2146 2144 2126 2111 2072 2088 2131 2154 2166 2136 2057 2020 1991 1964 1940 1928 1898 1843 1817 1791 1760 1710 1689 1667 1625 1609 1598 1576 1553 1530 1497 1440 1413 1394 1362 1324 1311 1292 1272 1266 1265 1261 1276 1256 1224 1206 1202 1210 1184 1110 1068 1027 947 906 876 838 772 763
1690 1735 1797 1800 1801 1863 1874 1870 1862 1837 1819 1812 1759 1723 1693 1668 1646 1669 1693 1803 1866 1907 1931 2001 2043 2068 2134 2170 2170 2159 2145 2131 2127 2072 2060 2052 2016 2022 1982 1957 1914 1902 1890 1870 1818 1797 1766 1736 1688 1671 1650 1610 1598 1576 1550 1497 1475 1449 1381 1362 1336 1314 1276 1256 1231 1224 1217 1208 1195 1190 1179 1165 1151 1156 1155 1140 1080 1045 1007 940 913 879 842 770 762
1746 1773 1835 1833 1847 1893 1884 1875 1876 1837 1820 1810 1753 1716 1690 1668 1669 1690 1720 1830 1884 1927 1952 2028 2057 2075 2151 2189 2174 2155 2108 2084 2074 2021 2003 1979 1959 1909 1893 1871 1827 1809 1800 1794 1791 1763 1733 1687 1664 1653 1629 1593 1583 1567 1514 1487 1457 1436 1380 1337 1298 1293 1296 1292 1282 1217 1206 1199 1165 1147 1125 1107 1089 1096 1092 1085 1060 1030 996 934 909 878 838 764 760
1782 1840 1879 1908 1923 1895 1900 1889 1886 1836 1817 1806 1744 1708 1687 1667 1674 1696 1732 1841 1893 1944 1994 2067 2073 2083 2140 2140 2153 2126 2064 2038 2016 1968 1942 1918 1912 1860 1830 1798 1753 1750 1741 1732 1697 1673 1642 1599 1589 1582 1609 1571 1559 1542 1489 1475 1450 1416 1375 1341 1323 1341 1341 1337 1329 1308 1284 1256 1222 1196 1168 1113 1059 1036 1031 1035 1035 1008 989 932 905 875 806 781 761
1817 1889 1902 1934 1931 1909 1920 1914 1858 1828 1813 1801 1744 1707 1684 1662 1680 1706 1751 1854 1908 1964 2062 2080 2079 2094 2124 2113 2094 2063 1997 1959 1927 1877 1856 1882 1866 1815 1786 1753 1706 1700 1694 1681 1648 1629 1600 1553 1541 1534 1531 1506 1497 1480 1448 1431 1441 1417 1376 1358 1364 1393 1392 1390 1382 1351 1314 1281 1241 1217 1186 1141 1089 1066 1039 973 936 953 949 911 896 869 821 803 776
1849 1913 1933 1949 1935 1930 1932 1911 1845 1818 1805 1793 1741 1704 1678 1670 1692 1734 1784 1894 1926 1982 2077 2089 2090 2109 2099 2080 2056 1993 1966 1934 1906 1849 1831 1821 1787 1748 1716 1694 1649 1652 1647 1614 1605 1588 1559 1515 1504 1495 1482 1477 1469 1451 1425 1414 1419 1429 1456 1488 1501 1501 1447 1443 1414 1361 1334 1308 1279 1245 1205 1166 1110 1083 1061 1008 994 969 953 917 900 865 803 795 783
1885 1965 1973 1964 1939 1942 1930 1904 1838 1814 1796 1775 1733 1698 1677 1672 1698 1750 1810 1907 1964 2020 2111 2107 2124 2143 2080 2043 2019 1967 1950 1924 1893 1848 1839 1827 1782 1750 1738 1721 1668 1640 1613 1562 1551 1539 1520 1489 1484 1478 1467 1465 1455 1442 1437 1449 1465 1526 1545 1560 1559 1531 1497 1463 1417 1403 1393 1383 1320 1268 1228 1157 1127 1109 1088 1044 1026 1005 954 930 898 866 797 781 771
1885 1978 1980 1962 1948 1933 1913 1883 1822 1795 1781 1748 1725 1692 1675 1678 1711 1765 1827 1915 1972 2023 2126 2124 2147 2166 2097 2057 2033 2006 1977 1951 1904 1874 1863 1848 1811 1788 1777 1757 1697 1669 1642 1587 1578 1565 1551 1519 1507 1510 1531 1534 1538 1482 1482 1493 1511 1606 1624 1619 1589 1540 1510 1483 1449 1448 1441 1408 1319 1292 1271 1225 1206 1183 1159 1072 1043 1020 961 932 895 862 796 779 774
1883 1990 1984 1970 1945 1927 1906 1881 1835 1808 1787 1746 1718 1697 1675 1696 1725 1772 1861 1911 1961 2012 2139 2150 2175 2178 2128 2094 2070 2058 2016 1985 1969 1951 1947 1955 1933 1893 1822 1774 1733 1700 1669 1622 1612 1608 1601 1558 1541 1552 1587 1590 1602 1636 1645 1669 1691 1748 1718 1674 1613 1565 1538 1518 1491 1495 1472 1431 1356 1330 1306 1258 1237 1214 1185 1103 1069 1045 982 942 903 865 798 777 772
1925 1991 1985 1981 1947 1926 1910 1889 1853 1825 1800 1748 1720 1698 1677 1714 1742 1781 1863 1917 1978 2010 2107 2179 2207 2208 2167 2134 2111 2090 2041 2014 1998 1978 1984 2019 2007 1955 1938 1901 1842 1838 1833 1781 1664 1657 1649 1640 1616 1631 1653 1655 1679 1735 1726 1735 1762 1775 1732 1694 1642 1618 1596 1580 1587 1577 1503 1426 1390 1358 1335 1290 1265 1240 1201 1112 1076 1052 991 950 910 875 809 778 768
1991 1991 1995 1993 1952 1934 1916 1896 1861 1839 1809 1744 1715 1691 1680 1733 1751 1788 1881 1941 2000 2018 2094 2170 2262 2296 2277 2237 2207 2106 2060 2052 2020 2007 2017 2077 2076 2021 2028 1940 1919 1929 1908 1867 1810 1803 1819 1771 1748 1769 1791 1725 1764 1778 1763 1786 1824 1790 1752 1726 1670 1645 1629 1625 1627 1597 1556 1476 1443 1416 1386 1326 1287 1254 1163 1120 1084 1059 999 959 918 847 817 780 763
1986 1992 2001 1996 1952 1935 1916 1872 1853 1844 1823 1754 1716 1690 1728 1745 1766 1804 1907 1975 2014 2058 2106 2160 2237 2335 2330 2291 2203 2152 2117 2106 2082 2092 2128 2127 2146 2095 2108 2007 2011 2021 1995 1947 1887 1937 1863 1816 1799 1818 1843 1893 1883 1834 1849 1858 1838 1790 1765 1740 1685 1673 1672 1675 1637 1605 1572 1501 1468 1434 1404 1332 1300 1262 1165 1119 1084 1061 1003 967 926 853 822 784 764
1980 1995 2002 1990 1952 1934 1910 1870 1860 1848 1823 1755 1717 1693 1750 1765 1793 1837 1957 2013 2029 2077 2125 2171 2214 2330 2361 2323 2224 2184 2153 2136 2122 2137 2187 2339 2314 2268 2220 2157 2169 2191 2073 2011 2037 2012 1902 1867 1868 1882 1901 1938 1897 1860 1870 1875 1820 1802 1779 1760 1752 1740 1724 1690 1641 1612 1586 1514 1484 1450 1414 1342 1304 1259 1163 1119 1083 1056 1000 968 936 863 834 799 766
2009 1999 1978 1966 1924 1926 1901 1876 1864 1848 1823 1753 1719 1698 1761 1773 1800 1845 1965 2026 2080 2141 2174 2209 2207 2259 2348 2353 2261 2225 2193 2176 2179 2205 2260 2395 2375 2329 2308 2241 2264 2304 2280 2233 2171 2097 2015 1958 1913 1944 1957 1935 1908 1875 1879 1885 1831 1809 1792 1785 1766 1741 1715 1652 1614 1586 1550 1502 1473 1449 1382 1346 1304 1257 1161 1117 1078 1026 998 966 934 867 832 802 771
2022 1996 1979 1937 1925 1915 1907 1883 1863 1840 1778 1754 1720 1702 1766 1777 1801 1907 1968 2036 2092 2170 2203 2224 2224 2258 2318 2389 2363 2327 2300 2296 2357 2290 2348 2461 2463 2423 2381 2346 2343 2308 2255 2231 2178 2126 2039 1995 1989 2067 2053 2024 1981 1939 1889 1881 1840 1826 1814 1800 1756 1721 1686 1619 1579 1545 1512 1469 1445 1414 1354 1314 1278 1234 1140 1112 1073 1021 995 962 929 870 836 808 775
2028 1998 1985 1949 1934 1920 1903 1883 1871 1853 1791 1753 1723 1712 1763 1778 1803 1908 1965 2026 2084 2175 2212 2235 2253 2269 2324 2392 2403 2385 2373 2414 2444 2454 2458 2502 2536 2551 2444 2375 2322 2282 2211 2189 2175 2132 2075 2047 2045 2048 2049 2043 2013 1949 1929 1917 1862 1815 1766 1720 1716 1690 1651 1583 1540 1507 1473 1424 1401 1373 1315 1277 1239 1201 1117 1078 1050 999 979 953 927 873 844 814 783
2020 2009 1992 1956 1939 1922 1908 1885 1873 1854 1789 1752 1728 1713 1766 1779 1803 1897 1952 1995 2055 2186 2223 2244 2257 2272 2328 2404 2459 2445 2435 2443 2416 2402 2400 2443 2453 2470 2478 2439 2380 2330 2264 2239 2189 2138 2117 2120 2113 2009 1991 1987 1935 1900 1885 1878 1831 1788 1739 1641 1607 1587 1568 1512 1471 1430 1363 1376 1346 1316 1260 1218 1183 1127 1091 1059 1026 975 958 930 898 853 838 823 789
2020 2015 2005 1966 1951 1947 1913 1900 1882 1859 1791 1761 1737 1719 1766 1778 1801 1890 1949 1996 2039 2181 2230 2236 2262 2296 2349 2423 2361 2330 2378 2393 2374 2350 2339 2374 2395 2385 2415 2429 2409 2378 2312 2244 2171 2057 2038 2068 2107 2015 1954 1953 1895 1855 1832 1815 1787 1756 1709 1608 1562 1526 1506 1453 1421 1381 1308 1268 1239 1213 1146 1117 1095 1086 1060 1027 983 941 921 904 873 871 861 843 789
2011 2012 2006 1970 1960 1959 1931 1915 1897 1872 1806 1770 1742 1740 1760 1782 1800 1883 1945 1993 2096 2170 2226 2231 2286 2335 2356 2340 2302 2265 2255 2270 2277 2247 2214 2247 2322 2310 2345 2370 2366 2362 2255 2206 2134 2009 1985 2010 2044 2004 1935 1866 1824 1790 1745 1710 1650 1635 1668 1584 1535 1486 1450 1390 1363 1326 1250 1218 1199 1170 1107 1075 1058 1032 1016 1020 1037 996 982 936 916 902 883 861 798
2009 2009 2007 1977 1968 1967 1943 1935 1914 1886 1816 1778 1748 1738 1756 1776 1801 1893 1953 1998 2084 2168 2232 2259 2318 2319 2297 2261 2245 2219 2196 2200 2222 2197 2161 2189 2182 2196 2209 2219 2231 2211 2189 2149 2102 1977 1940 1961 1992 1962 1903 1837 1768 1750 1714 1642 1599 1569 1551 1475 1433 1391 1319 1275 1299 1265 1199 1175 1157 1126 1074 1060 1059 1050 1057 1065 1066 1028 1010 992 955 939 917 893 831
2015 2013 2004 1988 1980 1975 1950 1944 1929 1898 1822 1785 1752 1744 1762 1783 1814 1908 1963 2007 2084 2141 2224 2257 2214 2188 2159 2191 2179 2163 2143 2132 2154 2155 2111 2127 2122 2139 2147 2151 2175 2207 2143 2076 2015 1907 1860 1868 1859 1883 1836 1796 1705 1689 1667 1601 1555 1511 1471 1403 1362 1323 1267 1226 1195 1166 1118 1099 1093 1097 1079 1090 1093 1100 1112 1115 1088 1061 1039 1018 979 955 933 880 843
2026 2016 2002 1993 1988 1986 1967 1957 1934 1870 1828 1792 1753 1751 1770 1798 1897 1949 1983 2022 2093 2134 2201 2197 2145 2121 2100 2069 2052 2042 2022 2015 2023 2105 2064 2072 2062 2085 2091 2095 2133 2173 2144 2070 2005 1873 1821 1816 1815 1775 1736 1709 1624 1582 1554 1558 1508 1454 1413 1338 1297 1262 1211 1181 1159 1139 1112 1114 1122 1144 1162 1169 1170 1213 1226 1231 1132 1101 1073 1050 1003 975 948 894 862
2030 2019 2009 1998 1995 1996 1967 1955 1932 1862 1821 1785 1751 1775 1803 1840 1969 1994 1997 2022 2105 2146 2166 2112 2090 2071 2055 2024 2002 1983 1949 1957 1964 1968 1970 1972 1968 1982 1981 1998 2084 2123 2104 2052 1920 1849 1785 1772 1772 1730 1695 1661 1591 1546 1490 1409 1370 1334 1296 1232 1207 1217 1169 1153 1133 1124 1133 1151 1168 1205 1222 1230 1234 1270 1282 1289 1211 1174 1142 1110 1051 1018 967 910 879
2029 2018 2003 2003 2003 1999 1968 1945 1920 1848 1814 1778 1753 1790 1823 1865 1996 2013 2023 2045 2122 2157 2124 2077 2066 2038 2018 1977 1954 1935 1904 1914 1917 1922 1921 1923 1919 1932 1929 1953 1971 2015 2000 1943 1867 1808 1762 1717 1731 1699 1657 1574 1534 1494 1435 1355 1314 1277 1221 1196 1172 1156 1149 1162 1176 1210 1227 1196 1220 1262 1278 1284 1311 1326 1332 1324 1228 1191 1160 1096 1068 1032 999 936 899
2027 2013 2003 1997 1994 1974 1960 1929 1888 1833 1803 1769 1761 1805 1845 1890 2019 2038 2051 2076 2130 2144 2103 2047 2021 1992 1952 1876 1869 1852 1822 1868 1874 1882 1876 1879 1873 1884 1884 1905 1916 1960 1945 1894 1822 1775 1715 1639 1614 1600 1555 1446 1464 1420 1370 1308 1273 1242 1188 1175 1163 1166 1186 1205 1221 1265 1282 1304 1326 1379 1394 1387 1414 1373 1357 1337 1243 1200 1167 1106 1073 1038 1009 936 899
