data/Revelstoke/elevation.asc
ncols	539
nrows	726
xllcorner	-1620000
yllcorner	438000
cellsize	100
NODATA_value	-9999
[rows 629 to 665 of 726, columns 170 to 254 of 539]
1584 1633 1692 1799 1828 1844 1840 1854 1847 1820 1747 1721 1707 1700 1691 1689 1669 1587 1544 1488 1481 1536 1551 1571 1586 1563 1536 1523 1500 1487 1477 1455 1445 1429 1409 1352 1310 1272 1218 1198 1190 1163 1154 1152 1152 1165 1188 1193 1194 1184 1171 1148 1128 1090 1070 1057 1061 1068 1066 1073 1071 1073 1098 1088 1087 1092 1112 1130 1143 1161 1193 1212 1228 1241 1257 1263 1257 1247 1245 1238 1238 1208 1196 1171 1108
1725 1775 1810 1821 1814 1824 1829 1861 1855 1816 1733 1709 1697 1691 1678 1674 1667 1592 1543 1521 1558 1615 1644 1667 1670 1610 1561 1532 1513 1504 1498 1484 1467 1440 1418 1362 1325 1287 1235 1228 1220 1213 1204 1201 1206 1221 1223 1204 1204 1198 1191 1174 1129 1107 1089 1063 1037 1039 1033 1048 1058 1051 1043 1032 1036 1045 1051 1054 1107 1118 1148 1168 1188 1199 1238 1240 1231 1214 1209 1206 1205 1198 1201 1185 1131
1758 1786 1815 1832 1828 1820 1829 1832 1822 1801 1724 1698 1692 1680 1666 1658 1651 1571 1529 1531 1565 1621 1656 1681 1713 1711 1686 1645 1592 1581 1556 1502 1482 1459 1433 1376 1341 1309 1277 1272 1259 1258 1248 1242 1252 1255 1258 1265 1263 1251 1236 1219 1182 1128 1107 1085 1037 1029 1023 1023 1032 1037 1042 1024 1023 1031 1029 1031 1041 1051 1082 1095 1105 1158 1168 1208 1199 1185 1177 1169 1165 1184 1196 1191 1143
1788 1809 1826 1831 1825 1825 1837 1822 1803 1776 1710 1696 1688 1675 1668 1658 1637 1549 1521 1532 1596 1627 1668 1704 1733 1736 1727 1676 1658 1638 1612 1539 1504 1475 1440 1388 1372 1349 1324 1317 1300 1300 1287 1287 1294 1296 1304 1314 1312 1290 1272 1255 1212 1186 1160 1135 1090 1081 1066 1018 1009 1009 1013 1008 1012 1024 1017 1021 1024 1028 1056 1066 1072 1119 1128 1124 1121 1108 1096 1089 1102 1162 1184 1186 1147
1793 1819 1829 1829 1820 1818 1825 1816 1789 1751 1703 1692 1682 1666 1660 1644 1604 1537 1528 1549 1628 1675 1686 1716 1747 1752 1747 1723 1708 1678 1658 1609 1545 1494 1412 1389 1373 1366 1384 1383 1387 1381 1361 1369 1343 1357 1360 1359 1336 1331 1315 1292 1249 1224 1194 1167 1120 1103 1086 1055 1041 1029 1022 1005 991 987 990 1000 1006 1007 1032 1039 1044 1086 1092 1081 1082 1071 1063 1057 1073 1098 1114 1140 1135
1778 1807 1845 1856 1859 1860 1857 1811 1784 1746 1717 1696 1672 1659 1652 1633 1592 1541 1551 1574 1666 1724 1754 1763 1769 1763 1765 1759 1751 1731 1706 1643 1572 1515 1439 1405 1395 1395 1432 1443 1447 1441 1405 1416 1446 1459 1447 1432 1391 1376 1346 1323 1291 1263 1235 1169 1153 1129 1109 1079 1063 1050 1033 1019 1001 998 1002 985 972 973 993 995 1018 1050 1045 1043 1044 1036 1024 1025 1049 1070 1083 1099 1114
1767 1799 1880 1886 1883 1876 1863 1854 1829 1744 1739 1701 1664 1647 1641 1623 1564 1554 1571 1598 1700 1750 1776 1773 1766 1756 1748 1743 1739 1726 1701 1610 1540 1502 1459 1435 1439 1444 1491 1501 1511 1476 1445 1466 1483 1474 1461 1449 1407 1392 1381 1367 1332 1313 1286 1243 1188 1160 1134 1104 1083 1068 1043 1025 1015 1024 1021 1003 983 949 961 965 979 984 985 984 984 985 1004 1018 1035 1046 1058 1079 1079
1761 1795 1885 1895 1896 1890 1872 1863 1856 1767 1741 1711 1676 1643 1619 1587 1569 1587 1612 1625 1722 1760 1777 1775 1766 1756 1737 1712 1706 1698 1644 1593 1535 1490 1468 1494 1511 1579 1594 1602 1597 1516 1499 1510 1500 1480 1465 1451 1422 1410 1398 1389 1360 1340 1316 1261 1229 1204 1184 1148 1128 1106 1058 1032 1035 1039 1032 1018 998 957 947 939 942 940 950 947 971 978 987 993 998 1003 1009 1033 1051
1757 1788 1851 1874 1896 1893 1876 1869 1864 1806 1768 1730 1705 1661 1637 1605 1577 1600 1629 1669 1753 1791 1817 1784 1755 1741 1733 1674 1673 1672 1624 1580 1535 1491 1491 1533 1564 1622 1629 1622 1610 1578 1567 1555 1534 1530 1526 1467 1459 1445 1431 1415 1404 1387 1360 1287 1261 1237 1196 1180 1158 1138 1083 1092 1093 1093 1075 1064 1051 988 976 961 939 922 917 912 943 962 969 975 978 981 991 1013 1015
1769 1807 1855 1876 1892 1911 1939 1963 1977 1928 1805 1777 1764 1722 1693 1653 1585 1603 1635 1721 1777 1816 1838 1776 1735 1716 1706 1669 1664 1648 1582 1565 1537 1506 1530 1584 1630 1669 1667 1656 1637 1605 1598 1597 1589 1601 1601 1588 1571 1551 1539 1518 1496 1431 1392 1328 1301 1270 1236 1221 1202 1176 1121 1124 1121 1114 1104 1095 1081 1052 1032 1019 984 973 963 925 912 934 949 961 962 963 972 992 989
1780 1816 1860 1866 1869 1926 1993 2022 2031 2020 1926 1849 1798 1785 1735 1687 1612 1621 1647 1737 1800 1842 1855 1759 1716 1694 1676 1671 1659 1645 1601 1603 1609 1624 1648 1701 1752 1783 1726 1717 1687 1653 1645 1648 1672 1677 1666 1649 1612 1594 1582 1551 1529 1509 1479 1400 1369 1355 1324 1310 1249 1210 1160 1160 1155 1144 1139 1133 1124 1092 1072 1056 1010 991 977 969 942 910 895 926 930 948 956 972 964
1806 1798 1837 1841 1849 1925 2002 2042 2050 2027 1922 1834 1784 1789 1781 1741 1717 1716 1734 1802 1853 1884 1897 1772 1724 1695 1694 1701 1674 1644 1635 1644 1653 1681 1730 1769 1808 1836 1842 1836 1809 1808 1817 1815 1737 1734 1721 1660 1643 1628 1621 1602 1580 1549 1479 1430 1405 1388 1355 1340 1298 1235 1223 1214 1210 1208 1176 1172 1168 1128 1114 1100 1041 1012 1003 993 960 924 888 912 920 927 931 933 931
1869 1869 1866 1846 1839 1903 1973 2029 2041 2018 1911 1823 1784 1784 1800 1811 1803 1805 1796 1842 1862 1883 1920 1924 1835 1781 1786 1801 1778 1693 1677 1711 1726 1785 1821 1830 1849 1878 1896 1890 1854 1840 1845 1861 1828 1808 1793 1771 1752 1732 1654 1621 1606 1580 1505 1464 1441 1420 1383 1352 1312 1235 1255 1240 1244 1234 1226 1214 1182 1167 1155 1142 1063 1045 1043 1028 986 957 908 879 891 905 916 928 924
1922 1912 1895 1864 1858 1921 1982 2035 2049 2003 1920 1861 1792 1784 1799 1855 1868 1855 1838 1867 1874 1890 1968 1965 1916 1842 1832 1857 1856 1821 1833 1858 1875 1880 1902 1871 1884 1941 1969 1978 1941 1908 1905 1897 1852 1831 1811 1792 1777 1755 1738 1670 1633 1605 1552 1523 1501 1447 1395 1361 1315 1269 1280 1266 1275 1262 1242 1225 1194 1179 1167 1152 1132 1123 1105 1068 1046 1020 955 893 862 860 912 926 921
1939 1927 1928 1912 1899 1955 2007 2036 2063 2051 1955 1886 1823 1813 1816 1876 1906 1918 1925 1953 1904 1922 1974 1965 1943 1892 1880 1913 1926 1911 1912 1909 1915 1934 1965 1995 2035 2042 2035 2019 1969 1959 1937 1897 1874 1851 1831 1805 1788 1762 1753 1715 1683 1636 1572 1550 1522 1494 1408 1368 1319 1346 1358 1316 1308 1283 1264 1243 1205 1191 1185 1183 1152 1140 1123 1084 1062 1045 1025 966 932 904 859 892 906
1906 1940 1975 1987 1982 1998 2015 2041 2071 2083 2023 1941 1869 1851 1844 1906 1944 1962 1972 2000 2007 2002 1946 1938 1920 1895 1939 1964 1945 1928 1927 1924 1942 1993 2024 2041 2047 2042 2031 2010 1977 1964 1950 1906 1884 1857 1837 1817 1810 1780 1753 1746 1718 1673 1600 1575 1547 1464 1422 1373 1322 1376 1381 1376 1344 1334 1310 1287 1259 1223 1212 1206 1168 1154 1139 1102 1079 1060 1044 985 957 929 852 848 872
1904 1976 2006 2005 2015 2028 2042 2061 2079 2085 2074 1968 1920 1893 1882 1932 1980 2005 2023 2038 2049 2039 1943 1930 1914 1912 1940 1937 1935 1948 1969 1990 1978 2042 2061 2068 2060 2050 2040 2021 1983 1971 1958 1917 1891 1861 1838 1808 1794 1776 1755 1747 1717 1679 1624 1594 1565 1476 1430 1379 1336 1392 1401 1392 1372 1352 1331 1309 1284 1267 1252 1218 1199 1181 1169 1117 1099 1077 1030 1010 982 949 889 847 839
1929 2030 2033 2017 2019 2039 2060 2074 2094 2093 2092 2087 2079 2032 2005 2019 2075 2054 2056 2073 2075 2056 1965 1933 1915 1934 1943 1951 1955 1979 2002 2032 2089 2109 2117 2106 2069 2057 2041 2014 1998 1987 1976 1933 1904 1874 1839 1800 1788 1773 1751 1740 1709 1676 1630 1597 1573 1492 1429 1382 1367 1415 1422 1417 1397 1376 1354 1335 1302 1284 1268 1235 1215 1194 1182 1155 1141 1114 1067 1042 1017 982 907 871 833
2023 2050 2054 2044 2032 2045 2064 2077 2090 2091 2084 2089 2087 2086 2085 2078 2093 2109 2107 2106 2102 2091 2047 1962 1937 1955 1984 2002 2001 2021 2040 2064 2105 2121 2124 2109 2086 2071 2058 2025 2010 2002 1993 1957 1933 1890 1829 1804 1785 1770 1750 1724 1696 1647 1607 1576 1564 1497 1423 1408 1472 1477 1470 1458 1430 1407 1374 1352 1312 1298 1285 1250 1232 1212 1195 1177 1157 1138 1080 1051 1025 992 922 893 853
2041 2055 2068 2073 2088 2095 2105 2089 2091 2092 2085 2086 2085 2081 2075 2075 2088 2111 2105 2103 2100 2094 2071 2053 2026 2003 2006 2018 2030 2044 2060 2078 2115 2124 2119 2118 2107 2086 2065 2021 2003 1992 1982 1957 1938 1911 1848 1821 1803 1784 1746 1733 1708 1647 1605 1560 1543 1475 1427 1437 1488 1499 1489 1475 1433 1408 1388 1353 1334 1320 1307 1274 1244 1229 1208 1193 1172 1149 1096 1064 1036 1001 924 897 870
2041 2057 2077 2088 2104 2110 2111 2108 2097 2085 2073 2066 2065 2059 2068 2070 2074 2088 2090 2100 2104 2086 2080 2068 2045 2001 2005 2022 2052 2063 2077 2092 2118 2128 2135 2134 2110 2087 2062 2015 1994 1979 1970 1949 1931 1911 1856 1826 1800 1774 1736 1723 1706 1665 1622 1569 1518 1460 1442 1475 1529 1527 1508 1490 1441 1413 1394 1360 1346 1333 1320 1287 1273 1257 1232 1204 1183 1161 1115 1076 1045 945 899 870 848
2052 2066 2088 2097 2098 2095 2090 2093 2086 2067 2054 2049 2048 2043 2046 2043 2030 2014 2018 2052 2086 2078 2074 2064 2044 1993 1995 2010 2048 2059 2075 2095 2108 2116 2128 2116 2100 2077 2053 2023 2007 1990 1953 1940 1925 1909 1857 1827 1797 1739 1723 1715 1701 1647 1606 1584 1558 1512 1541 1570 1570 1558 1531 1493 1445 1420 1402 1372 1356 1342 1329 1299 1283 1265 1226 1207 1186 1165 1117 1092 1064 987 950 913 877
2051 2050 2056 2054 2056 2076 2071 2076 2072 2053 2037 2034 2029 2027 2027 2019 1986 1957 1973 2003 2029 2054 2061 2048 2020 1979 1981 1997 2043 2063 2076 2090 2090 2094 2110 2108 2088 2069 2053 2027 2011 1993 1960 1950 1936 1918 1866 1842 1804 1741 1724 1710 1693 1634 1607 1601 1580 1562 1570 1573 1565 1554 1540 1493 1471 1455 1439 1398 1369 1351 1319 1304 1288 1269 1224 1207 1187 1166 1123 1105 1086 1007 969 932 889
2026 2015 2021 2035 2032 2035 2044 2048 2042 2033 2022 2018 2014 2013 2012 1998 1964 1939 1951 1976 1999 2040 2051 2033 1983 1968 1958 1971 2050 2060 2065 2066 2081 2076 2087 2090 2079 2058 2051 2023 2012 1999 1973 1963 1946 1923 1870 1845 1820 1771 1754 1728 1699 1627 1611 1609 1593 1580 1577 1573 1561 1553 1545 1514 1488 1473 1461 1419 1386 1357 1319 1302 1296 1284 1242 1221 1194 1157 1139 1121 1095 1021 981 938 820
2003 1997 1999 2017 2014 2019 2029 2030 2024 2018 2015 1995 1983 1986 1987 1979 1954 1930 1939 1954 1974 2016 2030 2014 1967 1955 1947 1962 2036 2048 2053 2056 2051 2050 2049 2054 2045 2037 2017 2019 2011 2000 1977 1968 1947 1905 1881 1855 1828 1772 1752 1725 1693 1633 1623 1611 1600 1595 1588 1576 1560 1553 1548 1524 1503 1497 1480 1430 1394 1368 1324 1320 1312 1294 1246 1228 1223 1197 1168 1133 1107 1023 971 924 834
1991 1989 1990 2011 2006 2006 2015 2010 2012 2010 2006 1984 1968 1972 1975 1964 1950 1925 1925 1926 1930 1966 1973 1991 1946 1939 1937 1953 2024 2033 2037 2039 2030 2029 2035 2021 2016 2020 2012 2010 1996 1988 1968 1947 1927 1905 1885 1859 1833 1765 1740 1706 1649 1645 1634 1614 1602 1601 1593 1572 1564 1554 1543 1524 1527 1519 1499 1437 1403 1372 1345 1335 1317 1294 1253 1241 1233 1199 1168 1146 1125 1054 1014 990 913
1981 1980 1980 1975 1970 1980 1985 1986 2004 2006 1991 1961 1944 1957 1951 1941 1932 1916 1920 1921 1924 1943 1947 1946 1911 1911 1918 1937 1979 2011 2016 2018 2010 2007 2005 1992 1995 2007 2013 2009 1989 1975 1959 1935 1916 1889 1874 1859 1838 1771 1726 1686 1650 1651 1644 1620 1610 1607 1603 1581 1573 1560 1541 1522 1520 1510 1478 1450 1429 1412 1361 1340 1326 1279 1265 1254 1240 1219 1192 1169 1116 1085 1044 1010 950
1971 1966 1966 1962 1955 1962 1971 1971 1975 1986 1973 1927 1902 1896 1920 1909 1896 1901 1907 1909 1911 1922 1928 1925 1899 1909 1928 1960 1965 1971 1980 1995 1996 1992 1972 1970 1984 1994 2002 2001 1984 1967 1946 1928 1908 1878 1862 1848 1833 1769 1726 1685 1643 1636 1638 1636 1641 1623 1612 1594 1584 1568 1554 1540 1528 1512 1482 1469 1449 1431 1375 1357 1336 1291 1273 1263 1260 1237 1217 1187 1135 1110 1076 1040 986
1962 1954 1952 1950 1946 1944 1957 1961 1968 1982 1982 1972 1946 1866 1872 1877 1883 1888 1884 1878 1893 1900 1905 1905 1902 1923 1948 1962 1950 1952 1954 1976 1984 1985 1969 1968 1968 1971 1973 1964 1955 1927 1929 1918 1900 1862 1847 1832 1795 1766 1728 1684 1638 1633 1634 1641 1641 1629 1620 1613 1599 1599 1597 1574 1546 1528 1503 1484 1463 1448 1399 1368 1340 1295 1288 1278 1271 1242 1228 1213 1175 1149 1126 1102 1055
1935 1929 1926 1927 1932 1938 1951 1959 1968 1982 1987 1996 1967 1849 1838 1858 1873 1872 1870 1858 1843 1853 1860 1863 1891 1919 1947 1959 1935 1930 1933 1943 1961 1966 1970 1971 1969 1966 1962 1952 1939 1917 1901 1887 1872 1843 1834 1815 1777 1752 1725 1696 1642 1634 1634 1639 1635 1625 1615 1608 1607 1609 1591 1576 1563 1554 1534 1509 1481 1434 1405 1364 1333 1306 1297 1292 1266 1249 1236 1223 1188 1166 1142 1119 1077
1913 1916 1919 1923 1933 1949 1953 1960 1960 1972 1985 2003 1991 1846 1820 1836 1856 1854 1847 1824 1814 1829 1838 1838 1872 1909 1939 1919 1896 1888 1889 1898 1909 1943 1965 1967 1969 1967 1956 1952 1939 1915 1899 1880 1866 1837 1823 1804 1765 1745 1726 1706 1648 1638 1634 1633 1630 1623 1615 1608 1604 1600 1577 1565 1558 1554 1541 1526 1504 1454 1435 1406 1377 1356 1350 1336 1280 1258 1246 1234 1204 1180 1154 1115 1096
1896 1904 1918 1920 1927 1943 1956 1956 1957 1967 1982 1995 1998 1878 1818 1802 1816 1836 1822 1789 1784 1800 1807 1817 1855 1896 1922 1891 1877 1879 1880 1889 1892 1897 1954 1966 1965 1957 1953 1955 1947 1923 1906 1892 1865 1847 1822 1794 1757 1735 1718 1683 1668 1647 1634 1634 1638 1640 1637 1624 1615 1597 1581 1572 1570 1572 1561 1548 1513 1468 1453 1427 1397 1382 1378 1370 1332 1301 1273 1254 1219 1203 1171 1128 1104
1854 1870 1920 1925 1929 1952 1955 1953 1949 1965 1975 1981 1981 1905 1844 1816 1797 1787 1756 1725 1717 1726 1731 1782 1842 1889 1902 1867 1862 1878 1880 1882 1878 1883 1934 1955 1956 1949 1944 1929 1923 1911 1893 1888 1865 1857 1829 1801 1752 1732 1711 1689 1678 1652 1639 1639 1639 1639 1636 1631 1625 1622 1616 1610 1605 1590 1567 1544 1516 1483 1465 1443 1418 1406 1405 1396 1368 1338 1300 1269 1224 1206 1186 1149 1129
1833 1851 1891 1908 1928 1939 1939 1940 1949 1957 1963 1966 1968 1956 1898 1838 1772 1757 1720 1685 1693 1702 1720 1776 1814 1854 1850 1847 1858 1870 1883 1878 1868 1876 1913 1930 1941 1934 1927 1915 1908 1891 1878 1874 1851 1839 1828 1800 1743 1720 1707 1696 1683 1659 1646 1643 1642 1642 1644 1640 1639 1636 1631 1627 1620 1593 1567 1544 1524 1495 1486 1476 1461 1424 1424 1415 1389 1366 1330 1266 1247 1225 1199 1157 1136
1819 1834 1872 1891 1903 1918 1925 1930 1930 1936 1946 1955 1958 1945 1940 1884 1757 1731 1696 1674 1684 1698 1718 1774 1821 1848 1838 1844 1855 1858 1861 1858 1857 1895 1911 1916 1923 1920 1913 1901 1883 1867 1856 1854 1839 1827 1808 1781 1730 1719 1711 1695 1680 1663 1651 1653 1656 1661 1653 1654 1651 1646 1643 1638 1631 1596 1576 1557 1537 1507 1506 1498 1498 1490 1462 1448 1421 1394 1358 1288 1267 1248 1216 1165 1145
1803 1831 1850 1870 1879 1892 1900 1913 1915 1923 1937 1950 1945 1930 1914 1897 1751 1697 1673 1667 1681 1698 1716 1768 1809 1832 1821 1835 1851 1860 1849 1847 1857 1894 1910 1913 1910 1895 1883 1867 1853 1838 1844 1839 1820 1809 1787 1727 1714 1713 1710 1690 1674 1655 1656 1661 1673 1682 1677 1672 1670 1664 1664 1660 1643 1599 1578 1563 1546 1523 1522 1522 1531 1506 1471 1455 1431 1405 1371 1311 1284 1270 1236 1167 1163
1787 1803 1812 1824 1838 1875 1883 1897 1901 1908 1924 1937 1933 1914 1896 1832 1748 1687 1662 1662 1675 1682 1695 1752 1787 1796 1821 1835 1846 1851 1839 1840 1852 1889 1903 1906 1904 1904 1898 1874 1827 1816 1811 1804 1786 1771 1742 1691 1690 1704 1701 1678 1663 1649 1662 1673 1688 1695 1690 1685 1684 1671 1674 1667 1648 1611 1601 1588 1559 1554 1540 1547 1535 1506 1476 1455 1438 1409 1377 1312 1290 1268 1242 1194 1187
