data/Revelstoke/elevation.asc
ncols	539
nrows	726
xllcorner	-1620000
yllcorner	438000
cellsize	100
NODATA_value	-9999
[rows 518 to 554 of 726, columns 170 to 254 of 539]
2019 1949 1866 1851 1847 1837 1866 1888 1902 1912 1943 1976 2029 2139 2165 2159 2105 2036 2000 2023 2037 2054 2060 2109 2141 2172 2202 2257 2274 2293 2333 2353 2371 2367 2437 2493 2526 2410 2355 2309 2295 2177 2130 2099 2044 2028 2005 1993 1935 1888 1834 1763 1739 1701 1675 1661 1668 1680 1701 1724 1703 1690 1575 1497 1406 1319 1150 1097 1054 1005 1040 1095 1146 1198 1209 1242 1324 1329 1361 1392 1485 1509 1530 1627 1648
2010 1959 1900 1887 1859 1839 1843 1861 1884 1923 1957 1993 2039 2162 2189 2146 2086 2012 1971 1957 1982 2000 2012 2032 2065 2149 2184 2235 2258 2277 2313 2323 2324 2330 2414 2464 2532 2437 2371 2312 2255 2166 2116 2078 2033 2011 1995 1995 1919 1866 1812 1732 1709 1678 1641 1622 1623 1635 1675 1689 1677 1667 1585 1496 1413 1250 1169 1095 1055 994 1016 1068 1159 1161 1173 1200 1269 1284 1309 1336 1426 1466 1480 1504 1535
2019 1977 1926 1910 1886 1826 1820 1830 1877 1952 1975 2015 2127 2207 2202 2141 2072 2007 1959 1938 1957 1965 1970 1997 2031 2091 2135 2192 2222 2238 2247 2287 2288 2297 2382 2435 2490 2474 2406 2334 2275 2166 2119 2083 2033 2010 1989 1969 1906 1849 1810 1708 1677 1665 1627 1592 1587 1589 1620 1640 1634 1613 1563 1508 1433 1266 1185 1111 1054 987 980 1006 1084 1081 1134 1160 1228 1241 1260 1325 1374 1416 1431 1450 1457
2004 1984 1933 1921 1889 1821 1813 1825 1881 1958 2019 2084 2186 2187 2158 2137 2070 2027 1970 1924 1932 1930 1936 1964 2001 2059 2140 2174 2205 2223 2216 2215 2232 2304 2407 2427 2409 2506 2441 2362 2247 2211 2140 2086 2033 2012 1992 1966 1902 1883 1845 1712 1679 1650 1622 1558 1543 1529 1512 1585 1583 1547 1528 1480 1402 1270 1202 1131 1071 998 978 976 1033 1036 1059 1089 1119 1148 1186 1253 1293 1378 1390 1394 1388
1930 1975 1926 1910 1863 1816 1806 1822 1898 1978 2059 2088 2147 2146 2127 2119 2096 2052 2005 1921 1893 1890 1914 1941 1979 2039 2122 2159 2189 2201 2192 2192 2208 2286 2393 2400 2382 2452 2394 2354 2314 2245 2184 2137 2044 2020 1999 1933 1923 1889 1840 1724 1687 1657 1592 1555 1532 1514 1462 1457 1449 1413 1401 1393 1351 1256 1202 1142 1091 1019 991 965 990 992 1008 1040 1077 1117 1152 1206 1245 1270 1300 1310 1298
1879 1863 1850 1826 1804 1804 1795 1824 1936 2007 2063 2080 2113 2117 2115 2111 2122 2094 2030 1930 1889 1872 1877 1902 1937 1982 2098 2137 2174 2185 2174 2171 2183 2281 2375 2366 2361 2428 2378 2337 2306 2311 2260 2212 2127 2095 2056 1950 1913 1877 1835 1734 1697 1662 1597 1563 1532 1505 1416 1407 1401 1362 1346 1349 1333 1237 1204 1172 1118 1089 1045 977 956 957 969 1017 1042 1080 1110 1159 1204 1233 1278 1273 1264
1853 1854 1842 1816 1786 1781 1780 1815 1916 1970 2027 2064 2103 2119 2117 2134 2144 2138 2083 1942 1889 1859 1874 1895 1923 1973 2094 2125 2148 2134 2132 2133 2135 2218 2325 2350 2371 2408 2368 2328 2282 2297 2314 2271 2175 2135 2098 1990 1940 1893 1855 1770 1730 1689 1593 1552 1521 1497 1420 1375 1356 1328 1316 1312 1310 1244 1218 1198 1146 1116 1072 1026 963 946 934 969 999 1020 1072 1135 1183 1211 1244 1235 1225
1838 1849 1843 1827 1790 1752 1750 1783 1888 1953 2020 2074 2112 2130 2152 2183 2185 2173 2113 1953 1891 1857 1866 1888 1923 1972 2096 2114 2127 2092 2102 2106 2108 2215 2310 2290 2294 2327 2306 2271 2243 2268 2282 2268 2229 2217 2203 2095 2016 1935 1836 1811 1780 1733 1609 1556 1507 1473 1424 1394 1356 1321 1303 1293 1284 1263 1233 1216 1163 1130 1089 1044 971 949 933 941 967 990 1026 1126 1174 1206 1182 1171 1200
1764 1813 1813 1802 1753 1722 1729 1765 1872 1941 2026 2101 2122 2148 2174 2196 2199 2150 2102 1966 1885 1849 1844 1871 1911 1973 2084 2098 2101 2052 2058 2070 2078 2202 2272 2244 2249 2285 2288 2245 2213 2219 2220 2252 2215 2201 2195 2162 2086 2008 1894 1849 1805 1761 1616 1562 1514 1448 1424 1399 1365 1331 1316 1297 1243 1237 1223 1205 1155 1123 1083 1046 1018 984 949 924 928 953 995 1104 1162 1200 1149 1129 1132
1733 1773 1781 1789 1767 1711 1710 1753 1866 1952 2024 2101 2126 2153 2175 2211 2210 2140 2037 1958 1888 1849 1838 1863 1909 2030 2057 2053 2024 1985 1978 1997 2048 2148 2214 2199 2207 2243 2267 2228 2190 2199 2201 2212 2169 2151 2151 2125 2076 2009 1875 1825 1773 1730 1613 1568 1520 1460 1432 1409 1391 1335 1295 1276 1236 1223 1213 1207 1206 1201 1203 1167 1131 1078 1014 934 915 924 1017 1077 1132 1170 1119 1093 1095
1688 1728 1739 1762 1768 1710 1697 1733 1863 1967 2045 2080 2102 2129 2148 2245 2244 2164 2029 1946 1890 1850 1828 1859 1908 2016 2030 2008 1974 1954 1942 1958 1994 2052 2077 2103 2143 2200 2247 2194 2180 2192 2190 2186 2150 2128 2108 2096 2060 2005 1893 1843 1789 1749 1661 1608 1552 1490 1456 1423 1403 1348 1316 1285 1252 1241 1241 1233 1259 1261 1259 1212 1169 1111 1055 975 938 903 950 986 1035 1119 1099 1066 1064
1632 1684 1705 1739 1766 1714 1684 1712 1843 1942 2008 2060 2087 2121 2151 2265 2294 2277 2078 1936 1862 1827 1819 1852 1904 1996 1987 1965 1926 1911 1902 1909 1950 2002 2028 2054 2118 2162 2170 2178 2164 2169 2161 2205 2153 2126 2083 2069 2041 2007 1938 1874 1822 1732 1681 1628 1574 1513 1479 1456 1424 1402 1384 1379 1336 1327 1279 1291 1309 1305 1300 1254 1197 1132 1100 1033 966 923 909 942 983 1008 1024 1021 1025
1586 1619 1660 1705 1737 1711 1668 1743 1818 1905 1964 2042 2075 2116 2215 2277 2290 2264 2075 1933 1853 1819 1816 1834 1870 1938 1898 1866 1842 1864 1863 1869 1918 1969 1987 2014 2090 2109 2134 2171 2160 2160 2155 2188 2179 2180 2132 2124 2109 2082 1949 1894 1844 1747 1694 1646 1604 1544 1524 1516 1480 1453 1427 1418 1398 1398 1395 1427 1441 1431 1396 1305 1220 1180 1122 1072 1002 942 886 897 931 978 985 990 1003
1554 1585 1622 1662 1680 1672 1658 1694 1746 1796 1864 2039 2051 2108 2205 2257 2256 2194 2027 1931 1858 1816 1816 1820 1849 1903 1861 1825 1787 1789 1796 1807 1847 1897 1923 2033 2052 2074 2107 2160 2150 2138 2149 2160 2142 2146 2208 2227 2192 2146 2022 1947 1906 1780 1745 1716 1696 1594 1592 1608 1556 1508 1484 1462 1474 1488 1484 1524 1537 1521 1472 1324 1300 1299 1220 1138 1070 1000 905 877 877 931 956 984 993
1546 1573 1592 1611 1638 1626 1631 1670 1713 1766 1831 1975 2024 2084 2176 2203 2194 2137 2030 1961 1871 1816 1816 1816 1833 1874 1824 1787 1743 1744 1756 1774 1815 1853 1892 1946 1975 2012 2053 2121 2109 2115 2172 2146 2123 2128 2200 2239 2246 2134 2076 2037 1962 1838 1803 1793 1801 1815 1812 1810 1676 1667 1673 1549 1575 1563 1579 1624 1620 1574 1515 1359 1367 1352 1256 1167 1098 1036 959 931 902 851 851 876 950
1525 1546 1558 1547 1593 1595 1615 1644 1683 1736 1863 1944 2013 2067 2149 2177 2195 2191 2095 2027 1942 1825 1815 1816 1816 1810 1795 1752 1699 1699 1715 1737 1784 1818 1858 1910 1941 1981 2028 2114 2108 2112 2231 2191 2128 2117 2145 2186 2199 2103 2083 2078 2001 1951 1903 1900 1933 1926 1920 1878 1752 1769 1757 1722 1708 1716 1747 1749 1702 1619 1463 1422 1421 1377 1254 1196 1137 1038 986 953 929 868 841 834 848
1527 1524 1533 1516 1521 1544 1562 1587 1636 1681 1825 1925 1975 2023 2127 2160 2186 2204 2153 2076 1991 1852 1825 1816 1819 1782 1732 1691 1643 1638 1649 1704 1757 1782 1814 1874 1914 1957 2017 2104 2113 2117 2224 2195 2130 2110 2120 2127 2112 2014 2003 2030 2095 2177 2008 2016 2033 2025 2008 1914 1845 1862 1842 1796 1783 1783 1794 1739 1685 1630 1537 1551 1529 1491 1334 1235 1201 1116 1043 990 960 888 866 846 827
1520 1496 1501 1486 1501 1513 1520 1558 1600 1649 1785 1836 1910 1967 2057 2113 2165 2211 2153 2082 2016 1902 1863 1823 1818 1793 1743 1695 1624 1616 1625 1671 1697 1718 1749 1849 1893 1941 2050 2094 2113 2111 2124 2140 2110 2076 2085 2084 2072 1996 1985 2014 2129 2195 2214 2175 2260 2210 2145 2062 1927 1946 1927 1872 1856 1850 1851 1801 1746 1695 1599 1648 1633 1580 1397 1344 1346 1249 1171 1127 1116 923 894 875 825
1523 1477 1469 1467 1484 1500 1505 1534 1574 1623 1737 1825 1889 1924 2023 2083 2139 2190 2164 2138 2126 2015 1924 1836 1831 1817 1759 1695 1621 1603 1602 1632 1654 1685 1725 1839 1885 1941 2095 2141 2096 2069 2025 2017 2036 2054 2034 2028 2018 1965 1962 1997 2122 2185 2258 2264 2315 2275 2207 2111 2118 2135 2086 2044 2085 2074 1910 1836 1772 1729 1688 1726 1697 1575 1482 1426 1422 1303 1216 1216 1196 1057 996 947 899
1551 1509 1473 1437 1439 1445 1461 1496 1556 1604 1717 1800 1841 1934 1994 2061 2116 2166 2186 2176 2074 2018 1942 1894 1905 1861 1798 1734 1629 1594 1582 1600 1619 1652 1695 1824 1880 1960 2107 2140 2082 2047 2008 1992 1997 1993 1992 1977 1957 1911 1921 1974 2090 2145 2219 2274 2300 2278 2253 2227 2218 2212 2141 2151 2153 2117 1941 1884 1856 1839 1850 1866 1784 1646 1541 1483 1496 1319 1281 1310 1178 1106 1025 991 936
1589 1545 1505 1446 1432 1428 1441 1475 1513 1560 1669 1721 1772 1888 1980 2040 2086 2131 2162 2168 2059 2022 1976 1939 1977 1916 1837 1693 1643 1599 1567 1549 1566 1600 1696 1797 1879 1965 2056 2123 2071 2010 1989 1967 1967 1966 1960 1943 1922 1883 1906 1940 2031 2105 2184 2216 2197 2230 2215 2215 2202 2185 2169 2170 2153 2124 1974 1936 1946 1945 1921 1859 1788 1660 1632 1624 1546 1428 1452 1339 1197 1138 1094 1068 987
1639 1590 1549 1476 1438 1420 1428 1450 1489 1533 1646 1693 1735 1847 1905 1955 1980 2065 2103 2125 2060 2028 2016 2009 2010 1943 1868 1723 1659 1614 1574 1543 1554 1585 1683 1752 1808 1877 2052 2128 2109 1984 1960 1944 1947 1932 1910 1897 1856 1873 1898 1938 2005 2070 2141 2165 2139 2131 2136 2134 2123 2112 2146 2158 2145 2125 2032 2000 2022 2034 1993 1935 1863 1700 1697 1681 1621 1544 1515 1451 1301 1289 1295 1229 1175
1741 1702 1590 1521 1453 1420 1409 1431 1464 1562 1607 1653 1701 1807 1865 1912 1974 2041 2056 2054 2132 2151 2108 2062 2011 1952 1907 1750 1684 1636 1589 1544 1549 1572 1667 1726 1797 1891 2074 2152 2119 1983 1939 1918 1912 1844 1824 1809 1846 1875 1904 1948 2005 2058 2124 2116 2095 2109 2112 2097 2095 2086 2093 2089 2090 2087 2088 2083 2078 2050 2031 1991 1914 1750 1748 1711 1611 1585 1501 1419 1400 1391 1368 1323 1271
1777 1730 1621 1524 1451 1401 1369 1388 1417 1504 1551 1624 1671 1777 1834 1853 1958 2010 2013 1997 2062 2093 2097 2012 1993 1963 1915 1841 1772 1700 1609 1583 1550 1564 1645 1706 1783 1959 2049 2125 2111 1976 1928 1903 1895 1845 1823 1804 1823 1854 1883 1918 2018 2061 2098 2069 2062 2081 2081 2061 2065 2057 2037 2031 2042 2065 2080 2070 2065 2045 2030 2006 1977 1877 1890 1820 1666 1592 1507 1493 1487 1471 1420 1388 1355
1786 1748 1618 1522 1447 1403 1355 1370 1398 1477 1519 1565 1606 1683 1746 1822 1888 1964 1950 1935 1996 2030 2064 1986 1959 1955 1936 1873 1812 1763 1647 1601 1559 1543 1599 1647 1722 1910 1970 2074 2108 1977 1923 1897 1873 1848 1822 1791 1798 1830 1862 1957 2005 2035 2007 1995 2015 2022 2012 2014 2037 2029 1996 1996 2013 2040 2068 2054 2049 2035 2018 1995 1970 1919 1890 1827 1691 1646 1648 1648 1623 1597 1514 1453 1407
1787 1796 1614 1534 1456 1370 1347 1357 1378 1440 1478 1517 1560 1657 1750 1800 1840 1843 1832 1832 1876 1922 1966 1973 1924 1925 1916 1884 1837 1784 1663 1607 1562 1531 1579 1630 1710 1876 1918 1973 2039 1990 1934 1888 1836 1834 1791 1760 1769 1798 1834 1930 1975 1996 1968 1962 1980 1982 1986 2000 1998 1970 1943 1963 1971 2038 2051 2048 2041 2027 2006 1981 1943 1925 1891 1845 1742 1733 1734 1708 1641 1610 1576 1489 1438
1823 1829 1686 1581 1477 1373 1342 1329 1357 1404 1438 1477 1564 1643 1713 1747 1790 1784 1774 1790 1822 1861 1920 1904 1843 1837 1847 1826 1798 1760 1659 1595 1551 1508 1555 1618 1698 1823 1896 1969 2029 2028 1955 1897 1822 1775 1742 1717 1709 1751 1773 1888 1936 1950 1929 1941 1955 1955 1966 1979 1988 1970 1938 1947 1958 2027 2041 2032 2028 2026 2021 2000 1919 1924 1909 1889 1815 1791 1762 1686 1648 1613 1576 1482 1441
1858 1834 1701 1585 1486 1377 1345 1320 1314 1351 1376 1415 1509 1563 1655 1686 1737 1733 1718 1733 1763 1808 1866 1862 1814 1792 1805 1792 1770 1738 1619 1565 1519 1484 1523 1574 1657 1851 1923 1990 2004 2018 1992 1928 1819 1780 1734 1695 1697 1725 1737 1799 1847 1848 1847 1912 1928 1946 1955 1963 1970 1957 1921 1929 1937 2005 2015 2013 2016 2021 2020 2020 1940 1925 1895 1864 1808 1772 1754 1685 1646 1613 1576 1492 1452
1861 1792 1697 1583 1492 1380 1346 1322 1295 1324 1350 1386 1472 1517 1545 1564 1609 1610 1611 1618 1663 1758 1796 1814 1784 1746 1762 1748 1729 1709 1605 1549 1501 1463 1504 1559 1641 1777 1844 1914 1905 1895 1959 1944 1825 1775 1732 1684 1689 1695 1704 1760 1797 1803 1865 1892 1903 1910 1935 1942 1939 1899 1873 1852 1894 1975 1997 1999 2004 2004 2001 2008 1962 1941 1920 1900 1811 1765 1741 1693 1654 1616 1574 1504 1477
1832 1718 1632 1547 1487 1385 1344 1317 1285 1297 1308 1341 1428 1466 1499 1532 1544 1552 1555 1567 1629 1665 1685 1699 1697 1649 1676 1707 1692 1679 1589 1531 1479 1442 1483 1540 1611 1745 1809 1855 1836 1816 1846 1880 1842 1793 1744 1686 1684 1678 1685 1733 1762 1776 1845 1865 1881 1896 1930 1933 1928 1883 1860 1846 1850 1916 1943 1958 1958 1958 1975 1974 1960 1945 1929 1890 1839 1781 1737 1694 1658 1615 1535 1504 1473
1801 1695 1614 1539 1483 1395 1348 1305 1259 1251 1254 1303 1375 1415 1449 1483 1488 1487 1491 1524 1583 1606 1634 1656 1639 1600 1626 1617 1616 1590 1522 1463 1424 1423 1466 1513 1652 1723 1772 1784 1785 1756 1788 1814 1829 1797 1751 1683 1676 1651 1637 1665 1705 1733 1808 1847 1856 1883 1911 1924 1927 1894 1867 1848 1850 1904 1929 1937 1935 1930 1923 1908 1913 1914 1898 1859 1852 1819 1762 1690 1654 1616 1535 1507 1476
1793 1686 1608 1536 1475 1394 1351 1307 1252 1239 1240 1245 1288 1327 1370 1391 1384 1376 1431 1472 1532 1548 1594 1612 1592 1553 1570 1564 1558 1522 1478 1422 1378 1375 1408 1465 1615 1652 1655 1711 1717 1701 1721 1756 1782 1779 1746 1667 1661 1635 1609 1636 1687 1717 1789 1802 1809 1832 1848 1868 1877 1891 1870 1853 1849 1903 1921 1921 1911 1906 1903 1899 1891 1884 1870 1843 1820 1801 1765 1705 1663 1617 1547 1512 1475
1803 1690 1621 1550 1438 1397 1358 1319 1257 1236 1230 1240 1255 1278 1313 1337 1334 1327 1334 1347 1397 1416 1483 1510 1549 1502 1518 1516 1503 1463 1429 1373 1336 1343 1384 1438 1592 1614 1604 1600 1602 1591 1615 1653 1683 1736 1725 1645 1632 1612 1582 1607 1656 1699 1758 1767 1775 1792 1803 1818 1821 1815 1796 1806 1863 1886 1886 1901 1889 1882 1883 1890 1879 1864 1845 1812 1792 1777 1716 1690 1661 1617 1542 1506 1465
1807 1690 1638 1590 1489 1448 1410 1371 1294 1244 1227 1225 1230 1241 1263 1289 1288 1284 1297 1290 1314 1333 1414 1443 1441 1401 1409 1406 1388 1349 1367 1321 1288 1316 1359 1414 1547 1566 1559 1555 1540 1531 1550 1605 1648 1671 1685 1620 1585 1566 1536 1558 1625 1668 1716 1727 1741 1758 1760 1766 1761 1773 1767 1791 1853 1860 1864 1860 1839 1833 1845 1849 1847 1851 1831 1787 1770 1759 1701 1667 1640 1613 1529 1490 1451
1817 1701 1645 1597 1505 1468 1432 1396 1326 1290 1264 1228 1217 1216 1216 1250 1251 1256 1263 1258 1253 1269 1341 1353 1372 1340 1351 1352 1337 1296 1272 1249 1228 1260 1306 1355 1490 1510 1515 1503 1490 1480 1498 1548 1594 1637 1669 1637 1592 1556 1520 1537 1566 1629 1633 1648 1672 1686 1717 1718 1710 1732 1753 1788 1835 1840 1843 1838 1806 1812 1820 1827 1830 1815 1798 1770 1757 1740 1692 1648 1617 1593 1519 1471 1438
1789 1748 1692 1630 1532 1496 1463 1392 1360 1322 1295 1258 1234 1219 1216 1216 1216 1218 1217 1215 1211 1228 1272 1289 1312 1295 1301 1297 1289 1254 1233 1216 1202 1237 1276 1310 1385 1417 1435 1422 1418 1415 1419 1511 1556 1599 1642 1649 1610 1558 1512 1519 1538 1598 1596 1609 1626 1646 1635 1621 1680 1751 1773 1784 1819 1826 1825 1794 1788 1794 1796 1807 1807 1799 1770 1752 1737 1723 1678 1643 1612 1577 1500 1461 1413
1861 1815 1757 1700 1622 1591 1502 1421 1389 1356 1323 1327 1295 1259 1229 1230 1228 1222 1203 1202 1198 1186 1184 1188 1192 1211 1213 1248 1243 1218 1201 1186 1184 1213 1242 1267 1333 1364 1377 1371 1372 1378 1381 1435 1473 1517 1564 1595 1612 1578 1505 1509 1516 1567 1567 1569 1589 1600 1587 1578 1694 1731 1750 1757 1781 1781 1772 1757 1762 1767 1781 1790 1787 1785 1758 1736 1715 1701 1658 1626 1607 1520 1487 1461 1406
