data/Revelstoke/elevation.asc
ncols	539
nrows	726
xllcorner	-1620000
yllcorner	438000
cellsize	100
NODATA_value	-9999
[rows 370 to 406 of 726, columns 425 to 509 of 539]
1093 1052 969 939 925 887 866 854 842 942 999 1046 1167 1235 1289 1318 1417 1461 1514 1614 1568 1575 1631 1757 1826 1866 1870 1926 1984 2038 2174 2172 2129 2003 1947 1886 1833 1724 1691 1669 1587 1536 1499 1465 1493 1564 1636 1761 1818 1872 1934 2052 2100 2087 2065 2090 2097 2134 2224 2282 2361 2407 2452 2536 2639 2827 2892 2933 2886 2815 2752 2720 2727 2770 2806 2792 2773 2744 2663 2543 2515 2499 2528 2490 2447
1066 992 958 925 891 832 830 856 945 989 1019 1074 1174 1238 1315 1388 1446 1508 1571 1661 1614 1621 1743 1790 1847 1916 1951 1992 2057 2083 2095 2053 2122 1994 1920 1866 1816 1720 1690 1666 1583 1531 1495 1468 1502 1574 1640 1741 1799 1846 1900 2051 2122 2115 2088 2110 2130 2163 2241 2291 2390 2443 2506 2594 2681 2828 2868 2903 2869 2777 2709 2672 2652 2650 2657 2741 2704 2680 2619 2519 2503 2491 2482 2486 2468
1052 975 942 908 869 819 850 879 953 999 1062 1120 1225 1283 1365 1483 1548 1571 1634 1699 1664 1665 1774 1819 1870 1934 2013 2045 2096 2110 2053 2000 1970 1884 1836 1806 1735 1705 1692 1663 1570 1525 1491 1498 1524 1595 1661 1766 1813 1852 1900 2048 2126 2149 2110 2132 2168 2225 2277 2326 2402 2499 2595 2675 2729 2819 2850 2874 2862 2782 2712 2670 2627 2605 2585 2561 2541 2529 2521 2465 2457 2473 2453 2461 2502
999 955 916 885 851 809 846 896 958 996 1056 1126 1246 1315 1379 1471 1531 1599 1650 1759 1758 1759 1834 1852 1901 1960 2084 2107 2122 2100 2024 1959 1924 1852 1813 1784 1709 1690 1681 1671 1590 1545 1527 1590 1575 1620 1688 1794 1830 1861 1972 2044 2119 2161 2134 2156 2192 2257 2285 2319 2360 2461 2531 2628 2724 2709 2816 2854 2880 2800 2727 2634 2612 2586 2560 2530 2511 2490 2464 2438 2425 2408 2395 2405 2465
970 896 853 819 798 824 869 911 1000 1022 1042 1185 1238 1287 1333 1432 1481 1552 1614 1749 1795 1810 1848 1882 1929 1967 2104 2147 2163 2054 1975 1927 1901 1841 1801 1777 1717 1714 1710 1698 1617 1590 1574 1630 1682 1712 1745 1846 1866 1884 1989 2044 2118 2173 2164 2189 2214 2261 2295 2334 2389 2493 2528 2606 2666 2648 2627 2619 2786 2834 2757 2655 2608 2578 2551 2525 2508 2478 2427 2411 2401 2383 2378 2389 2443
937 870 831 804 804 849 885 933 1020 1047 1089 1182 1199 1260 1287 1396 1452 1515 1664 1743 1808 1851 1869 1901 1970 2022 2094 2165 2165 2003 1975 1946 1920 1889 1860 1800 1746 1744 1734 1718 1653 1639 1625 1681 1726 1743 1772 1874 1883 1902 2009 2093 2161 2220 2215 2230 2256 2280 2318 2354 2427 2529 2557 2642 2621 2601 2569 2564 2744 2826 2779 2670 2652 2587 2536 2507 2493 2467 2417 2397 2384 2370 2369 2378 2436
906 846 808 785 827 878 919 946 1066 1107 1130 1233 1255 1270 1338 1405 1442 1486 1618 1686 1766 1839 1924 1959 2035 2051 2109 2176 2147 2018 1989 1967 1960 1929 1902 1872 1818 1796 1781 1741 1728 1718 1668 1724 1760 1779 1851 1901 1903 1924 2034 2120 2182 2239 2233 2243 2270 2324 2350 2383 2534 2584 2647 2681 2579 2538 2516 2517 2695 2739 2755 2660 2642 2628 2533 2490 2471 2446 2406 2388 2374 2362 2357 2357 2441
816 773 781 816 889 910 966 992 1091 1143 1180 1241 1313 1332 1339 1465 1498 1541 1662 1717 1769 1822 1972 2045 2121 2187 2156 2193 2135 2032 2008 1992 2017 1990 1983 1948 1853 1819 1798 1762 1750 1744 1759 1806 1828 1844 1933 1933 1920 1943 2063 2146 2209 2265 2261 2272 2298 2338 2361 2397 2546 2611 2675 2696 2544 2485 2460 2416 2406 2547 2638 2645 2616 2619 2480 2472 2455 2427 2399 2381 2370 2352 2349 2345 2390
777 769 807 858 923 991 1058 1092 1109 1158 1216 1260 1307 1368 1416 1479 1542 1595 1726 1773 1812 1930 2004 2079 2150 2237 2229 2218 2153 2073 2054 2052 2146 2083 2058 1997 1888 1843 1818 1776 1769 1767 1799 1836 1853 1875 1963 1959 1960 1990 2110 2191 2260 2360 2300 2309 2333 2351 2381 2432 2581 2632 2671 2658 2554 2477 2443 2397 2376 2372 2391 2512 2522 2547 2455 2421 2427 2410 2386 2368 2361 2343 2339 2340 2359
758 791 844 904 972 1018 1081 1135 1151 1170 1226 1346 1389 1408 1468 1511 1544 1595 1766 1829 1868 1961 2046 2134 2201 2275 2265 2256 2162 2117 2092 2093 2199 2153 2087 1959 1914 1889 1873 1788 1783 1790 1849 1861 1877 1911 1994 1992 1999 2074 2136 2220 2279 2394 2437 2426 2389 2431 2453 2499 2621 2667 2677 2629 2562 2484 2424 2380 2359 2349 2352 2437 2457 2499 2440 2405 2390 2378 2357 2349 2335 2321 2330 2332 2354
831 882 893 957 1025 1044 1097 1175 1201 1214 1238 1377 1443 1473 1486 1531 1571 1620 1742 1797 1870 2018 2095 2161 2225 2330 2334 2305 2219 2153 2130 2150 2190 2121 2044 1937 1902 1885 1879 1855 1830 1835 1875 1898 1942 1956 2028 2021 2030 2096 2156 2231 2291 2407 2436 2399 2356 2371 2373 2402 2535 2577 2601 2522 2487 2475 2416 2362 2350 2337 2311 2337 2369 2451 2429 2389 2378 2348 2341 2334 2324 2312 2311 2315 2328
884 928 992 1087 1121 1156 1165 1262 1244 1271 1327 1395 1472 1526 1538 1559 1601 1658 1794 1837 1905 2047 2130 2200 2251 2343 2345 2335 2266 2248 2181 2233 2162 2087 2028 1937 1904 1889 1884 1877 1860 1864 1901 1935 1983 2032 2089 2093 2091 2157 2213 2252 2299 2386 2368 2344 2302 2305 2313 2333 2459 2534 2572 2510 2438 2407 2381 2309 2296 2284 2233 2242 2294 2408 2418 2377 2360 2327 2320 2320 2314 2300 2298 2300 2362
934 972 1033 1130 1170 1204 1219 1281 1334 1355 1437 1472 1493 1536 1603 1609 1635 1768 1842 1902 1960 2080 2167 2233 2278 2305 2299 2291 2247 2247 2247 2250 2173 2098 2045 1971 1908 1896 1901 1894 1879 1897 1941 1979 2020 2070 2118 2117 2114 2184 2234 2287 2337 2316 2264 2237 2231 2258 2266 2285 2414 2480 2515 2536 2450 2378 2338 2267 2255 2249 2208 2203 2260 2364 2376 2341 2317 2284 2287 2305 2301 2283 2279 2280 2324
977 1018 1070 1172 1214 1249 1273 1302 1351 1396 1482 1526 1540 1563 1659 1720 1730 1818 1885 1951 2027 2127 2183 2190 2235 2244 2234 2227 2207 2210 2213 2220 2186 2119 2063 2001 1987 1976 1947 1927 1913 1955 1984 2011 2049 2140 2136 2133 2141 2209 2250 2305 2353 2279 2244 2209 2186 2186 2188 2218 2273 2342 2395 2498 2472 2373 2256 2226 2213 2210 2182 2165 2195 2317 2355 2328 2307 2271 2276 2275 2271 2256 2249 2248 2272
1078 1115 1155 1247 1285 1291 1315 1328 1378 1428 1518 1565 1589 1611 1674 1733 1777 1859 1926 1977 2044 2093 2082 2083 2144 2154 2138 2160 2145 2165 2175 2186 2187 2147 2093 2024 2010 2003 1977 1940 1936 1979 2035 2070 2130 2179 2192 2201 2168 2235 2268 2321 2307 2252 2211 2178 2153 2153 2152 2177 2216 2286 2333 2428 2401 2323 2192 2166 2142 2117 2144 2134 2161 2375 2336 2318 2293 2264 2265 2264 2247 2249 2244 2242 2256
1132 1160 1194 1285 1326 1359 1392 1410 1448 1487 1600 1646 1638 1702 1716 1744 1795 1907 1965 1985 2010 2026 2030 2034 2091 2103 2094 2079 2076 2098 2115 2145 2174 2165 2127 2042 2022 2012 1987 1965 1962 2003 2059 2104 2167 2202 2216 2245 2238 2283 2327 2365 2278 2246 2201 2157 2122 2117 2117 2139 2172 2220 2256 2359 2345 2268 2157 2126 2097 2077 2044 2065 2118 2326 2318 2305 2284 2261 2256 2255 2241 2246 2234 2244 2242
1180 1212 1244 1327 1361 1389 1429 1449 1480 1524 1631 1681 1725 1807 1833 1849 1869 1903 1944 1939 1943 1965 1980 1983 2028 2041 2047 2063 2064 2085 2109 2141 2182 2197 2114 2087 2061 2044 2027 1991 1995 2059 2087 2144 2199 2229 2244 2279 2272 2320 2378 2371 2262 2216 2170 2093 2066 2036 2038 2069 2108 2167 2185 2266 2301 2239 2120 2082 2054 2034 2003 2038 2091 2285 2307 2291 2271 2245 2240 2242 2237 2236 2237 2248 2233
1260 1292 1327 1366 1393 1419 1463 1482 1510 1560 1656 1705 1748 1815 1836 1844 1836 1857 1850 1840 1839 1848 1864 1887 1972 1997 2012 2047 2049 2066 2108 2146 2184 2215 2130 2108 2083 2071 2055 2040 2059 2107 2171 2226 2255 2287 2274 2308 2305 2343 2349 2327 2217 2176 2144 2082 2039 1992 1985 2027 2080 2102 2105 2134 2204 2200 2067 2042 2009 1988 1968 2007 2060 2245 2296 2281 2241 2233 2229 2234 2227 2227 2232 2228 2209
1283 1320 1377 1403 1424 1449 1495 1529 1568 1627 1676 1718 1757 1777 1788 1789 1795 1808 1808 1795 1800 1813 1829 1857 1903 1933 1960 2006 2032 2070 2113 2164 2195 2236 2145 2125 2106 2099 2081 2073 2087 2135 2208 2253 2276 2314 2300 2285 2227 2222 2237 2212 2186 2141 2103 2042 1995 1957 1936 1981 2045 2056 2061 2082 2140 2198 2040 1972 1944 1898 1890 1930 1997 2192 2279 2273 2229 2224 2219 2224 2214 2215 2216 2207 2195
1289 1320 1356 1374 1400 1432 1493 1526 1566 1645 1678 1690 1689 1671 1680 1732 1745 1759 1764 1759 1766 1781 1798 1859 1886 1917 1942 1995 2031 2077 2196 2216 2240 2259 2198 2170 2161 2125 2111 2102 2113 2166 2248 2280 2301 2276 2246 2213 2180 2159 2167 2170 2134 2108 2054 1959 1916 1895 1901 1943 2013 2012 2021 2035 2079 2140 2014 1940 1901 1840 1835 1894 1961 2156 2244 2263 2215 2201 2204 2210 2202 2202 2201 2191 2181
1267 1288 1316 1339 1373 1402 1465 1507 1550 1622 1643 1637 1629 1620 1624 1622 1654 1678 1691 1703 1746 1758 1779 1838 1866 1907 1935 1993 2041 2095 2207 2240 2259 2280 2236 2202 2189 2178 2162 2153 2165 2227 2295 2306 2288 2236 2196 2156 2121 2099 2096 2086 2064 2059 2012 1920 1876 1853 1815 1868 1940 1947 1926 1938 2021 2061 1995 1913 1860 1803 1791 1857 1917 2119 2206 2253 2207 2192 2193 2197 2185 2176 2173 2159 2153
1187 1203 1248 1271 1305 1383 1434 1477 1517 1581 1591 1580 1569 1559 1568 1565 1635 1665 1685 1703 1746 1770 1792 1826 1845 1885 1950 1983 2035 2082 2187 2240 2282 2307 2282 2238 2219 2199 2184 2191 2205 2245 2252 2230 2169 2121 2084 2035 1973 2040 2033 2058 2011 1998 1975 1883 1840 1814 1780 1837 1899 1919 1889 1894 1916 1911 1855 1819 1781 1754 1722 1798 1943 2049 2156 2238 2207 2191 2181 2179 2176 2166 2157 2142 2141
1147 1165 1220 1259 1299 1365 1381 1397 1414 1470 1481 1466 1511 1502 1515 1524 1610 1654 1685 1722 1747 1770 1806 1838 1852 1889 1967 1974 1997 2031 2154 2219 2282 2311 2321 2275 2255 2233 2221 2237 2244 2213 2186 2154 2102 2064 2030 1995 1938 1921 1912 1918 1937 1897 1875 1854 1809 1779 1752 1810 1863 1892 1854 1846 1860 1869 1821 1776 1737 1710 1682 1704 1836 1953 2044 2138 2202 2189 2167 2164 2167 2158 2145 2128 2129
1112 1127 1197 1242 1279 1341 1360 1370 1374 1406 1415 1409 1411 1420 1457 1510 1626 1649 1660 1723 1749 1776 1807 1860 1872 1898 1980 1988 2007 2052 2178 2225 2263 2340 2371 2374 2363 2336 2321 2289 2204 2165 2135 2110 2064 2036 2008 1952 1923 1898 1882 1860 1857 1850 1811 1797 1750 1712 1701 1761 1789 1811 1813 1798 1812 1832 1783 1738 1703 1658 1638 1679 1800 1890 1961 2067 2193 2179 2154 2132 2133 2121 2115 2112 2112
997 1046 1117 1202 1240 1301 1329 1343 1340 1351 1356 1351 1369 1418 1479 1532 1599 1608 1641 1762 1792 1787 1808 1888 1932 1930 2011 2009 2021 2062 2124 2175 2216 2346 2397 2427 2413 2359 2326 2277 2186 2134 2101 2081 2051 2029 2011 1939 1919 1891 1865 1824 1804 1786 1751 1740 1716 1683 1671 1726 1758 1730 1688 1671 1708 1780 1732 1684 1640 1616 1597 1654 1771 1833 1918 2133 2176 2164 2148 2105 2104 2087 2081 2073 2072
952 1041 1069 1104 1147 1211 1234 1249 1256 1256 1303 1299 1380 1433 1472 1520 1544 1572 1631 1724 1731 1734 1806 1863 1906 1905 1912 1896 1907 1934 2017 2120 2179 2349 2393 2413 2406 2322 2301 2258 2179 2130 2091 2072 2040 2023 2001 1925 1889 1859 1838 1785 1746 1751 1712 1681 1662 1643 1644 1685 1699 1698 1656 1621 1663 1698 1704 1668 1578 1541 1525 1584 1690 1780 1861 2092 2147 2143 2128 2087 2078 2071 2059 2055 2058
916 987 1022 1059 1101 1166 1177 1186 1209 1201 1219 1265 1343 1366 1386 1437 1502 1557 1623 1665 1678 1687 1792 1845 1857 1852 1857 1841 1846 1936 2003 2071 2134 2280 2326 2333 2279 2281 2250 2226 2148 2101 2058 2016 2012 2010 2000 1933 1891 1847 1809 1760 1734 1699 1663 1636 1589 1563 1582 1633 1642 1652 1623 1581 1615 1632 1651 1631 1543 1497 1516 1565 1665 1777 1888 2003 2028 2079 2090 2059 2052 2050 2041 2039 2039
874 935 979 1023 1057 1123 1123 1134 1161 1162 1202 1239 1305 1321 1339 1439 1501 1561 1577 1553 1584 1655 1781 1814 1806 1804 1808 1785 1793 1908 1986 2047 2106 2225 2275 2290 2254 2209 2170 2152 2096 2049 2011 1985 1971 1969 1975 1927 1887 1840 1779 1757 1738 1712 1680 1647 1604 1540 1537 1537 1539 1521 1520 1500 1545 1579 1565 1582 1501 1461 1497 1577 1654 1773 1829 1944 1957 2004 2062 2038 2014 2016 2006 2007 2006
785 858 899 940 1022 1036 1041 1100 1117 1141 1179 1244 1262 1273 1314 1419 1474 1521 1529 1511 1566 1624 1711 1727 1709 1700 1695 1685 1760 1896 1956 2009 2067 2166 2231 2249 2231 2170 2143 2121 2070 2044 2002 1955 1939 1920 1907 1882 1873 1860 1791 1765 1746 1722 1692 1661 1615 1545 1523 1509 1494 1473 1461 1448 1468 1444 1418 1412 1384 1383 1431 1560 1656 1738 1788 1893 1886 1946 1998 1990 2001 2009 1988 1992 1991
731 815 861 904 971 987 1006 1020 1062 1098 1118 1163 1205 1258 1318 1411 1439 1470 1459 1479 1537 1599 1660 1673 1658 1640 1633 1651 1712 1821 1874 1929 2022 2068 2180 2200 2217 2152 2126 2096 2036 2030 2002 1939 1918 1905 1891 1862 1843 1829 1810 1799 1784 1769 1742 1720 1639 1570 1548 1530 1504 1442 1422 1411 1398 1382 1363 1351 1339 1355 1410 1537 1587 1654 1748 1786 1769 1879 1927 1933 1980 2004 1974 1978 1977
693 771 823 869 927 945 972 973 1040 1060 1078 1156 1209 1254 1293 1342 1342 1351 1382 1464 1533 1571 1611 1619 1603 1570 1580 1646 1703 1788 1854 1878 1961 2017 2066 2129 2206 2138 2098 2028 1996 1982 1976 1933 1908 1891 1859 1838 1815 1795 1762 1743 1729 1719 1713 1714 1702 1652 1626 1603 1538 1505 1430 1402 1346 1325 1311 1305 1310 1340 1388 1525 1583 1646 1722 1710 1723 1787 1817 1878 1936 1946 1927 1946 1965
683 717 759 799 891 909 925 928 1010 1009 1041 1159 1197 1231 1264 1299 1284 1290 1381 1453 1499 1482 1489 1503 1502 1514 1559 1597 1648 1755 1795 1818 1917 1976 2051 2123 2202 2155 2114 2010 1978 1947 1920 1868 1837 1812 1786 1807 1785 1759 1722 1703 1689 1682 1680 1676 1676 1661 1647 1633 1579 1541 1505 1459 1340 1281 1247 1259 1292 1325 1377 1534 1588 1629 1652 1640 1681 1735 1814 1863 1898 1903 1904 1922 1922
689 699 733 769 828 829 858 920 926 976 1047 1146 1179 1202 1245 1249 1233 1255 1378 1447 1464 1423 1433 1448 1451 1426 1469 1527 1586 1660 1723 1798 1939 2006 2073 2134 2200 2183 2131 2000 1961 1925 1897 1846 1809 1789 1773 1764 1746 1720 1669 1661 1656 1665 1662 1655 1653 1651 1637 1629 1591 1553 1521 1476 1336 1275 1238 1235 1257 1305 1366 1486 1501 1531 1506 1577 1615 1699 1803 1820 1838 1882 1876 1890 1892
713 688 703 742 797 813 851 876 902 946 985 1075 1110 1139 1143 1132 1191 1249 1353 1397 1427 1382 1380 1383 1384 1384 1423 1471 1584 1662 1720 1787 1910 1979 2048 2128 2141 2153 2124 1998 1950 1906 1842 1825 1808 1794 1774 1765 1745 1694 1676 1665 1663 1659 1652 1646 1638 1609 1614 1616 1576 1546 1519 1480 1329 1268 1230 1213 1232 1291 1346 1430 1427 1460 1476 1555 1622 1662 1667 1712 1766 1865 1849 1857 1869
778 706 693 720 767 804 830 842 876 907 945 1025 1064 1091 1092 1102 1159 1204 1249 1298 1327 1304 1273 1331 1334 1355 1413 1468 1585 1649 1710 1777 1915 1973 2038 2097 2108 2125 2080 1977 1939 1897 1841 1834 1818 1796 1779 1775 1757 1704 1689 1677 1677 1660 1648 1638 1622 1598 1577 1583 1558 1527 1486 1379 1317 1255 1219 1192 1211 1268 1352 1385 1373 1391 1466 1514 1535 1566 1624 1683 1732 1831 1814 1815 1873
812 778 745 701 718 751 768 820 840 864 946 984 1017 1039 1040 1090 1133 1162 1217 1261 1284 1261 1221 1219 1257 1417 1490 1554 1629 1658 1717 1788 1909 1964 2003 2065 2078 2100 2082 1976 1944 1907 1851 1843 1831 1799 1768 1764 1754 1718 1699 1688 1687 1668 1653 1638 1622 1619 1592 1562 1534 1508 1472 1359 1313 1263 1214 1157 1170 1196 1252 1258 1310 1330 1433 1462 1479 1542 1596 1657 1712 1803 1807 1813 1925
840 809 781 716 701 716 732 767 781 795 858 894 927 954 1004 1066 1088 1143 1173 1213 1240 1214 1178 1182 1345 1420 1493 1552 1640 1684 1705 1751 1797 1853 1910 2034 2056 2081 2045 2011 1980 1935 1868 1849 1840 1812 1769 1757 1745 1726 1720 1720 1719 1717 1699 1672 1639 1655 1633 1591 1555 1523 1482 1375 1323 1272 1217 1139 1150 1177 1200 1212 1244 1282 1340 1380 1404 1477 1559 1619 1681 1772 1802 1810 1906
