data/Revelstoke/saz.asc
ncols        539
nrows        726
xllcorner    -1620000.000000000000
yllcorner    438000.000000000000
cellsize     100.000000000000
NODATA_value -9999
[rows 588 to 629 of 726, columns 95 to 189 of 539]
326 354 15 28 20 6 7 12 6 5 3 16 16 11 14 7 14 20 12 8 29 39 272 275 283 279 276 276 276 266 251 251 245 240 251 264 277 291 303 309 306 305 315 334 312 286 268 252 264 27 48 69 93 126 147 187 210 205 211 214 196 171 153 150 148 176 247 260 255 240 225 213 223 240 231 201 175 151 192 245 260 265 286 75 90 92 86 83 80 70 60 28 343 326 319
340 353 13 26 14 356 14 22 4 11 15 19 19 16 15 14 22 28 19 10 35 46 7 264 265 268 269 264 248 215 237 249 246 243 254 261 264 274 291 314 315 305 310 341 324 312 291 264 243 166 134 107 105 119 135 167 198 207 218 205 185 177 160 154 162 223 268 267 253 247 242 236 250 256 239 192 163 160 190 230 251 257 245 105 87 73 62 65 58 48 40 10 331 320 312
338 345 14 23 11 358 10 15 0 16 26 18 27 28 17 24 34 34 22 18 36 48 47 270 249 244 252 248 227 212 230 234 231 251 265 258 244 253 260 266 267 259 257 273 292 304 316 293 237 141 126 101 98 112 126 143 194 220 221 193 175 177 171 163 188 263 270 261 246 254 272 277 265 257 225 176 143 153 193 238 256 251 205 142 95 69 63 60 50 37 23 3 339 334 338
308 321 3 13 11 1 8 16 358 16 21 12 20 18 17 28 37 38 26 29 41 53 52 18 240 233 241 238 218 215 223 217 214 237 242 230 229 247 248 226 222 233 233 230 241 247 256 249 156 141 124 101 105 123 140 151 181 210 210 183 172 183 205 245 304 281 269 257 254 263 275 292 265 239 195 167 147 156 187 236 251 237 197 163 127 92 72 60 42 27 14 0 338 348 30
304 315 340 356 16 6 8 26 355 8 20 15 22 19 24 25 25 26 15 23 37 48 50 58 197 235 240 237 220 216 219 216 213 232 230 220 226 236 228 201 214 225 224 232 243 242 225 198 154 150 143 104 103 118 135 151 174 202 210 201 208 283 294 301 314 293 285 280 279 280 278 284 272 218 174 156 141 153 184 231 237 215 198 184 166 149 65 35 16 14 12 357 329 359 43
304 311 331 351 12 12 10 28 354 0 30 30 29 25 26 26 31 27 17 28 39 39 44 57 48 249 242 238 219 216 226 227 225 244 245 236 231 230 218 205 226 232 227 234 237 229 204 193 173 154 142 105 99 105 116 137 173 207 235 255 295 321 326 328 325 304 304 312 296 280 273 277 253 161 153 139 129 141 186 236 236 217 210 199 177 189 197 352 351 5 8 353 332 9 55
301 302 316 344 8 19 13 17 358 357 19 25 27 21 18 32 43 31 27 40 46 39 50 57 43 37 247 230 209 212 219 219 218 239 244 232 236 240 234 236 251 252 245 250 253 234 200 199 189 161 148 118 109 112 114 128 192 250 273 278 287 299 318 334 324 301 300 314 281 246 234 220 174 155 155 144 139 144 185 240 244 231 228 209 174 189 209 225 252 283 22 314 307 55 81
297 294 303 336 2 22 13 9 3 357 15 28 25 10 10 27 32 25 31 43 51 49 62 62 51 50 15 218 207 218 221 215 215 235 234 215 226 234 237 246 255 256 252 261 264 246 206 204 186 154 142 125 116 113 112 128 214 259 272 267 262 271 291 321 308 295 283 248 219 222 219 204 174 151 147 140 144 157 175 224 227 211 214 205 176 185 218 232 213 181 187 220 228 130 108
309 303 310 339 359 22 14 7 11 6 19 33 20 9 15 32 35 31 39 49 49 39 48 53 49 47 47 55 229 238 233 222 223 239 234 215 230 238 239 244 250 250 239 243 234 210 203 186 174 146 121 114 109 104 103 118 231 260 264 250 241 244 240 232 262 263 235 205 200 211 216 209 171 136 131 126 136 156 173 220 223 205 209 202 184 189 216 218 191 185 200 219 219 147 118
306 297 302 330 351 10 7 4 17 23 19 25 15 16 29 47 49 42 56 60 44 32 45 50 38 34 40 27 358 290 245 226 239 253 247 233 250 256 253 250 255 255 242 241 229 213 207 185 170 151 112 99 95 96 97 104 256 264 260 251 246 242 232 219 233 227 208 200 188 191 201 199 172 146 136 121 127 150 180 233 237 218 212 202 192 209 235 221 190 200 206 206 205 165 127
285 279 277 291 312 346 1 4 23 23 11 13 12 14 29 45 45 47 65 59 35 32 49 50 29 37 41 23 14 6 310 239 251 250 233 226 248 257 258 266 272 268 258 255 242 225 217 198 165 152 118 101 97 102 109 130 245 257 257 251 248 247 242 229 235 232 215 196 178 184 197 198 173 152 148 132 138 163 186 223 233 217 213 216 217 250 261 244 198 210 203 190 193 180 160
285 281 272 254 248 237 209 230 23 17 9 14 17 19 33 43 40 39 43 34 28 36 47 39 24 42 45 28 28 37 45 268 250 235 219 224 244 248 241 252 257 243 233 241 235 222 223 204 164 154 123 109 102 101 108 151 239 251 250 237 234 239 235 221 228 232 211 185 171 183 200 206 181 139 138 135 139 160 192 228 229 211 209 207 204 237 244 221 191 195 188 177 182 185 184
285 278 259 229 225 223 214 236 268 4 23 36 39 38 53 61 54 43 45 42 43 48 45 35 28 42 39 32 41 55 62 6 257 240 226 231 247 245 234 243 243 227 224 225 213 199 202 190 180 178 129 117 109 96 95 142 244 252 246 229 232 238 229 213 218 215 193 181 176 183 199 210 194 135 117 122 129 137 208 242 234 219 208 198 194 222 224 203 188 182 179 178 177 181 193
284 273 249 227 231 243 246 253 246 201 168 109 82 66 77 83 80 74 79 80 70 62 57 47 41 46 41 36 40 39 36 25 326 262 237 252 261 254 242 251 253 242 231 225 208 190 198 190 185 187 155 142 136 109 102 145 238 250 247 232 238 237 221 206 212 209 191 185 182 183 203 212 196 153 119 121 148 144 210 246 241 228 207 188 188 214 216 203 193 185 181 184 178 177 191
293 294 302 282 281 284 286 268 235 198 180 146 124 97 83 79 68 65 75 78 70 72 70 54 43 43 42 37 38 38 37 38 26 329 259 265 261 245 233 246 250 238 227 219 207 192 201 192 176 184 166 149 149 119 107 144 223 237 230 215 219 221 212 204 217 216 197 197 191 187 210 217 200 165 119 119 156 162 194 223 215 204 198 186 179 205 217 212 205 196 187 182 175 177 189
299 306 348 321 299 296 294 266 225 199 176 155 145 104 84 80 66 68 74 63 44 50 47 27 26 33 37 35 47 55 56 55 52 55 248 253 245 233 231 243 240 219 202 193 195 197 200 189 169 183 175 144 146 123 110 132 214 228 216 210 211 215 207 204 210 202 191 201 202 192 218 228 208 174 113 109 138 153 193 217 208 200 198 188 176 187 199 202 204 204 194 179 174 180 188
299 300 352 330 303 292 264 189 203 194 157 163 186 147 80 67 46 56 58 42 33 45 44 19 24 30 29 32 48 56 56 62 67 63 12 251 246 238 247 252 236 214 195 186 195 200 194 183 177 184 183 165 164 141 119 129 212 233 220 217 217 217 206 207 208 199 193 211 210 195 217 220 193 182 123 108 118 125 195 223 213 205 195 183 176 180 190 199 208 210 198 185 183 183 184
312 309 341 320 305 296 227 151 191 181 149 168 191 186 120 57 25 39 39 30 34 50 49 19 28 33 29 35 52 57 53 56 50 36 27 308 246 235 248 247 229 216 197 186 197 198 188 182 181 184 185 177 177 164 145 147 201 218 212 219 217 212 208 220 226 215 211 228 222 206 225 223 187 181 134 118 132 143 180 211 211 202 185 175 176 180 186 202 220 217 200 192 187 186 189
330 330 350 318 299 305 126 130 168 158 143 162 187 193 186 165 13 45 38 24 24 40 45 20 31 43 39 44 61 64 55 53 45 32 35 25 291 233 233 221 206 202 198 194 193 193 187 182 183 187 189 186 179 169 159 157 196 207 207 210 200 203 213 240 259 256 248 253 245 230 241 237 193 160 133 123 131 144 176 204 201 190 178 174 177 181 188 201 222 221 206 202 192 192 198
357 338 11 280 213 189 158 135 143 128 127 147 183 207 215 212 202 108 58 29 28 47 42 18 27 32 27 46 68 66 55 60 55 42 49 42 20 300 226 214 201 198 204 201 186 190 188 182 182 189 193 188 182 175 164 158 196 211 206 205 201 214 230 250 261 270 277 266 227 211 228 231 194 143 126 119 118 128 170 200 189 181 175 174 175 179 193 207 220 216 201 197 197 200 197
58 101 148 162 174 189 185 161 142 126 125 145 180 207 211 208 200 165 147 140 101 65 37 19 31 33 29 56 67 55 44 49 49 44 55 47 22 25 353 234 212 213 220 204 185 191 191 184 185 196 197 186 188 186 177 177 203 210 204 213 228 241 243 248 243 222 247 263 205 198 222 218 188 150 135 137 135 131 161 195 175 169 173 176 174 179 198 219 224 211 199 198 202 198 187
103 131 143 149 167 188 193 178 151 134 132 146 178 191 193 196 192 180 178 181 146 70 41 34 52 54 48 65 62 46 43 53 55 47 51 38 14 17 21 20 323 255 235 213 195 204 205 196 198 205 197 189 194 195 189 202 216 206 204 220 233 238 248 256 244 223 243 260 16 73 217 209 188 149 133 138 144 144 161 185 170 165 174 184 188 192 210 236 232 214 203 203 205 193 184
121 147 141 149 173 183 191 179 156 135 133 148 168 172 179 191 194 190 191 193 184 172 154 137 81 63 49 63 61 51 53 66 67 54 53 41 20 22 26 22 3 348 339 325 329 308 274 205 208 206 200 203 220 226 212 238 252 245 231 244 245 242 249 248 233 226 244 249 225 81 118 196 190 137 119 122 133 145 162 178 165 162 176 199 209 202 199 210 209 205 201 200 201 189 187
121 147 131 141 177 179 183 175 164 147 140 152 163 159 165 191 214 214 197 195 192 180 168 190 54 30 24 46 50 42 54 71 68 56 60 51 29 24 18 10 1 358 0 355 354 349 358 1 348 350 356 351 318 240 233 272 293 330 342 305 275 255 247 239 232 236 251 258 270 22 52 89 160 137 122 119 119 131 158 167 152 149 198 230 211 192 187 195 200 202 196 191 192 185 188
118 134 117 120 162 172 173 168 165 156 153 162 169 165 165 200 233 230 195 200 213 196 233 299 329 354 12 47 53 44 61 69 54 42 43 32 10 12 10 2 359 0 4 2 354 349 356 357 350 355 6 10 19 8 304 291 301 340 353 345 310 261 255 254 251 262 272 270 261 277 79 87 111 119 118 119 117 129 162 168 166 174 213 204 189 183 186 196 199 196 190 190 190 186 192
132 134 112 103 120 146 156 157 158 148 151 171 183 180 190 250 264 267 282 301 309 332 315 299 308 328 8 64 64 55 69 62 34 33 40 28 358 0 1 1 3 3 5 8 3 350 352 353 343 354 16 28 41 21 323 297 302 336 352 0 5 337 276 273 270 271 273 256 222 192 150 118 106 111 115 114 112 121 154 160 177 194 185 179 180 178 188 194 187 184 189 196 194 190 203
130 132 113 105 114 130 149 158 155 143 143 190 237 276 312 297 283 291 325 327 332 348 341 324 320 334 17 73 73 67 73 56 24 45 57 31 348 335 345 1 7 7 6 10 8 356 355 356 352 6 32 50 62 30 319 297 300 331 344 1 22 21 291 281 283 269 256 220 200 191 182 162 108 109 115 105 98 90 16 32 28 311 114 139 170 176 186 187 180 181 188 192 192 197 208
126 132 123 112 110 113 132 155 150 150 164 218 257 280 318 302 284 294 319 320 323 334 337 331 326 334 42 74 69 60 55 31 20 49 54 23 345 314 316 352 9 11 5 6 10 0 354 358 1 26 47 60 63 8 326 317 316 330 338 3 39 47 290 271 267 261 250 213 191 199 209 214 99 98 113 109 92 65 344 29 22 351 11 43 55 57 143 168 168 168 180 186 196 202 199
122 128 128 114 104 101 110 134 139 153 195 246 268 285 325 321 311 312 324 321 318 321 325 318 309 319 55 63 50 45 36 24 31 51 50 21 350 317 314 338 2 10 3 8 19 2 349 2 25 55 58 62 56 349 316 321 336 340 348 13 39 44 330 262 244 249 250 222 216 260 271 275 84 90 101 113 100 19 346 30 22 341 4 46 49 12 17 15 13 26 45 97 195 197 190
103 124 135 138 109 97 104 118 122 150 236 261 269 275 299 300 305 309 308 304 302 300 304 318 329 343 29 45 42 49 38 29 45 59 56 25 357 311 305 321 354 11 7 14 20 4 350 24 61 72 70 71 58 334 305 311 334 341 0 28 38 41 21 298 243 239 233 205 227 262 279 278 79 84 90 104 88 324 352 22 13 352 0 30 22 0 3 4 5 20 36 33 32 80 176
95 114 128 153 137 112 115 127 129 167 252 263 264 263 263 270 268 253 250 256 255 243 265 293 325 349 12 19 27 32 18 23 41 56 56 34 0 305 296 301 332 17 19 22 25 14 2 48 64 67 75 77 42 334 308 311 331 340 10 36 37 39 28 0 354 251 229 207 227 234 224 236 111 94 96 93 316 312 345 14 8 1 2 7 2 356 359 1 5 23 28 15 17 25 27
93 100 111 135 137 126 122 125 133 202 253 255 257 254 253 260 252 231 234 239 242 250 269 274 283 318 344 350 15 10 12 36 48 54 48 33 0 311 303 310 342 39 50 68 82 63 12 48 66 70 79 75 0 333 314 321 347 352 4 26 32 34 30 13 18 352 289 246 239 231 221 224 136 101 91 47 311 320 337 354 6 6 359 357 352 353 356 359 7 27 26 16 20 30 33
90 94 105 120 114 115 114 111 125 223 251 259 265 259 253 255 240 218 236 256 262 267 274 275 274 285 304 313 352 349 34 66 60 57 54 48 11 300 290 296 348 29 33 53 56 12 352 60 82 81 80 68 321 319 308 316 351 356 358 20 24 23 17 3 13 19 6 348 294 248 237 232 135 94 82 351 304 325 332 344 5 8 359 358 355 356 356 359 9 29 31 24 29 43 48
86 88 99 124 114 110 113 110 126 227 257 268 274 268 252 252 246 234 258 268 270 271 276 285 309 315 313 316 332 339 35 63 71 85 88 77 36 289 275 282 324 16 29 36 30 4 26 99 105 97 85 65 301 300 294 298 343 347 348 12 16 26 20 355 14 28 17 6 11 350 260 244 136 86 84 306 292 314 319 336 3 5 3 3 3 8 9 9 15 32 32 24 31 50 57
97 99 103 115 111 110 116 116 136 228 254 261 261 251 243 258 272 292 275 268 268 271 274 280 295 287 277 278 286 293 37 49 61 72 72 65 38 297 275 280 303 6 26 29 25 16 68 102 112 112 96 45 302 300 296 294 320 321 329 357 19 50 40 342 14 32 19 16 29 31 2 268 240 84 79 301 291 306 306 321 357 1 4 7 10 21 19 12 15 32 40 34 46 59 55
108 107 107 105 103 104 111 114 142 234 250 254 251 233 230 250 247 230 247 253 258 269 270 259 226 221 230 233 220 208 206 30 60 61 47 35 23 349 300 285 292 349 21 33 37 45 83 95 100 106 101 337 297 287 286 285 291 299 307 340 19 38 33 356 351 19 23 35 48 42 28 357 262 95 65 311 297 303 303 319 350 356 2 13 18 20 12 8 14 30 47 60 79 73 59
142 127 128 127 112 107 110 107 135 247 248 248 243 221 220 230 222 211 228 239 233 238 237 215 197 209 227 226 220 217 238 247 78 63 34 29 33 13 317 286 283 312 25 62 79 97 101 98 98 98 94 296 295 287 291 308 310 292 284 301 347 13 27 14 340 1 22 30 37 38 35 38 74 109 354 301 300 299 299 312 342 351 4 18 15 4 0 3 11 28 42 52 78 88 76
163 149 141 141 124 117 120 109 138 239 240 244 241 220 210 215 218 217 235 240 224 226 222 203 196 217 225 211 226 239 240 236 61 38 20 38 49 29 334 280 274 275 119 108 108 113 106 99 94 83 6 307 303 295 300 324 333 304 264 254 270 315 25 20 343 347 21 28 40 36 25 34 50 51 322 297 298 296 289 288 305 327 3 9 3 356 353 357 15 37 50 56 67 79 50
173 162 135 127 125 122 122 108 128 221 228 234 226 203 192 200 212 219 236 236 223 235 235 220 218 236 231 226 250 252 215 230 260 16 24 43 41 31 15 291 284 316 101 105 102 100 97 94 88 69 335 304 294 282 284 308 333 341 297 261 261 269 341 35 346 325 41 58 57 34 34 55 59 33 325 312 314 310 302 311 345 357 338 341 347 342 331 330 60 67 65 62 63 64 4
192 187 135 114 116 116 113 102 112 202 227 226 212 197 191 196 209 219 229 225 217 232 237 237 253 263 261 264 268 261 215 251 254 238 81 53 40 37 26 321 296 45 98 95 90 90 92 92 87 68 305 291 288 280 276 278 291 329 346 315 267 244 198 178 209 211 126 78 59 47 75 86 78 45 304 302 310 312 313 322 2 11 351 355 19 92 174 183 161 96 74 71 71 59 10
202 181 165 140 136 142 140 109 108 175 229 227 206 193 194 202 210 230 237 229 227 238 241 235 250 270 275 267 263 261 276 277 271 259 124 74 54 42 34 353 294 126 109 101 93 96 103 104 86 35 314 297 291 281 271 249 258 285 338 354 317 226 196 199 202 204 180 111 111 109 95 89 77 33 301 286 286 290 298 310 1 8 354 11 59 101 151 177 178 149 100 79 70 53 34
195 166 170 161 156 165 166 139 123 158 202 203 190 190 206 227 238 259 264 261 256 255 249 236 249 260 270 279 283 294 329 295 271 269 337 45 46 49 72 91 183 136 116 113 109 101 105 110 93 348 308 300 296 289 275 245 256 269 297 3 49 145 213 224 223 215 166 133 132 126 99 89 48 350 335 329 325 310 295 270 225 272 325 65 90 100 123 156 168 162 132 84 72 60 31
