data/Revelstoke/saz.asc
ncols        539
nrows        726
xllcorner    -1620000.000000000000
yllcorner    438000.000000000000
cellsize     100.000000000000
NODATA_value -9999
[rows 210 to 251 of 726, columns 95 to 189 of 539]
318 301 313 9 46 48 57 60 62 81 85 90 95 94 97 110 102 102 108 110 111 111 105 94 38 279 276 273 270 269 269 269 268 267 269 273 282 284 286 283 271 269 269 259 260 266 272 276 277 273 259 270 290 334 340 301 294 303 287 260 232 233 258 269 285 297 299 307 344 335 330 333 334 331 336 353 315 301 318 36 88 90 75 68 322 279 301 304 299 303 307 314 325 353 49
320 302 300 25 61 56 59 66 74 84 85 90 105 111 119 130 114 110 116 118 120 116 107 99 -1 277 278 274 271 270 270 270 270 266 266 267 269 270 270 268 263 261 255 238 256 260 256 258 265 270 275 270 273 310 345 305 290 277 240 228 229 236 259 275 294 297 307 329 334 321 325 335 331 334 357 2 339 337 348 55 93 91 52 49 19 282 277 282 286 292 299 308 328 43 85
337 322 308 72 81 72 72 79 85 87 86 88 101 114 130 136 121 120 135 131 134 137 118 100 168 263 276 278 273 270 270 271 271 276 278 273 266 269 269 264 264 265 254 239 257 261 260 274 286 291 294 274 265 267 310 303 280 209 201 217 228 239 271 292 317 312 318 343 324 305 308 322 316 324 352 351 338 340 356 51 74 70 28 23 7 331 301 301 311 307 305 304 334 78 93
348 345 0 49 66 68 80 87 87 87 88 91 96 104 123 131 121 120 135 129 127 133 76 70 82 254 269 277 275 272 271 270 268 273 277 275 268 269 269 262 266 273 268 258 264 266 267 274 282 286 277 267 260 258 269 273 220 174 202 230 245 276 290 298 310 307 320 344 317 311 315 322 319 324 335 333 322 325 349 61 71 59 22 342 346 341 314 320 339 334 335 340 14 72 87
350 359 24 43 49 68 86 90 97 105 109 118 109 113 132 135 123 121 127 113 83 356 19 58 69 261 264 268 273 275 272 271 271 273 275 276 272 269 266 257 264 266 268 273 269 264 252 253 251 251 264 266 261 251 229 189 179 187 220 256 278 287 291 294 294 292 308 333 306 306 313 315 315 321 334 326 318 322 336 66 71 62 34 305 304 317 300 309 335 336 342 357 38 70 76
353 9 39 53 53 69 77 80 95 106 116 125 118 120 140 145 135 133 134 106 20 347 35 77 79 271 263 265 268 278 280 274 270 272 272 271 270 270 261 245 258 265 270 276 275 272 264 262 264 268 265 261 259 239 205 180 183 211 247 281 305 296 295 302 299 292 300 312 287 281 286 296 299 305 325 317 309 313 322 52 55 48 31 326 297 296 290 291 305 308 326 18 47 57 53
354 13 33 34 33 55 71 78 90 97 109 120 116 116 132 137 137 141 130 309 335 355 45 78 78 338 263 264 265 273 276 269 261 262 259 245 254 264 264 264 271 274 277 280 280 277 278 275 269 254 248 265 248 213 196 191 232 274 287 297 309 300 298 310 308 294 287 292 284 281 286 289 286 281 292 296 290 289 301 22 51 54 46 352 304 295 286 285 291 287 301 21 29 37 34
345 19 35 31 36 60 79 97 109 121 130 129 118 113 123 116 111 103 63 293 306 350 56 74 70 48 269 262 256 256 253 245 245 254 254 244 257 267 277 285 283 277 270 267 268 262 259 264 259 239 237 229 200 199 211 238 274 292 298 300 302 292 289 295 291 285 276 278 278 278 274 265 261 257 246 252 266 283 294 338 65 67 59 15 306 298 291 288 282 272 272 345 3 15 20
347 56 63 55 73 88 91 98 105 118 133 128 121 117 118 103 64 6 5 314 297 334 71 76 69 49 281 262 247 250 247 239 240 251 251 242 256 260 260 269 276 275 267 262 260 258 255 255 252 232 221 209 211 262 295 313 321 311 307 306 299 286 278 254 242 246 255 258 263 261 242 239 243 235 221 233 252 275 291 329 52 64 64 26 306 295 292 290 272 261 253 253 296 338 4
18 36 38 54 83 92 91 90 92 96 105 106 110 113 98 49 12 352 356 339 324 351 65 71 66 55 280 259 249 254 252 247 256 261 251 235 246 248 243 255 272 280 278 267 256 250 250 253 243 208 221 260 301 310 316 324 325 312 304 296 283 270 251 217 231 241 245 252 258 255 236 244 244 229 209 241 260 271 274 280 53 64 60 16 322 307 297 293 271 254 243 241 251 256 267
15 16 33 59 80 91 106 116 107 104 106 96 92 75 30 8 359 347 349 345 345 10 64 72 66 61 270 242 238 247 247 242 253 255 241 229 241 245 238 249 256 242 222 212 211 212 221 230 221 205 246 274 294 298 305 314 307 289 274 267 267 258 238 228 240 241 240 248 252 238 220 239 248 225 232 271 273 262 241 218 181 80 66 3 322 316 308 305 268 240 234 230 227 222 219
15 29 60 83 101 117 124 124 122 123 125 91 60 22 4 5 6 352 345 349 3 28 66 73 68 66 62 244 239 246 243 232 237 233 220 219 237 245 240 240 221 192 183 185 198 208 229 244 245 260 277 283 293 290 293 304 294 276 269 271 271 261 243 240 230 226 226 236 240 228 225 246 245 195 244 269 258 225 201 202 207 116 92 315 286 276 263 235 196 208 225 220 221 219 216
26 55 87 106 115 129 133 115 116 126 123 58 31 14 358 5 10 0 354 359 13 36 69 74 70 74 73 277 270 266 251 233 236 232 221 226 239 230 203 200 196 189 189 204 233 251 267 278 298 298 284 286 294 287 290 304 293 284 287 282 268 251 228 222 210 208 216 236 242 243 259 263 240 182 241 242 213 199 193 208 209 143 133 207 226 226 222 207 172 200 223 221 235 233 215
48 92 123 135 128 135 145 116 106 109 28 351 20 15 347 355 7 5 0 6 23 48 64 61 58 62 60 317 274 268 252 241 247 243 233 241 235 207 190 203 215 219 255 294 310 308 297 294 300 280 276 275 276 274 273 284 302 308 312 295 260 241 204 200 196 197 211 237 245 247 262 262 238 246 255 220 196 195 210 233 213 138 143 200 222 232 232 199 177 195 203 215 232 220 197
78 105 121 132 132 134 146 128 110 34 336 338 9 12 340 343 6 17 12 20 38 58 62 54 52 59 61 16 276 256 238 235 242 242 236 239 225 203 221 265 281 296 295 299 310 308 295 272 162 198 228 232 221 234 244 254 285 301 320 280 249 232 186 181 188 208 236 255 255 246 238 215 214 241 201 177 192 208 236 243 210 112 113 218 253 266 255 185 177 189 188 211 213 195 186
86 102 110 113 120 128 134 130 110 324 320 326 356 7 345 345 9 20 19 26 37 60 66 61 65 75 69 30 316 272 253 257 257 245 230 231 224 217 234 247 252 263 275 281 288 284 268 155 144 192 220 211 204 222 234 235 254 256 211 217 265 267 156 173 296 296 292 280 268 246 222 205 223 234 167 143 197 236 248 237 214 116 109 214 258 267 248 170 165 182 190 210 196 182 182
79 93 109 115 117 122 120 113 341 311 301 306 333 357 348 348 15 24 26 26 29 54 64 59 68 75 64 38 1 294 278 278 275 256 237 237 230 218 226 234 235 230 229 224 220 221 206 143 133 196 222 207 214 236 238 231 245 252 252 303 303 326 101 287 316 320 304 282 264 242 236 245 254 241 176 118 264 263 256 241 223 125 99 221 257 245 201 184 180 178 189 194 169 163 180
96 99 107 113 119 123 95 15 335 329 301 295 308 332 344 355 25 37 36 30 35 64 73 69 69 63 48 38 32 334 281 275 272 269 261 250 232 216 231 235 225 217 213 209 209 203 183 158 150 202 228 220 241 252 242 237 249 257 273 293 262 153 160 220 253 272 273 254 229 217 237 273 298 300 333 352 338 306 282 255 225 144 92 150 247 231 197 197 199 183 173 175 163 159 185
114 113 107 104 108 114 2 347 339 339 315 310 321 329 347 5 22 40 47 54 82 93 89 82 77 67 56 54 49 4 308 272 261 238 223 218 208 207 225 224 215 215 218 217 214 208 177 155 162 222 245 238 245 241 229 234 245 248 240 230 159 150 164 214 229 226 226 219 208 219 256 288 317 337 351 353 355 346 334 335 248 175 110 140 227 225 201 217 220 177 164 158 158 165 175
119 121 110 100 93 8 317 332 338 331 312 313 326 330 350 10 28 56 76 93 102 104 100 90 85 84 84 81 42 0 355 299 249 210 208 208 203 208 220 217 209 213 220 219 216 217 184 142 181 253 253 237 245 243 235 239 248 245 211 194 176 137 60 276 256 239 231 222 232 270 283 293 310 318 335 355 9 358 349 22 69 145 137 147 210 225 221 247 243 156 149 136 146 168 147
112 116 109 96 80 342 311 329 344 328 310 309 323 324 353 30 52 82 98 114 102 100 104 105 104 107 104 43 1 3 2 357 349 325 257 238 218 212 219 217 208 215 217 215 210 209 191 163 210 249 251 252 265 271 271 270 266 240 180 197 226 277 346 334 312 285 271 286 306 306 298 289 283 269 243 177 149 262 316 52 81 112 130 141 217 243 251 254 203 165 162 146 152 175 128
96 100 103 96 64 344 305 321 344 329 320 326 340 346 13 52 80 97 103 115 102 100 104 112 113 114 107 325 347 3 0 9 11 5 4 1 318 213 233 230 216 223 220 214 206 209 198 180 226 243 239 241 255 269 279 275 264 188 163 212 245 257 305 334 347 337 311 314 320 308 296 268 235 227 217 194 226 285 302 56 80 90 104 117 262 267 260 235 169 160 161 152 159 174 133
96 98 95 81 28 349 302 310 335 321 317 327 343 10 43 73 103 111 115 126 106 100 103 110 113 108 315 306 329 354 3 17 16 11 23 26 9 10 327 252 216 221 218 212 212 225 221 210 245 243 231 230 246 255 254 233 189 167 171 225 248 243 271 310 352 348 322 314 314 293 282 271 252 250 258 279 297 306 333 35 74 79 79 72 270 257 242 217 159 144 147 147 154 159 129
95 93 75 31 9 357 308 309 327 316 314 325 341 42 68 83 96 103 112 128 110 103 107 105 102 27 314 303 315 343 9 24 17 17 36 35 14 19 15 353 284 232 223 219 223 230 225 222 242 238 229 242 256 253 227 175 161 169 201 255 260 250 262 272 316 325 306 295 293 285 290 314 319 311 310 321 302 300 343 33 71 69 59 58 204 215 209 207 183 152 145 144 149 146 124
93 78 49 7 6 356 322 318 327 318 323 344 1 62 84 90 88 85 84 89 97 100 107 98 79 323 314 303 313 341 4 18 17 21 41 43 27 36 41 22 6 344 244 236 239 232 221 214 220 220 214 232 242 232 199 163 151 181 251 271 272 265 265 264 246 255 263 265 275 285 295 316 320 307 295 302 297 293 332 73 85 78 70 75 103 192 220 234 199 156 159 159 160 152 146
76 57 33 357 351 342 325 318 318 308 317 2 64 111 126 135 114 94 74 83 102 103 103 92 65 297 301 302 308 329 355 16 17 21 38 38 23 32 43 26 22 36 304 247 243 231 214 204 212 215 210 224 227 209 187 175 175 221 266 272 275 274 274 281 317 301 293 289 284 280 281 285 276 268 263 275 292 308 120 128 119 108 106 102 97 130 270 271 174 140 154 160 162 144 141
47 44 31 357 340 325 316 316 313 302 306 36 98 117 135 144 135 123 115 105 102 88 65 65 43 292 287 293 301 308 340 10 13 33 46 36 24 36 40 22 31 45 32 245 234 222 204 201 217 224 220 232 229 208 194 196 219 257 273 277 280 282 286 296 333 334 325 311 293 275 260 228 231 250 258 260 261 237 121 116 124 128 128 130 128 164 245 246 149 128 141 154 160 128 119
46 44 31 1 343 330 325 332 327 316 326 80 97 102 115 123 122 125 131 106 86 58 49 56 34 303 287 289 302 309 337 0 9 53 51 31 33 45 43 28 43 55 42 34 238 217 197 197 206 211 215 232 231 217 228 250 267 270 269 268 268 279 291 303 321 336 346 343 326 302 291 290 267 257 235 245 259 283 55 90 109 122 125 137 145 166 227 216 164 149 150 159 174 125 106
76 54 32 5 342 322 318 332 331 329 38 98 93 91 94 103 106 101 97 90 85 80 76 75 39 299 285 284 292 298 325 353 3 24 23 21 31 42 44 33 50 59 47 36 16 234 203 202 201 204 221 231 223 212 227 234 241 257 263 259 251 264 276 291 297 314 342 355 344 333 330 343 328 295 291 291 301 337 36 88 102 115 118 128 140 161 215 194 166 157 154 165 185 138 118
104 36 18 6 346 312 304 318 330 17 97 104 92 84 78 85 93 90 86 89 90 97 108 107 45 286 278 275 278 286 309 341 356 5 13 23 24 28 30 25 38 49 46 41 37 7 343 345 343 303 254 237 221 212 226 228 228 232 241 244 233 246 254 262 273 277 296 346 332 333 337 333 324 306 308 301 304 3 102 108 116 130 133 145 155 163 183 175 166 151 151 175 177 135 124
3 337 349 358 355 343 330 324 358 98 113 108 95 87 80 84 90 92 91 92 96 109 120 123 290 290 279 274 276 283 296 327 343 347 5 20 17 23 29 30 43 50 38 29 27 5 0 14 11 300 294 279 250 230 241 240 230 235 248 247 233 243 247 240 242 245 226 197 215 209 178 199 233 273 288 282 261 140 132 114 119 136 138 157 173 169 169 174 176 163 158 174 158 125 121
344 313 323 345 350 355 357 357 119 131 142 130 112 99 90 89 92 96 95 96 98 103 107 105 291 288 277 273 274 278 291 328 344 344 351 6 13 23 33 39 53 58 38 39 40 12 6 18 3 334 323 334 350 329 260 249 240 258 266 255 240 249 250 241 240 235 205 189 198 193 183 209 243 263 267 261 197 131 128 120 119 130 133 151 171 163 165 179 187 184 163 156 152 142 143
344 301 292 302 314 357 61 108 122 128 143 125 116 107 94 86 82 81 98 109 109 100 90 301 281 280 279 275 272 274 284 314 339 348 350 356 2 9 24 37 57 63 47 56 58 23 8 10 347 330 321 336 10 19 309 269 259 260 252 238 241 251 255 251 249 235 196 186 194 193 194 233 254 254 242 233 173 126 120 122 127 128 130 147 168 143 150 194 216 193 148 142 137 139 146
351 320 307 299 284 136 108 107 101 92 84 88 90 92 90 85 81 86 101 113 125 115 98 293 280 278 280 277 270 269 271 285 310 338 353 353 349 357 18 44 66 64 43 51 52 27 7 354 332 323 314 331 22 21 349 325 303 271 254 241 250 258 250 238 233 219 194 186 198 212 229 258 262 250 237 231 158 122 112 110 119 123 124 144 173 129 141 206 226 162 133 129 117 123 137
348 327 333 339 348 116 105 85 75 74 72 83 84 86 88 88 90 99 100 102 115 120 115 295 298 292 291 293 289 279 274 277 289 314 353 359 332 329 10 63 73 63 47 51 52 28 359 343 335 331 324 339 21 8 349 346 336 297 275 261 262 262 247 235 231 225 211 225 280 305 305 283 268 243 243 235 134 119 111 105 107 111 114 129 59 96 114 216 210 148 134 136 115 116 130
314 305 328 355 75 113 122 107 106 113 131 116 106 102 101 101 98 97 95 96 101 104 304 297 297 293 298 309 307 297 294 299 298 317 351 9 359 330 343 63 65 57 54 60 58 30 349 331 328 326 324 343 6 358 351 352 350 322 288 269 265 260 249 243 245 249 248 273 299 322 315 284 255 230 223 181 137 126 118 105 96 91 82 9 21 80 85 208 179 128 119 123 104 98 107
277 278 284 99 102 113 140 128 125 130 137 127 117 110 103 105 105 100 99 101 106 91 298 295 287 281 288 303 306 308 311 316 305 315 346 12 14 355 351 41 57 59 65 72 65 35 334 317 316 313 316 333 353 353 354 356 357 342 318 294 268 257 241 240 252 259 264 272 274 270 248 229 221 213 197 159 131 122 118 94 73 65 52 25 31 78 78 78 115 96 93 94 89 83 83
293 282 271 124 114 119 136 112 101 97 99 103 104 101 96 100 109 107 103 103 104 310 293 301 302 284 278 284 290 299 312 320 309 312 346 10 12 5 1 36 66 70 73 72 53 21 335 330 339 325 315 325 336 343 350 358 1 343 326 313 276 262 249 260 269 263 248 253 243 217 204 192 201 201 191 152 113 103 101 89 76 65 47 23 17 40 45 32 70 103 105 100 91 84 79
314 295 339 109 114 120 126 105 83 63 73 87 91 90 93 95 101 104 100 97 93 292 290 299 306 293 276 269 271 276 291 309 309 318 357 9 8 15 15 41 67 70 72 69 46 11 325 325 350 335 323 335 342 348 358 4 355 343 329 317 280 270 264 269 269 251 234 235 222 202 191 178 187 194 197 178 108 87 89 108 112 99 45 11 15 28 35 39 77 104 115 117 116 112 100
340 314 84 96 95 89 82 74 57 56 81 92 98 99 97 98 104 108 106 99 85 287 285 290 297 304 301 282 268 266 267 281 296 315 357 7 9 11 14 32 57 66 74 74 49 357 315 312 344 333 324 333 342 348 3 9 351 349 352 347 305 281 273 266 258 241 236 239 231 203 196 182 183 199 215 208 125 90 95 114 123 134 329 346 18 41 51 68 89 100 111 113 120 125 102
22 98 152 119 87 63 56 58 73 91 96 101 111 110 103 105 109 104 101 95 74 290 290 295 293 301 316 312 283 270 261 268 277 293 330 358 11 9 17 48 74 82 81 70 24 352 332 322 335 327 314 318 329 339 359 6 351 350 0 356 326 300 284 272 266 261 266 270 260 231 245 254 139 223 246 222 150 108 92 92 96 326 306 325 9 46 70 94 98 100 109 103 102 90 317
89 117 152 158 145 147 149 148 146 133 106 104 112 109 99 100 102 93 88 82 63 285 285 289 282 286 305 317 304 298 295 270 267 274 292 328 11 13 28 64 84 91 84 62 7 351 346 342 344 339 331 338 335 334 354 1 355 354 5 355 329 311 296 280 275 278 283 289 300 318 328 0 103 204 237 193 151 90 57 54 45 350 308 316 7 66 85 104 110 112 119 103 76 28 314
