data/Revelstoke/saz.asc
ncols        539
nrows        726
xllcorner    -1620000.000000000000
yllcorner    438000.000000000000
cellsize     100.000000000000
NODATA_value -9999
[rows 462 to 503 of 726, columns 190 to 284 of 539]
207 196 186 213 234 238 239 217 171 143 96 83 102 126 125 131 153 159 161 183 194 196 200 200 206 225 251 304 336 347 353 3 356 341 338 0 67 129 142 134 143 172 173 171 180 185 175 164 164 172 179 175 190 203 193 185 145 126 125 128 133 141 151 142 138 143 129 101 91 82 86 91 85 75 78 78 73 79 93 191 242 257 257 249 251 260 258 250 251 242 213 203 218 216 206
197 190 183 201 214 224 228 206 173 167 148 124 115 112 109 113 135 157 164 176 188 191 198 196 191 201 210 220 250 289 338 342 344 336 329 67 93 109 123 125 141 175 176 177 183 181 172 168 173 183 187 176 183 203 197 195 126 104 104 106 114 131 152 143 138 154 152 122 109 100 94 93 85 79 82 82 79 84 91 212 262 262 256 246 258 263 253 242 240 226 201 200 216 218 217
192 183 174 202 222 226 221 197 180 174 164 124 109 114 110 111 125 142 157 171 185 190 196 194 196 204 212 228 236 219 200 217 218 202 201 121 99 102 111 118 133 174 174 171 178 176 171 170 174 189 190 178 183 194 191 191 158 105 96 94 92 103 132 133 125 136 146 128 122 122 97 88 84 84 84 81 74 79 83 263 261 260 256 253 259 258 249 239 231 214 198 208 226 227 230
194 174 155 222 244 241 225 185 174 175 191 156 103 103 104 111 129 138 154 175 186 190 195 197 209 214 226 240 228 207 204 207 194 185 195 163 117 110 106 112 136 170 167 162 172 170 166 170 173 186 186 180 186 193 191 188 188 135 102 102 95 88 94 113 114 112 119 120 125 135 110 100 94 93 93 86 76 78 78 23 269 266 262 256 259 256 244 231 228 224 221 249 262 265 267
196 173 163 222 250 247 214 170 165 173 220 209 97 102 110 114 125 126 142 175 188 187 191 196 203 213 236 239 220 211 218 212 193 188 200 188 139 107 93 90 107 152 161 163 169 166 168 178 180 182 184 183 185 194 193 187 192 171 125 108 99 73 54 57 73 82 88 94 100 118 116 112 108 96 95 88 80 80 76 56 279 276 273 270 261 248 231 246 276 294 306 295 291 296 299
197 170 171 234 253 226 183 174 174 179 218 220 112 102 110 115 118 116 127 162 182 186 189 200 205 217 229 218 204 204 212 212 196 191 207 232 147 91 88 82 78 104 142 164 156 155 165 183 187 184 186 178 170 188 197 187 183 179 158 120 109 84 49 56 68 74 80 81 83 90 99 105 113 98 91 83 82 82 78 73 272 270 268 266 261 254 257 278 295 310 315 307 304 310 303
208 159 179 249 250 194 173 181 185 183 207 209 163 96 90 102 119 117 125 153 178 190 193 209 215 222 223 208 201 207 218 213 193 190 222 245 187 112 100 91 81 86 108 156 133 133 155 181 185 186 188 170 156 183 194 182 177 179 176 160 149 152 147 98 86 81 87 91 92 90 85 71 58 80 89 90 85 82 82 86 242 254 251 247 256 269 280 278 276 278 283 289 300 317 303
206 161 223 269 255 170 170 192 193 185 198 203 198 107 82 84 109 128 140 160 179 187 195 208 218 228 220 212 214 225 231 209 188 195 235 245 184 128 107 103 94 87 92 132 126 123 146 180 182 187 190 160 139 167 185 177 175 177 177 178 177 169 166 139 106 76 76 77 69 64 54 40 41 66 72 67 79 92 96 95 204 244 237 248 267 271 270 269 269 271 280 286 293 309 302
208 173 257 266 216 167 173 192 192 186 194 203 210 148 98 81 92 114 136 152 175 187 202 213 216 209 196 204 212 222 226 199 191 209 250 254 178 137 118 111 102 88 88 109 125 128 149 180 177 184 193 167 134 151 175 173 170 171 173 184 191 181 160 152 143 78 72 59 31 26 28 39 58 73 68 57 78 95 111 104 156 237 238 263 277 279 273 269 270 277 286 293 300 306 300
230 227 263 244 179 169 173 195 193 181 188 197 197 168 133 102 89 92 102 114 148 189 211 222 215 197 197 213 218 219 212 194 194 213 245 240 179 141 128 121 104 91 91 101 116 128 154 176 169 185 199 170 144 157 174 176 176 172 171 189 203 188 158 165 200 131 96 72 15 27 45 60 67 74 75 73 83 88 101 112 138 243 260 273 279 285 281 274 276 284 283 285 295 298 293
259 279 275 241 172 170 178 202 189 164 181 204 197 169 149 132 98 87 84 96 121 177 210 225 217 201 217 233 231 216 209 202 205 230 245 226 183 156 148 156 145 96 90 93 100 111 154 164 144 181 202 159 139 153 169 174 183 179 173 190 194 180 176 193 202 157 136 153 199 115 89 79 81 87 86 83 86 87 88 97 113 273 280 280 282 287 285 279 280 285 279 278 285 287 284
276 269 245 211 188 179 183 187 171 150 179 226 207 156 140 135 103 88 79 88 112 162 196 212 210 204 224 240 231 209 218 225 235 251 245 215 180 167 164 180 186 101 84 79 86 89 128 156 126 157 195 151 120 127 149 162 181 181 174 182 178 173 186 197 189 167 159 185 199 160 105 86 90 95 93 87 88 88 81 78 79 277 278 275 277 286 297 296 292 291 281 279 284 286 284
285 241 206 204 207 190 177 174 158 150 186 216 201 155 119 116 104 94 84 86 100 142 182 208 211 209 232 236 211 200 219 231 238 245 233 205 178 172 175 200 208 119 82 70 79 82 88 132 102 99 166 149 127 115 116 132 141 164 112 130 140 156 183 192 187 179 183 203 204 181 129 104 94 92 91 93 92 89 83 85 91 272 273 271 271 276 286 293 295 288 282 281 288 287 272
270 193 196 209 206 191 185 175 151 135 183 210 191 176 138 93 80 82 82 84 86 101 150 214 221 221 238 231 203 207 234 240 234 226 208 191 183 185 197 211 206 159 108 85 81 80 76 83 62 51 58 84 77 44 24 3 8 20 81 116 121 136 167 184 189 200 214 218 219 189 134 116 100 93 92 101 106 103 100 101 126 272 272 274 279 287 281 280 284 283 278 279 284 277 207
177 186 199 208 205 199 199 178 152 141 181 198 178 185 187 110 73 70 66 72 73 72 101 194 217 220 239 235 222 236 251 247 228 216 199 187 186 199 212 203 187 175 157 139 99 83 71 59 23 45 47 41 20 13 8 356 14 42 77 96 89 95 135 175 186 202 215 215 214 184 136 125 107 100 99 100 106 111 108 108 241 274 287 292 297 305 297 295 297 292 287 281 276 266 143
177 194 204 203 202 197 188 182 158 155 189 170 167 193 214 176 114 79 60 64 68 66 84 146 207 208 228 230 225 240 253 245 226 222 207 189 201 224 219 191 181 178 166 153 110 74 46 17 1 8 21 27 15 11 5 357 30 57 70 64 47 71 90 141 178 202 213 206 195 178 154 147 130 117 111 98 96 101 105 111 266 279 285 290 293 293 290 295 307 296 292 287 272 209 137
186 200 209 210 208 194 178 184 166 169 189 170 173 196 211 179 141 115 83 76 77 74 81 100 190 203 232 237 231 244 247 230 218 217 211 197 216 225 206 184 188 190 164 138 56 30 18 3 1 9 18 18 6 3 0 7 29 57 75 62 39 71 75 72 102 201 209 198 187 172 157 149 133 126 124 105 97 95 96 103 273 280 276 274 273 273 274 280 295 288 282 278 260 155 140
194 199 220 226 219 196 169 177 161 171 193 180 187 194 195 174 161 159 146 106 82 73 79 87 139 216 249 249 244 250 244 227 222 225 228 212 212 203 189 183 196 204 186 255 328 353 0 359 15 33 29 14 0 354 357 19 41 59 62 33 23 56 57 51 69 134 191 192 179 158 146 137 126 123 121 106 97 94 94 100 277 280 276 276 276 278 280 279 280 279 276 271 243 131 129
192 201 215 211 208 198 168 166 154 168 195 187 195 194 179 160 161 164 158 134 87 70 74 81 104 215 253 253 247 252 251 242 240 245 240 214 193 186 183 185 203 217 223 275 299 326 340 8 50 61 45 12 339 320 338 44 54 58 52 26 20 42 52 52 56 60 97 168 160 153 148 130 124 121 110 101 97 98 100 105 278 276 274 275 277 277 278 273 269 273 276 271 181 132 126
195 210 218 211 213 202 168 164 167 173 180 189 201 194 173 148 152 160 149 140 108 86 81 84 93 216 253 248 243 250 245 223 227 238 231 206 182 185 194 205 234 243 251 269 277 287 297 20 55 44 29 11 347 323 326 29 40 52 53 32 24 44 64 61 54 50 37 53 96 122 132 114 117 129 124 109 101 99 97 0 279 273 270 270 268 266 263 257 259 267 273 264 131 131 137
214 234 237 227 225 201 159 156 166 172 174 195 202 190 180 165 164 173 161 133 120 109 95 91 92 181 245 243 246 251 242 217 225 218 200 191 182 192 206 223 244 253 257 262 265 272 288 344 22 20 26 20 0 339 328 353 14 41 42 21 26 52 66 52 50 52 36 49 69 76 90 99 105 117 120 118 113 108 102 300 289 285 273 267 260 260 259 258 264 268 269 180 115 120 136
212 221 224 221 218 195 149 137 150 168 169 200 195 190 189 182 178 181 174 155 139 126 111 103 101 144 242 250 259 261 246 226 219 198 192 192 187 201 222 239 253 267 270 268 270 279 289 319 358 12 30 29 11 357 338 327 350 39 41 23 41 52 34 23 34 36 29 52 69 72 81 88 89 93 100 107 112 109 115 282 288 292 281 268 256 263 268 276 284 283 272 147 115 113 123
216 217 215 210 205 196 164 140 137 192 284 106 151 190 205 197 182 176 168 161 151 127 116 113 116 153 231 242 248 247 233 215 195 189 204 210 207 227 245 253 258 264 275 281 277 273 272 275 307 356 21 22 14 5 355 335 345 51 58 51 62 41 13 21 38 39 37 55 57 51 60 74 80 84 90 93 96 99 124 270 276 282 283 275 267 271 275 280 283 283 244 146 124 122 133
232 226 214 207 208 205 186 161 153 204 196 143 138 175 205 202 180 169 159 157 151 116 107 110 116 156 229 230 235 231 205 188 187 197 209 209 215 232 246 246 235 226 254 271 273 260 250 237 218 233 307 21 26 17 5 333 2 81 76 70 59 25 19 51 68 66 59 65 62 53 67 83 85 86 94 101 112 112 168 273 277 276 278 283 281 276 275 276 273 264 161 138 121 121 137
229 222 210 218 231 223 202 182 178 189 173 149 135 157 199 200 178 170 166 169 173 139 120 121 115 153 225 228 238 224 191 182 195 212 214 213 219 219 219 221 211 205 240 253 252 238 231 223 208 222 234 186 108 111 143 189 155 114 84 58 45 43 68 85 86 80 72 75 73 65 82 93 92 90 95 102 116 118 253 281 287 284 286 294 296 293 287 282 275 267 125 122 116 115 124
222 211 203 216 220 214 202 188 197 197 154 122 113 127 183 194 176 166 164 170 179 159 146 154 151 171 198 215 229 212 189 196 223 232 225 221 218 210 215 221 213 207 240 242 212 196 205 206 203 228 239 195 137 136 154 189 140 118 101 68 72 94 112 102 96 89 79 76 72 68 83 89 92 92 92 96 106 107 284 283 287 285 288 296 293 296 299 294 288 285 106 114 116 117 117
220 209 200 209 209 205 194 188 196 191 180 162 128 119 154 184 175 161 158 164 171 157 153 163 160 174 197 212 215 203 199 209 215 221 223 219 215 213 231 236 219 219 245 234 193 193 206 206 211 233 233 195 140 138 168 199 135 117 124 121 108 102 102 102 103 103 92 86 84 83 91 96 102 99 96 95 101 99 285 283 282 280 282 289 282 283 294 296 294 314 99 106 112 121 124
219 215 197 205 206 200 190 191 196 189 182 175 160 149 155 171 178 169 167 167 161 147 146 160 158 176 206 217 216 206 202 211 209 213 215 210 208 202 214 220 214 221 240 225 187 209 221 224 229 236 231 210 148 133 190 196 140 128 137 121 111 103 93 93 97 107 114 112 108 103 96 96 99 102 106 106 108 250 282 282 286 288 289 291 283 283 288 287 285 104 103 104 110 121 123
133 190 191 195 195 193 194 201 199 192 174 164 162 161 158 164 180 174 171 171 164 155 154 165 166 183 210 227 230 212 206 215 213 209 207 206 204 194 211 219 208 201 214 205 187 208 220 224 227 237 239 230 166 128 206 182 134 131 145 116 102 101 91 80 71 57 76 95 108 109 96 90 91 97 103 111 117 255 274 276 279 284 288 292 286 288 295 289 275 120 109 104 106 114 116
84 143 182 180 176 183 193 197 195 197 162 142 147 149 149 155 179 175 160 163 159 155 160 165 171 186 203 218 213 196 206 218 215 206 206 214 207 198 219 217 198 196 209 204 191 214 224 217 221 232 229 226 198 137 201 177 122 118 135 114 103 104 97 73 54 41 63 73 74 77 86 91 96 95 94 94 97 264 267 270 272 273 279 287 285 286 293 287 199 135 124 113 113 123 120
66 59 99 145 158 171 190 196 199 201 173 128 120 123 133 151 172 172 149 145 140 139 153 155 164 179 196 213 208 195 204 209 204 197 201 202 198 202 211 205 197 213 228 214 203 231 232 218 229 233 224 228 218 170 180 173 142 135 141 119 112 119 128 95 70 71 84 83 74 84 97 99 98 95 92 91 92 267 271 275 274 275 281 285 281 279 280 275 127 130 127 114 114 124 115
52 43 67 86 102 118 175 198 202 208 205 135 104 102 105 120 143 138 100 85 82 89 117 149 158 163 190 223 215 200 202 204 202 196 199 195 194 197 200 202 200 214 221 210 210 240 242 226 235 231 225 230 226 200 169 165 147 146 146 112 115 132 152 146 107 94 91 91 93 98 102 101 94 93 93 96 94 277 276 280 280 283 290 293 292 285 279 274 107 116 118 115 113 116 108
56 39 47 48 39 38 51 135 194 220 224 168 111 92 72 20 7 5 20 28 35 48 54 65 112 165 175 213 211 197 197 205 208 201 203 197 192 198 209 211 202 210 215 208 215 238 227 206 218 221 221 227 232 220 175 163 125 117 85 95 102 115 136 152 130 104 93 91 91 91 92 93 92 92 93 98 91 286 281 281 280 284 289 287 290 290 282 88 108 121 117 118 122 117 107
61 32 39 41 31 27 42 51 56 214 209 183 151 89 10 354 4 8 24 21 28 43 39 45 56 37 63 198 200 185 188 197 201 200 205 199 191 214 228 216 204 208 213 210 222 232 218 204 217 223 220 224 231 220 196 211 64 38 99 100 92 73 97 138 152 129 109 100 97 93 93 94 90 89 90 92 -1 288 287 284 278 278 281 276 275 280 280 101 106 118 107 108 121 123 112
50 31 47 51 35 37 52 46 33 28 263 189 207 336 335 342 358 4 18 18 20 36 35 46 48 18 22 44 115 163 164 184 197 201 200 191 191 204 203 201 206 205 209 214 228 234 226 215 231 235 225 234 239 226 217 246 298 27 86 98 88 83 105 129 157 138 119 108 101 94 91 89 92 96 93 85 313 297 302 302 293 286 285 279 277 278 264 118 109 109 102 103 113 118 111
28 23 33 40 33 38 44 30 24 18 12 5 340 322 316 316 330 349 13 18 13 18 17 31 40 26 33 54 50 15 35 54 180 188 185 187 192 200 197 203 206 198 201 205 218 222 216 211 228 239 230 247 249 235 232 250 264 35 79 87 85 90 101 117 147 140 128 118 102 91 86 80 89 96 95 87 292 291 302 298 296 292 285 279 279 278 192 125 126 124 107 105 112 114 111
22 20 26 33 25 19 15 7 5 14 20 7 354 333 308 285 278 292 356 15 12 8 10 33 45 30 28 30 12 3 16 31 41 97 147 192 201 205 205 208 207 202 202 203 218 219 215 218 226 224 210 233 237 227 240 256 253 204 90 93 96 81 84 94 116 125 133 137 118 98 89 84 87 88 90 95 276 282 294 287 286 287 283 279 278 267 134 119 127 130 117 114 124 120 120
25 27 32 33 24 11 5 2 1 18 24 8 6 1 352 339 289 269 275 334 0 7 16 52 58 34 29 26 8 5 14 26 35 60 82 192 194 201 208 209 218 219 214 215 232 232 223 229 229 217 210 230 236 226 237 247 240 224 100 97 101 87 86 82 80 94 112 140 133 118 107 101 95 93 95 90 292 292 301 296 296 298 289 282 274 230 128 115 119 121 115 114 124 117 117
19 30 30 32 21 356 355 1 7 25 26 16 18 13 2 353 335 330 331 328 343 14 45 76 70 34 35 35 11 10 12 31 47 62 63 21 40 184 205 204 211 210 206 216 235 232 223 235 237 229 221 241 246 233 239 242 239 232 104 92 77 93 93 83 76 85 95 118 122 122 121 115 105 100 102 114 284 286 289 286 290 303 295 284 261 189 133 118 120 119 115 112 113 108 111
23 31 24 20 5 343 350 7 23 36 37 41 48 41 10 328 327 338 341 340 347 26 63 71 39 11 23 23 14 22 17 40 56 64 57 21 45 83 181 197 203 206 206 220 227 218 214 231 236 225 230 253 252 242 253 258 253 231 112 84 61 85 90 89 86 85 85 87 95 102 109 108 101 99 100 239 268 267 264 264 267 278 280 274 242 179 129 123 129 122 123 127 122 109 107
36 39 34 22 358 332 348 20 44 58 57 58 58 48 4 301 297 314 325 338 1 42 65 49 0 7 27 23 21 29 21 31 43 50 47 33 61 77 84 168 202 215 218 227 226 219 216 234 235 224 235 245 243 246 257 259 249 219 143 86 67 86 92 95 101 102 97 92 94 98 104 106 105 100 96 239 260 258 259 262 262 257 258 256 231 170 116 119 130 118 117 128 128 114 110
48 56 54 26 346 324 345 31 53 59 51 53 54 33 359 314 295 295 303 326 18 52 64 33 342 23 45 28 24 34 34 33 34 46 44 26 36 32 14 16 30 122 211 230 235 230 225 242 241 230 237 238 239 247 250 242 221 205 196 135 75 85 89 87 92 99 101 98 97 98 102 103 106 103 93 230 256 251 258 265 260 246 248 249 229 154 121 117 121 112 110 119 124 123 123
