data/Revelstoke/saz.asc
ncols        539
nrows        726
xllcorner    -1620000.000000000000
yllcorner    438000.000000000000
cellsize     100.000000000000
NODATA_value -9999
[rows 336 to 377 of 726, columns 380 to 474 of 539]
114 141 184 174 149 132 137 202 273 279 275 269 266 259 249 259 267 278 288 283 272 259 249 238 235 278 3 20 8 5 16 110 110 98 93 99 109 117 113 96 88 98 118 116 100 95 107 113 108 102 109 115 116 116 119 173 234 249 267 270 271 271 269 260 266 278 273 255 253 260 267 283 284 273 256 172 140 176 139 109 109 119 126 130 310 306 293 295 307 300 292 283 262 233 261
117 120 164 182 145 129 142 280 285 288 288 269 258 249 236 245 250 251 261 275 283 281 260 255 255 266 316 32 22 53 95 96 91 87 87 88 92 95 88 74 74 80 88 93 92 86 76 66 56 56 78 92 102 110 120 187 234 259 273 278 280 276 274 274 278 283 279 270 271 273 282 288 288 276 241 155 155 183 158 115 107 110 124 315 319 322 310 304 304 286 275 266 237 233 256
139 119 149 186 153 137 271 290 288 297 319 307 284 271 259 258 258 255 265 280 290 308 296 293 299 294 322 32 45 68 80 83 90 92 81 69 75 74 64 66 69 56 39 49 63 62 53 55 58 69 81 81 83 93 107 205 249 263 265 261 261 264 261 256 261 261 261 271 278 286 301 290 283 279 246 114 125 208 145 104 96 90 53 304 309 319 319 310 297 278 264 248 232 255 261
152 125 136 177 173 249 305 309 297 299 326 327 315 302 293 283 279 275 273 279 283 295 296 296 308 296 314 52 58 67 86 95 92 83 64 55 66 65 52 62 50 27 30 56 70 75 84 94 96 97 95 97 100 102 115 229 263 268 266 266 278 282 278 278 278 280 288 290 285 288 304 282 263 228 192 121 122 218 141 81 74 71 345 305 307 313 298 244 245 258 253 245 262 292 292
156 130 126 164 249 286 299 303 291 287 304 311 316 317 309 295 293 300 282 276 279 290 289 290 303 292 276 98 83 80 90 95 91 86 77 72 71 62 53 64 41 37 77 96 105 118 118 121 123 113 104 105 110 107 118 242 255 265 271 281 286 291 296 296 288 286 287 287 285 275 233 231 219 190 185 140 135 193 191 115 86 76 324 300 302 323 146 213 246 269 284 292 294 303 307
165 154 139 335 301 297 300 299 290 275 266 277 298 317 314 305 301 305 291 288 298 310 309 301 301 300 138 119 116 104 98 91 93 106 124 120 105 98 100 103 131 147 135 120 118 124 115 116 127 120 108 106 108 104 110 252 254 266 273 275 270 269 269 267 264 259 256 268 275 259 202 209 199 184 186 149 137 173 194 164 123 115 240 258 246 161 151 229 262 281 301 305 300 305 315
172 197 289 324 311 305 312 308 310 305 282 273 281 299 300 302 306 295 285 284 287 294 305 306 291 248 134 142 145 143 145 134 100 106 128 132 134 139 141 134 135 140 137 127 123 124 113 117 133 133 125 120 117 109 122 248 264 275 279 282 275 273 271 268 265 260 255 260 258 218 185 185 182 191 202 147 126 151 185 169 150 153 202 229 220 159 168 239 266 280 298 308 307 312 320
217 280 300 305 302 300 305 299 304 324 321 299 290 296 294 296 314 301 283 275 264 267 281 299 267 145 141 152 145 150 169 172 150 142 149 140 141 154 155 147 137 129 124 124 128 128 118 120 134 130 125 125 122 119 146 237 270 283 284 288 283 283 289 294 295 292 285 272 260 190 170 169 173 195 208 171 141 156 170 171 166 172 207 236 238 144 170 254 268 279 293 300 298 294 263
254 272 284 293 295 294 294 288 291 311 322 317 309 305 295 299 326 316 293 293 286 273 280 297 156 132 136 148 131 135 161 165 158 155 157 144 142 159 164 161 161 159 148 149 152 143 130 124 130 118 109 111 116 118 151 242 267 276 274 268 269 267 263 270 278 284 288 280 261 156 159 164 171 191 212 186 141 149 161 172 179 190 209 226 224 174 198 259 268 279 294 289 277 237 198
277 283 297 303 308 311 305 288 288 299 303 309 313 305 291 295 325 320 301 306 311 278 274 153 133 128 127 137 117 108 118 123 126 133 142 134 136 150 156 157 160 160 150 158 163 149 136 120 107 99 104 112 116 116 152 249 260 262 258 257 260 256 246 253 255 258 262 248 201 154 156 168 175 185 222 202 130 130 145 166 181 203 217 223 216 197 227 252 265 277 297 296 273 238 237
291 292 300 298 306 321 320 297 291 298 298 303 315 307 285 283 302 298 290 296 310 279 268 127 118 118 120 128 114 103 106 113 121 124 124 119 121 131 130 132 136 126 98 96 121 113 97 67 54 74 87 95 106 125 184 242 258 259 259 273 278 272 262 263 265 263 245 205 182 162 154 168 178 183 216 206 141 130 139 160 183 221 232 231 225 225 243 253 264 268 275 275 203 217 214
298 297 293 286 293 315 319 301 295 297 292 298 316 321 295 288 304 291 285 294 307 279 269 108 101 103 114 130 123 114 119 116 120 122 113 96 84 71 69 61 45 39 42 41 32 43 46 43 60 79 84 85 95 115 218 248 258 257 255 269 281 284 277 275 276 266 212 181 175 169 148 153 177 195 228 211 149 130 140 167 189 216 223 221 225 236 253 274 277 270 259 219 174 203 203
304 316 315 296 293 312 313 304 300 299 288 289 304 317 310 305 312 292 286 295 310 288 265 120 114 112 118 132 128 115 112 105 102 98 84 71 60 43 43 31 19 18 25 35 34 54 72 92 101 96 95 96 94 100 244 249 258 259 255 262 270 287 297 284 262 198 175 178 182 178 151 138 168 220 236 205 160 126 130 165 198 222 220 216 225 240 253 272 280 275 259 189 179 203 232
291 306 315 303 300 319 313 310 316 319 306 297 299 300 304 312 313 292 282 285 296 290 195 124 114 108 107 113 123 113 94 90 90 80 75 78 66 42 39 28 18 32 58 66 63 83 98 119 122 112 103 97 94 102 229 254 270 268 263 267 273 287 298 278 206 166 169 180 188 181 167 157 168 207 215 198 174 137 123 150 215 233 218 216 237 249 252 260 262 257 229 165 180 199 228
275 275 283 288 293 310 298 299 314 322 316 312 311 294 294 315 321 298 284 284 282 274 123 114 101 94 89 91 101 102 83 82 78 59 68 64 33 15 31 50 78 110 120 133 127 108 110 126 119 114 107 92 87 91 201 250 265 266 267 273 276 279 259 196 168 154 163 181 181 174 173 168 170 200 210 196 178 163 153 164 211 226 212 225 251 255 246 252 255 248 206 151 176 206 225
278 275 278 284 284 283 278 282 293 305 313 322 324 301 299 315 327 321 311 311 303 255 123 113 98 91 86 85 82 74 84 85 79 69 82 78 66 106 114 123 142 132 136 157 151 121 114 126 108 94 78 71 78 86 145 250 260 267 275 273 259 219 188 172 170 172 174 178 171 160 174 173 170 201 205 188 177 173 169 174 211 219 208 228 244 237 231 250 254 241 188 143 173 216 230
276 272 271 273 272 270 271 270 270 282 300 324 330 311 305 311 316 323 321 317 321 125 132 122 110 99 84 82 76 68 96 105 109 116 116 136 154 150 141 135 139 125 129 158 158 127 102 69 65 60 52 63 81 89 111 263 269 274 276 262 226 187 180 172 167 181 182 180 176 164 176 183 182 197 194 180 176 178 179 182 215 220 211 231 238 229 230 241 237 217 180 160 185 215 235
256 253 260 263 263 269 270 267 266 275 289 319 326 307 299 297 286 287 280 230 161 136 136 120 117 120 108 96 101 121 114 116 128 130 125 134 146 127 120 113 95 86 84 85 100 84 46 31 53 63 68 87 95 94 103 265 271 273 269 247 193 175 184 178 155 169 177 183 180 165 175 191 194 189 182 178 183 190 189 191 220 231 226 237 239 234 234 240 235 214 180 168 204 228 238
264 258 266 269 271 282 286 279 273 274 280 297 297 271 253 229 236 227 195 190 179 156 150 119 114 131 133 112 113 130 114 104 113 118 118 126 138 111 93 72 57 65 60 35 33 37 32 51 78 88 92 96 97 92 91 266 269 267 247 193 170 171 190 191 157 154 167 185 182 164 173 196 202 190 177 182 222 256 216 205 235 235 223 232 238 237 249 259 249 218 182 184 231 242 244
299 293 278 272 271 279 287 285 276 271 266 247 224 222 213 202 218 209 182 191 191 176 173 153 138 140 134 119 110 107 98 94 97 103 109 113 113 93 75 46 32 48 48 35 46 58 59 70 84 89 93 92 91 92 99 263 265 258 215 161 160 166 194 194 167 163 171 183 187 176 175 205 216 204 203 287 295 315 18 23 259 239 225 236 242 239 248 246 220 196 192 212 233 244 255
309 311 292 283 283 279 286 299 290 267 245 218 195 193 201 205 218 201 178 191 190 179 176 169 167 166 135 120 111 103 99 98 96 94 92 79 57 64 56 20 27 57 63 61 74 81 84 99 104 101 99 97 99 103 103 271 262 246 182 134 144 153 186 189 174 174 181 191 213 235 310 324 319 316 320 321 298 307 21 40 23 244 235 252 258 255 251 232 200 190 208 224 221 235 243
297 307 297 294 297 285 287 297 281 237 219 202 185 186 200 211 210 187 175 189 189 179 177 182 193 185 149 114 98 99 98 96 90 79 66 41 20 24 26 15 59 94 101 96 93 96 107 110 115 119 115 104 102 106 141 250 238 222 172 141 147 146 172 204 240 311 340 358 342 324 324 338 345 338 333 329 315 325 10 36 37 351 264 267 268 269 266 241 197 195 226 231 220 236 242
292 307 305 304 307 288 277 256 206 199 204 196 188 196 218 222 196 172 171 185 185 177 180 195 210 196 186 119 82 83 87 86 76 69 56 19 357 15 44 71 103 111 119 116 108 110 127 119 115 121 118 106 103 108 156 233 226 217 162 144 158 154 200 270 298 303 328 2 354 337 326 334 338 337 342 320 314 335 15 41 41 25 351 273 255 250 244 220 191 200 234 237 226 240 243
285 294 300 301 298 275 245 207 188 183 195 197 208 235 247 224 177 161 161 181 183 174 183 205 213 203 212 214 65 66 80 75 59 58 35 359 4 75 107 121 118 120 128 127 127 129 134 126 127 137 135 114 106 108 150 253 249 226 140 132 158 170 227 247 250 267 289 346 346 347 346 345 345 348 354 310 303 337 35 52 48 33 23 311 245 241 232 214 190 204 230 227 220 235 236
273 273 273 268 257 235 207 193 182 176 192 203 220 224 216 200 167 156 148 175 184 169 190 216 221 217 225 231 255 56 56 35 27 31 21 3 82 111 118 121 117 119 128 122 128 136 129 118 121 135 140 131 119 112 159 237 228 190 140 130 150 205 248 249 263 275 276 297 316 339 354 345 349 2 3 316 305 349 36 47 46 33 29 28 292 244 235 219 193 205 221 223 226 238 234
265 262 256 241 226 204 184 181 174 180 211 231 233 206 198 189 173 170 161 175 189 176 198 231 240 237 240 242 238 91 49 28 31 48 71 122 122 126 137 138 132 139 150 122 125 143 140 119 112 113 115 125 130 120 154 228 217 167 146 152 178 275 300 302 285 286 288 284 287 312 352 336 342 6 8 319 305 350 37 40 31 23 26 32 26 275 240 219 199 215 231 238 249 255 239
256 249 236 209 193 187 180 171 176 220 261 262 236 181 182 179 173 173 166 176 192 184 204 228 224 229 244 247 231 197 142 108 112 119 124 130 118 121 135 137 130 145 167 145 140 155 158 146 141 138 110 113 130 128 153 223 208 157 146 227 314 311 313 327 301 300 315 313 303 318 354 335 336 3 8 322 302 346 42 38 28 27 36 41 41 32 249 213 203 226 254 267 270 266 240
248 240 226 195 177 180 181 177 208 251 255 238 208 165 160 159 165 170 166 180 189 188 222 237 228 239 246 231 208 191 175 161 144 135 132 123 104 100 101 108 112 124 152 145 143 150 151 153 161 161 129 122 137 148 170 205 195 176 313 323 328 324 321 324 300 300 314 312 302 316 352 343 346 355 2 344 317 350 43 45 43 45 54 59 55 57 78 216 220 255 276 294 289 289 299
250 247 226 188 161 164 179 199 245 255 232 217 193 167 161 158 164 174 181 189 179 198 248 259 254 252 244 216 201 187 173 165 153 147 150 144 116 104 102 100 98 90 85 102 123 140 134 142 158 155 131 118 125 159 254 318 332 335 336 341 341 333 331 332 292 277 276 284 287 296 329 336 342 349 2 356 337 359 36 42 35 45 65 69 62 70 71 312 286 289 292 302 296 302 334
224 214 201 189 156 153 205 267 273 252 214 205 182 163 158 155 161 177 190 192 191 234 262 254 238 244 242 222 206 185 167 158 148 148 155 154 129 112 112 103 97 89 81 83 86 98 109 129 152 140 115 103 100 180 277 306 320 323 333 347 349 342 339 344 323 290 264 262 262 253 251 278 311 339 3 354 339 5 44 51 34 51 61 49 39 46 44 20 301 290 293 301 294 291 318
207 195 195 192 163 171 229 251 245 218 205 201 174 150 143 144 153 167 188 206 231 263 261 235 221 230 232 211 198 181 173 157 132 137 150 152 139 120 112 103 102 105 101 95 80 66 78 92 128 140 133 121 105 171 253 259 269 280 302 341 342 337 337 339 345 331 300 277 263 242 239 253 270 307 353 349 337 19 62 64 44 60 60 44 36 48 52 44 299 278 284 298 305 312 336
203 194 194 191 165 190 235 234 214 195 195 195 175 159 155 150 154 158 206 259 271 258 231 217 218 230 231 207 197 183 180 168 136 136 151 150 155 147 122 101 96 99 100 103 102 92 89 93 111 125 134 143 123 161 260 267 275 279 285 318 328 324 326 324 349 357 318 299 301 306 282 272 261 255 293 333 353 40 69 62 46 67 77 73 66 76 78 74 288 273 276 283 290 304 339
204 193 189 186 165 217 248 231 198 187 199 200 170 156 162 163 163 175 241 266 258 238 221 214 222 239 237 212 207 190 176 165 138 134 146 138 152 167 154 128 121 131 109 99 102 106 104 108 121 115 116 136 132 217 279 285 285 285 283 289 308 322 330 322 353 13 315 290 302 336 313 297 286 273 279 303 13 67 77 68 64 80 85 79 82 91 87 81 281 268 265 269 275 275 291
204 192 187 183 184 233 247 210 179 183 218 219 152 139 146 156 172 229 272 265 230 216 204 206 221 228 216 208 214 203 172 147 132 131 139 125 132 159 161 143 137 146 127 117 121 122 114 117 131 120 117 134 132 260 282 291 283 281 286 285 285 299 320 316 353 15 335 301 302 335 328 307 299 295 284 286 49 80 85 88 90 92 91 84 89 95 92 83 285 262 257 264 269 260 250
205 200 189 188 212 239 226 185 171 183 213 213 160 136 131 140 211 269 274 247 208 202 197 209 225 221 208 206 205 199 186 156 144 147 144 128 124 139 148 138 134 140 127 125 131 129 122 121 132 129 136 160 284 305 298 296 282 277 283 294 292 290 303 306 344 15 334 311 305 318 331 324 311 308 285 248 157 99 94 103 104 97 94 92 90 91 92 88 325 267 264 263 259 247 244
214 215 193 203 232 230 207 178 165 180 212 214 175 149 141 154 244 254 238 207 192 196 202 221 232 225 209 197 199 205 198 164 141 150 150 135 136 146 146 149 149 139 121 117 123 117 116 117 120 122 136 225 295 302 304 303 292 289 292 302 313 318 317 306 336 22 314 303 301 294 309 325 320 319 301 173 173 146 125 133 131 117 107 96 93 95 97 88 335 287 281 276 272 266 258
203 201 193 209 227 215 199 179 158 174 219 217 177 150 151 198 242 235 216 194 185 191 197 206 221 225 204 185 201 217 213 183 135 134 140 127 129 145 137 148 166 158 135 128 135 120 114 120 120 112 123 281 284 278 279 286 287 291 297 292 295 309 309 301 333 11 320 303 306 294 295 313 324 320 79 119 152 147 135 141 132 126 126 105 88 86 77 19 340 313 292 285 287 290 287
198 195 193 207 212 198 191 183 167 178 218 215 179 139 151 218 227 219 202 188 187 191 200 208 224 222 195 184 191 204 214 207 149 126 124 116 110 118 112 119 151 161 146 137 141 131 129 140 142 133 225 283 285 289 281 275 279 278 268 260 252 246 254 269 296 356 327 310 309 297 287 298 328 13 106 118 129 121 112 117 105 99 80 50 71 68 43 344 334 337 318 299 298 310 292
207 203 190 206 210 195 191 187 172 182 211 205 184 150 155 214 221 212 193 189 194 197 217 229 236 221 195 184 185 198 212 210 178 151 142 136 133 125 115 114 124 140 142 135 132 124 126 139 145 171 288 294 288 295 308 286 278 258 238 241 242 236 248 264 272 307 317 306 301 301 287 282 306 82 106 114 104 87 72 62 73 62 15 20 59 57 26 336 319 333 329 302 300 323 288
210 206 187 213 217 198 195 191 176 184 211 205 187 159 152 205 216 202 187 189 192 201 225 231 232 220 199 186 182 195 206 213 196 158 144 144 156 150 133 132 135 133 144 152 143 121 116 122 133 292 299 300 288 296 323 298 290 282 268 266 261 248 257 261 256 257 287 311 310 311 299 281 281 93 95 83 54 44 39 37 45 33 11 24 48 36 19 342 311 320 322 302 302 325 287
210 200 193 199 196 190 192 191 181 197 218 206 193 166 142 193 217 201 187 193 195 209 219 214 213 201 191 189 186 190 207 227 215 160 132 138 157 153 142 139 139 123 130 156 155 139 137 141 296 306 310 313 295 296 321 304 303 325 317 294 293 297 277 269 260 255 270 302 318 323 330 308 304 90 84 54 25 21 26 26 38 37 23 38 43 22 17 346 323 333 324 316 327 334 288
209 195 199 199 188 183 188 189 185 202 205 191 193 182 151 182 223 208 192 201 207 217 215 213 207 194 190 195 191 186 206 217 204 178 145 138 152 145 142 145 142 115 110 132 142 141 154 266 304 312 320 328 316 298 303 300 291 305 323 302 300 317 301 299 306 297 292 297 308 315 339 345 20 80 70 29 349 1 18 21 47 57 47 56 53 22 2 334 327 336 314 314 355 342 295
