data/Revelstoke/slope.asc
ncols        539
nrows        726
xllcorner    -1620000.000000000000
yllcorner    438000.000000000000
cellsize     100.000000000000
NODATA_value -9999
[rows 588 to 636 of 726, columns 96 to 191 of 539]
49 52 60 68 84 92 82 72 68 62 59 56 53 50 45 40 37 32 30 30 16 11 24 34 38 42 76 65 21 26 37 51 53 63 65 47 58 59 47 44 53 48 32 33 49 46 30 15 14 37 59 61 44 39 39 57 59 55 50 44 40 45 56 55 35 57 64 34 31 38 38 39 46 35 27 27 29 23 40 65 48 15 27 68 56 36 65 76 48 32 20 30 53 77 74 49
84 84 75 61 60 65 67 66 67 56 51 53 50 49 47 42 37 29 26 31 32 9 27 36 34 44 71 60 30 33 36 39 50 73 76 55 73 63 48 50 54 45 34 44 43 29 27 20 18 31 67 83 46 36 39 56 63 63 56 61 67 68 64 46 27 64 61 32 24 22 24 34 42 26 20 32 42 40 56 80 57 20 28 64 52 39 59 77 65 48 34 45 63 65 32 12
74 84 98 93 86 85 90 90 86 72 56 50 40 34 36 38 36 31 26 28 36 24 16 36 38 48 58 55 48 48 43 40 54 78 70 60 90 76 39 32 39 37 20 33 29 21 21 8 18 25 63 84 47 38 34 35 49 56 55 65 71 61 38 18 40 67 49 33 29 21 16 33 37 22 21 35 38 37 60 91 61 30 31 42 43 42 46 62 73 76 75 84 81 43 4 25
42 50 82 98 94 93 92 85 96 106 102 100 87 69 51 42 37 29 28 26 32 33 10 23 40 54 52 44 50 60 57 55 76 86 72 72 102 91 51 49 49 46 40 42 32 17 11 13 19 20 67 93 62 55 54 53 66 64 57 57 47 32 14 15 44 59 42 34 36 29 13 25 30 28 37 51 49 49 77 102 59 36 28 26 27 36 36 40 57 73 79 87 70 48 32 33
50 52 62 70 66 67 74 66 80 99 96 100 99 95 85 76 67 56 52 44 37 34 25 3 30 52 51 35 39 54 58 56 83 90 80 83 112 110 86 84 71 55 50 48 39 26 21 21 21 22 74 102 71 64 62 59 73 79 48 17 16 31 29 24 43 50 37 36 40 30 14 13 16 26 37 53 55 53 89 115 80 61 45 33 18 19 35 44 51 52 53 65 56 66 57 57
69 79 88 93 84 69 72 63 63 69 61 63 71 83 91 86 75 66 63 60 52 45 41 17 10 41 50 35 33 39 44 44 70 72 59 71 97 106 93 96 81 60 60 56 45 36 34 26 20 24 74 104 74 64 50 36 39 61 53 37 47 49 37 32 51 55 38 36 35 27 17 4 12 21 34 52 45 35 73 100 81 65 46 39 35 20 4 30 48 57 63 74 58 72 62 70
85 90 83 91 97 87 93 92 91 105 102 80 68 76 86 84 65 59 59 59 54 56 50 30 14 21 43 43 43 43 45 49 76 76 54 61 71 67 64 87 75 51 59 52 34 29 32 28 29 40 80 104 78 69 45 21 24 59 71 52 47 36 29 32 52 50 25 20 26 30 26 23 30 39 54 55 36 25 61 79 61 57 41 37 42 45 34 24 3 7 26 40 29 69 53 60
96 97 70 71 85 87 93 93 86 94 112 109 103 105 115 119 100 80 69 62 48 58 52 33 25 3 22 35 43 43 42 46 78 85 66 77 77 67 70 89 77 50 63 52 19 14 19 24 34 54 87 95 74 70 42 25 40 64 67 54 51 30 18 30 46 33 10 13 22 30 32 31 37 46 54 46 37 36 64 85 79 84 65 49 46 52 50 39 44 44 46 44 39 71 44 41
124 120 86 80 84 76 73 71 58 52 74 94 103 99 104 107 104 101 85 70 60 71 67 43 32 22 5 12 28 33 31 35 63 75 61 78 84 73 78 95 83 54 71 63 38 25 21 25 30 53 76 74 66 67 37 26 54 63 54 61 67 42 19 31 35 22 18 15 19 24 23 20 32 38 42 41 39 36 52 72 72 89 91 79 68 70 69 59 53 44 50 54 48 70 38 28
127 107 66 71 99 120 125 113 81 58 61 62 64 68 83 82 75 97 90 67 66 79 81 62 53 42 28 18 14 21 24 31 49 54 44 68 80 67 72 98 85 48 63 60 48 39 29 27 28 48 66 63 64 68 32 24 57 59 43 50 66 56 36 42 41 31 27 26 30 35 35 34 38 34 42 44 31 23 35 46 38 50 66 68 58 61 51 47 45 44 52 65 58 54 22 15
109 89 41 42 55 77 88 106 117 113 111 101 91 87 92 88 77 97 87 66 66 80 81 68 71 58 40 33 20 6 14 32 43 45 50 78 86 64 73 96 78 41 47 43 37 35 26 23 26 41 59 62 74 74 30 28 55 57 41 42 53 52 36 40 37 27 26 31 35 38 39 35 37 40 56 57 44 40 46 47 34 32 30 29 51 57 24 18 29 37 47 62 62 45 22 13
100 76 40 42 33 17 6 31 76 99 107 105 95 97 104 96 99 121 116 98 79 81 83 75 82 70 45 34 26 12 5 27 36 39 49 86 96 73 92 97 70 58 52 40 34 33 26 25 25 38 55 61 89 75 22 30 55 58 44 45 53 53 43 46 41 28 27 30 30 31 31 23 30 48 64 53 38 36 49 50 39 37 38 40 67 70 30 20 23 32 40 49 55 51 42 33
86 51 42 48 46 29 23 17 8 18 34 50 58 75 85 73 74 99 100 92 86 76 74 73 88 87 67 48 33 20 3 16 23 26 38 80 95 77 106 105 70 71 73 58 55 61 58 50 34 41 54 55 90 73 11 27 50 54 42 47 52 48 47 56 58 52 50 48 46 44 39 27 30 52 50 31 21 20 42 42 34 33 38 46 75 92 70 56 51 52 48 43 44 46 42 36
66 32 32 41 45 28 26 24 10 7 12 22 32 68 80 54 44 63 70 63 74 65 50 50 68 78 78 74 60 45 25 10 11 16 31 67 78 66 100 101 57 53 65 64 62 68 66 67 68 68 68 58 82 73 16 28 47 47 35 45 50 44 44 55 60 56 51 45 42 46 49 40 36 55 50 29 23 19 39 34 28 24 27 33 57 85 85 74 63 55 51 51 53 56 58 54
56 20 19 37 46 28 19 19 16 14 15 17 19 66 80 53 48 67 70 50 65 60 41 40 53 64 69 81 78 63 45 20 5 8 33 57 63 68 106 109 60 46 51 55 50 51 52 60 72 70 65 56 69 67 24 33 50 50 44 53 59 51 43 45 44 38 35 30 27 32 41 38 32 51 55 37 39 39 52 48 45 40 31 30 40 57 62 58 48 42 45 50 51 52 59 59
56 29 29 47 43 21 9 11 12 15 17 13 10 57 73 48 51 67 67 59 77 75 61 60 59 63 64 70 70 57 46 29 9 5 29 47 51 61 106 116 83 74 81 88 77 62 55 55 50 44 46 43 55 58 30 34 51 51 51 53 62 61 56 57 57 57 53 39 28 29 29 24 20 46 56 33 37 39 54 54 52 51 49 49 57 72 80 78 63 45 37 32 28 29 36 41
51 28 35 44 28 10 8 12 12 17 18 11 4 45 65 52 66 68 64 67 81 78 64 71 72 71 73 81 80 66 54 36 18 1 21 36 39 52 85 94 86 79 83 90 95 95 97 94 88 83 74 58 49 53 35 28 43 37 40 43 48 52 57 58 54 52 55 49 37 39 36 29 30 44 55 30 25 18 35 39 40 44 52 56 57 66 78 84 77 62 52 46 42 40 38 37
45 22 28 31 14 3 9 13 18 29 33 35 30 25 38 56 85 89 74 70 79 72 49 57 66 66 72 89 86 73 72 51 34 23 9 24 34 56 70 68 73 64 60 65 77 91 99 98 96 94 84 72 65 61 46 38 50 46 42 39 42 42 44 41 32 28 37 39 32 38 36 27 29 42 54 39 35 30 38 38 37 39 44 44 41 41 50 66 66 60 56 50 47 43 41 42
40 24 22 19 5 4 11 12 23 39 39 43 42 27 4 17 54 77 83 95 111 95 56 53 53 48 57 87 88 66 76 64 46 37 20 7 22 53 71 78 90 86 68 61 65 61 58 59 61 63 61 61 62 55 43 40 51 57 61 58 58 52 49 38 16 18 25 25 20 30 29 16 21 42 53 43 40 36 42 47 50 56 60 62 64 60 54 63 60 46 43 40 37 35 35 41
18 9 5 12 16 13 13 11 24 35 27 25 30 28 22 17 18 29 41 57 96 107 85 81 77 68 68 87 85 64 67 58 44 41 26 14 1 28 48 59 71 80 76 72 76 75 72 71 67 59 54 50 40 33 29 27 34 42 55 58 55 53 66 51 14 18 18 18 25 35 33 19 26 42 44 40 37 28 35 44 55 60 59 59 60 62 62 66 66 61 58 52 42 38 38 35
6 12 18 26 29 22 15 18 32 37 28 24 28 33 32 27 22 19 14 17 48 75 86 91 84 73 88 92 78 78 82 69 50 49 30 21 21 9 11 22 28 41 51 56 59 61 60 57 58 58 56 55 50 42 30 22 24 27 31 35 43 49 73 64 30 28 16 4 15 34 40 34 39 51 51 46 40 27 30 34 41 45 42 38 34 38 51 58 57 60 61 59 57 57 59 55
18 20 27 26 27 29 27 30 39 41 29 25 32 44 53 53 46 35 22 11 16 28 40 64 64 53 90 93 70 73 87 76 53 58 43 31 32 29 17 5 12 18 20 18 21 24 23 22 29 38 42 41 38 33 28 23 19 21 27 35 43 50 65 57 40 45 27 5 5 15 33 35 40 53 52 48 46 40 42 47 51 51 47 36 25 22 36 44 40 40 45 51 55 59 57 55
26 32 34 28 26 29 31 33 39 37 26 23 30 40 50 53 48 41 37 32 26 23 16 38 53 50 84 89 66 62 82 76 48 53 45 32 28 29 31 30 26 18 12 8 8 6 8 13 14 15 17 19 18 14 19 20 8 7 18 27 36 56 62 51 45 56 44 7 8 6 14 21 30 46 44 45 46 39 38 43 43 38 33 29 25 28 41 54 54 46 43 46 46 45 39 40
25 33 33 29 31 35 39 42 41 34 25 23 23 23 24 28 24 23 30 31 29 26 16 13 47 71 102 104 83 80 87 73 49 47 37 28 27 29 35 40 41 38 33 31 32 31 29 30 29 25 18 10 9 12 24 27 15 12 14 19 25 49 59 51 46 60 53 16 10 17 8 15 33 45 44 46 35 23 21 22 17 9 15 21 28 33 40 50 59 64 66 68 69 67 58 49
19 29 28 20 26 31 37 39 40 38 31 26 22 16 14 21 20 13 13 15 10 3 18 28 44 65 104 109 83 101 98 69 65 63 53 50 55 51 47 47 45 44 41 40 42 45 52 60 63 58 45 30 13 16 36 36 24 23 19 12 16 37 47 45 50 62 51 23 2 16 19 19 32 42 43 47 35 25 24 20 11 8 12 18 22 23 24 28 39 52 59 62 62 62 64 64
18 24 25 15 17 23 26 27 31 32 25 17 10 4 6 17 16 4 8 13 10 13 29 34 30 28 80 99 75 108 97 73 81 78 60 58 77 99 107 101 91 84 74 56 48 49 50 53 53 52 46 37 23 23 42 42 28 29 30 24 12 32 44 40 62 62 37 31 26 22 19 26 38 41 41 45 31 16 14 13 14 16 20 22 22 23 24 26 30 30 31 33 35 37 46 57
15 20 24 20 25 27 25 25 27 20 11 9 5 4 7 18 20 16 24 31 34 40 47 45 34 25 69 87 72 102 81 67 80 74 46 47 70 104 123 121 111 103 103 100 94 91 90 85 67 52 44 39 17 23 45 45 28 30 32 31 20 29 47 36 59 55 32 36 38 30 17 31 46 37 36 41 22 8 11 6 2 3 9 14 17 18 22 25 27 30 33 34 30 30 35 41
15 20 23 23 29 24 21 26 26 18 12 15 10 5 7 21 27 24 29 32 37 45 46 36 24 22 64 78 74 96 93 85 100 90 49 45 67 78 75 92 100 103 113 116 108 107 108 98 81 66 53 44 24 44 58 47 33 35 33 33 23 22 45 33 48 46 25 26 28 24 14 30 52 33 30 34 16 12 15 14 15 18 20 12 2 2 6 8 11 16 22 27 29 33 40 49
18 19 19 23 30 23 19 26 24 15 16 20 15 9 18 35 39 31 31 34 34 28 20 16 11 18 52 72 84 89 92 90 107 103 67 58 77 94 91 103 109 106 100 91 79 85 81 64 68 70 67 46 30 57 67 61 59 54 44 45 38 13 36 32 46 43 17 11 14 16 14 28 60 35 27 22 11 18 18 14 14 16 25 22 13 13 12 12 11 8 4 9 19 26 31 39
21 21 18 20 31 26 22 25 15 14 21 24 17 10 27 39 29 21 25 27 21 17 21 23 19 22 41 57 75 64 65 82 103 93 62 52 75 96 79 71 82 80 79 89 86 76 60 62 63 61 68 44 32 62 71 66 67 56 48 47 50 31 21 20 45 50 32 26 23 15 17 27 64 43 28 5 22 28 30 27 24 21 28 37 41 46 47 46 40 28 16 10 3 6 9 11
24 24 19 20 33 33 28 26 11 18 23 25 18 12 31 31 16 18 23 22 16 22 27 23 20 23 38 57 83 96 97 99 116 96 52 40 73 86 57 31 34 39 44 51 49 38 49 76 69 64 63 37 44 76 85 63 51 44 51 48 50 44 29 12 23 40 37 42 39 24 23 24 63 50 23 16 30 23 29 35 34 32 37 50 59 62 65 66 66 59 47 42 33 20 9 5
28 23 15 24 36 35 29 21 9 21 24 26 19 14 31 28 17 20 26 25 18 31 32 15 7 13 26 44 70 91 100 99 117 114 81 55 77 80 57 29 19 15 18 19 11 14 39 77 77 76 53 33 63 106 114 90 79 78 85 73 59 50 40 36 22 17 15 33 41 33 31 27 56 48 14 33 33 30 38 43 40 39 42 44 45 45 46 48 58 65 61 56 51 39 25 17
33 24 15 26 32 28 25 14 9 21 26 26 18 15 27 25 20 24 26 24 23 35 31 14 9 14 19 21 29 33 73 81 99 103 80 42 58 64 48 29 37 31 29 25 17 19 32 74 76 83 45 41 72 120 117 88 85 89 106 117 111 98 97 97 74 39 21 14 25 29 26 18 42 43 14 42 39 47 56 59 58 54 51 46 41 37 35 35 42 48 47 48 51 43 30 23
38 28 18 29 31 24 24 13 11 22 30 26 14 13 23 21 14 27 30 23 27 39 33 18 19 22 23 22 24 32 68 76 85 81 60 25 40 55 55 47 59 60 51 43 35 22 47 75 64 77 37 50 76 113 91 43 49 61 82 113 129 109 104 116 115 85 66 47 19 17 23 5 35 39 14 49 43 56 60 61 66 67 62 54 43 30 21 19 27 36 40 47 56 50 32 24
41 32 20 28 30 24 25 16 15 25 33 26 12 11 23 23 13 27 31 23 29 43 36 15 13 17 17 12 10 15 55 98 108 80 57 27 28 51 75 67 57 76 76 63 45 45 76 72 55 60 25 63 92 108 70 25 36 46 50 57 83 69 56 67 103 103 90 72 44 15 16 5 31 37 24 59 49 57 50 46 52 57 58 55 51 42 36 31 27 24 23 32 51 55 41 45
43 29 20 28 30 24 28 16 18 27 35 28 14 13 25 27 17 26 32 27 32 43 32 16 16 20 22 18 18 12 16 90 125 98 87 69 43 52 90 78 40 60 77 69 47 74 93 65 54 37 18 62 95 88 46 26 36 39 32 41 78 87 56 57 91 102 87 74 54 36 15 2 26 27 41 64 52 64 62 57 63 65 60 51 52 60 64 62 54 38 19 23 35 43 35 47
43 29 23 28 30 25 29 12 18 24 35 30 17 17 25 31 29 34 39 34 41 45 39 38 34 28 22 20 15 16 12 54 96 95 106 91 54 49 88 74 20 20 48 62 55 89 94 62 56 17 33 61 100 84 44 32 34 34 19 28 62 97 85 79 90 116 129 124 89 54 32 14 25 5 51 57 56 74 65 51 51 51 55 61 71 85 96 101 100 84 47 30 27 27 21 45
39 29 24 29 31 24 29 13 20 22 32 32 19 18 24 28 27 34 38 33 44 48 43 42 44 40 29 28 18 15 17 23 69 89 103 97 55 35 74 66 14 11 52 78 71 88 83 58 49 20 54 74 107 88 47 32 22 26 22 25 19 46 70 64 54 75 110 140 127 103 86 54 30 29 55 52 59 70 49 21 16 18 32 50 61 67 72 79 96 105 81 50 30 16 35 50
21 17 21 30 29 21 26 16 22 27 31 34 30 30 33 35 32 37 37 29 36 35 25 22 34 38 28 32 20 12 19 10 22 46 85 112 92 48 65 63 11 24 61 74 67 78 72 51 36 29 57 68 97 77 29 20 18 16 20 31 26 6 20 21 14 13 39 86 105 110 105 72 40 47 66 66 66 72 62 37 20 15 19 19 17 14 9 18 56 90 93 75 43 16 39 36
12 12 24 28 22 16 24 21 17 30 31 31 33 33 34 40 42 43 41 36 41 38 24 20 25 28 28 34 18 5 16 21 9 7 37 73 97 82 65 50 4 34 60 68 67 77 67 44 24 26 50 60 89 72 20 15 18 20 15 26 27 17 12 6 4 3 22 45 55 94 107 61 27 43 65 64 73 88 78 55 49 45 38 23 8 18 25 21 32 66 89 81 51 21 36 31
26 31 36 33 24 16 22 27 14 28 29 24 27 29 28 31 42 43 35 34 40 41 31 31 29 25 28 33 19 4 14 19 8 1 11 25 56 74 43 19 15 40 55 62 78 84 58 33 20 35 52 61 79 61 19 22 24 21 24 13 14 19 17 15 11 7 20 29 43 101 102 51 24 44 59 54 75 79 46 26 39 45 38 37 33 27 31 33 31 39 79 78 53 29 32 35
45 52 50 41 30 24 27 33 25 38 47 48 44 35 25 18 36 39 24 25 35 36 30 42 38 25 29 34 23 10 12 16 8 3 8 13 22 46 25 13 23 45 56 58 91 88 42 19 12 37 53 64 67 43 17 27 35 24 17 13 3 9 11 10 10 14 33 44 46 88 89 39 63 93 95 90 88 58 19 8 6 9 18 50 49 22 17 23 27 23 58 68 48 35 51 60
53 52 45 40 33 28 30 34 34 40 50 45 34 32 25 18 39 42 21 24 32 28 22 44 48 36 38 35 20 4 5 14 13 4 6 10 16 56 54 45 47 53 60 51 87 83 32 14 13 39 48 62 51 25 18 30 41 30 2 17 6 4 9 9 8 13 35 37 29 73 73 36 84 102 95 86 66 30 5 9 14 11 22 56 53 20 13 14 15 15 45 62 35 19 55 61
79 84 84 66 45 29 27 31 34 24 27 28 42 42 25 24 45 45 24 33 44 41 39 51 56 40 32 22 10 10 12 18 19 11 13 17 22 64 70 49 57 63 58 44 67 72 43 21 17 42 45 57 44 23 22 30 37 31 17 10 8 3 7 4 6 9 34 38 25 61 61 30 76 61 37 34 22 6 5 4 7 15 29 54 50 16 11 13 11 12 47 62 23 20 47 43
84 88 90 77 61 48 50 52 49 28 36 37 47 41 25 29 49 46 29 45 56 53 53 49 38 24 29 25 14 15 17 24 25 21 18 18 23 62 75 38 38 48 40 27 37 61 66 45 22 38 41 48 38 25 28 27 26 26 25 9 10 9 6 0 5 1 27 48 35 49 45 31 72 53 23 25 14 0 5 4 3 16 28 50 42 13 11 12 10 19 54 55 8 37 56 44
79 59 48 59 55 49 58 62 43 31 49 38 46 43 30 38 50 41 28 47 54 42 34 24 13 12 25 32 24 21 21 27 30 28 26 27 30 56 70 44 33 26 13 8 24 48 63 53 28 29 36 43 35 27 33 28 25 25 29 26 4 8 2 5 6 7 19 51 52 46 22 24 58 49 25 22 13 12 16 15 10 22 31 42 31 13 15 13 14 28 54 38 12 53 71 55
88 53 44 52 46 37 49 43 35 59 46 34 45 45 32 41 42 30 28 47 51 33 25 15 8 2 10 26 29 24 19 22 27 27 23 23 29 45 58 46 27 28 37 36 25 38 50 41 23 28 31 36 29 22 33 35 28 22 26 32 15 3 17 19 13 12 18 50 67 50 11 19 50 48 30 35 29 28 30 27 26 33 40 39 26 23 20 14 15 34 46 19 24 63 79 54
80 56 58 60 56 55 55 29 60 67 34 30 44 45 30 41 39 26 28 49 51 33 26 15 9 13 21 27 28 23 21 19 18 16 14 15 22 33 47 44 18 25 39 43 41 45 50 45 44 55 47 35 26 19 17 19 27 25 22 22 18 21 25 26 14 5 11 40 71 61 16 12 47 47 29 52 42 19 18 16 20 30 54 48 26 33 26 17 22 37 29 16 33 66 77 41
69 45 56 56 54 58 40 41 67 61 34 34 46 42 29 41 41 27 28 48 51 36 33 27 24 27 32 32 36 31 25 20 20 19 9 5 14 29 46 45 15 15 18 24 43 52 54 47 50 65 81 93 83 68 54 37 30 35 34 29 26 24 8 13 14 8 13 26 65 68 22 14 45 41 28 57 47 10 3 13 14 13 49 57 34 37 35 26 24 29 11 27 37 67 73 38
