data/Revelstoke/slope.asc
ncols        539
nrows        726
xllcorner    -1620000.000000000000
yllcorner    438000.000000000000
cellsize     100.000000000000
NODATA_value -9999
[rows 49 to 97 of 726, columns 288 to 383 of 539]
24 29 46 47 33 45 56 49 43 20 19 32 24 19 22 29 41 43 33 42 38 33 39 59 62 48 70 75 55 52 79 84 58 73 64 32 27 35 40 44 52 50 36 35 35 39 34 32 27 12 6 16 16 35 64 51 22 17 13 19 29 31 27 34 43 68 57 20 37 38 34 42 92 109 69 84 87 49 45 59 51 51 82 94 79 71 107 98 47 29 22 39 47 87 90 61
25 32 42 37 29 37 43 45 50 41 10 32 36 27 20 19 28 40 49 48 40 41 47 58 54 39 64 69 45 52 79 79 60 80 70 45 56 66 63 54 62 60 36 30 31 32 26 31 30 18 11 17 22 22 65 80 65 60 56 55 56 52 44 35 38 63 52 13 30 31 25 38 83 96 61 93 93 47 19 54 73 58 70 86 77 72 105 103 49 23 24 38 49 96 101 68
28 40 41 28 26 34 32 28 47 54 25 9 30 30 20 17 20 28 48 57 46 46 56 55 50 44 63 63 35 56 75 65 58 79 68 53 69 73 57 53 70 62 49 57 48 39 33 39 36 18 9 14 21 14 25 53 48 42 34 29 26 41 54 45 40 55 62 52 29 29 26 43 82 84 58 88 89 36 51 87 93 74 73 72 55 59 105 107 59 31 20 36 50 100 100 61
29 44 41 25 25 31 30 23 45 57 40 15 17 29 23 21 19 16 28 57 59 45 61 59 51 49 63 62 37 59 75 64 61 77 60 41 55 46 46 54 68 62 63 68 64 51 48 56 47 18 10 15 15 15 7 28 27 26 21 20 25 36 44 39 34 42 56 59 38 23 30 64 86 68 55 84 77 19 57 74 68 49 63 63 44 57 95 87 52 35 34 50 86 132 105 63
30 44 40 25 24 26 25 23 38 49 46 33 1 24 30 32 26 16 20 50 59 44 64 64 47 44 59 58 36 54 70 61 58 70 70 73 73 54 64 56 67 59 49 59 70 55 62 77 71 41 29 22 9 12 7 25 29 32 21 13 23 34 39 29 18 15 21 33 26 15 33 74 88 62 59 89 69 21 57 57 46 33 45 41 28 64 90 66 41 17 47 60 122 152 103 85
27 45 41 26 26 23 20 23 36 38 35 41 22 8 24 37 34 20 22 42 50 44 70 71 47 45 51 47 35 52 68 59 54 47 65 80 75 69 84 78 81 74 58 69 70 50 49 64 60 39 38 27 9 11 6 21 28 35 24 16 27 36 35 21 11 14 24 27 16 11 33 75 90 64 64 92 60 37 69 64 46 45 61 55 34 75 85 53 31 22 57 59 130 134 66 74
22 43 41 25 29 25 20 24 37 33 22 36 34 10 11 37 36 18 26 41 43 43 67 68 52 59 60 59 54 65 74 56 48 33 48 56 51 51 64 70 69 62 56 71 64 36 56 64 48 40 36 24 12 13 8 22 29 37 33 20 31 42 34 17 9 13 20 23 16 24 35 71 89 68 76 83 30 29 54 53 36 34 55 67 58 89 84 44 9 56 75 67 119 117 54 52
24 42 34 21 31 29 21 24 37 31 17 29 34 23 1 36 38 15 26 40 44 45 54 56 55 64 60 46 45 73 75 51 53 63 70 56 37 43 33 41 39 33 39 67 69 45 66 62 39 38 32 22 17 21 10 21 27 35 37 27 40 43 20 5 4 16 30 33 32 37 37 66 87 70 82 55 46 58 64 57 43 46 59 67 71 95 80 30 24 70 68 57 92 96 51 46
32 40 23 18 32 32 22 28 35 25 15 24 28 28 15 30 39 16 24 36 45 48 44 47 45 56 54 34 45 68 61 59 64 75 65 39 57 65 52 64 56 38 38 61 65 47 68 64 42 39 35 28 21 24 2 25 24 27 35 38 54 50 24 14 20 24 27 24 28 29 29 65 86 70 60 39 67 70 66 56 52 58 54 51 65 94 77 21 39 70 59 54 80 83 44 30
44 47 34 33 35 31 24 34 32 15 12 21 23 25 22 19 39 22 22 29 39 48 39 41 48 64 54 32 51 57 63 74 72 58 39 67 81 59 53 67 60 60 64 67 60 47 63 59 40 38 33 27 24 27 3 23 20 24 32 37 53 52 31 27 25 11 21 15 18 15 31 71 82 65 33 23 39 39 37 27 35 47 41 40 57 89 74 18 44 71 59 60 82 78 39 26
56 57 43 39 36 33 29 30 21 12 14 21 22 24 25 9 40 30 23 22 27 44 43 44 48 58 51 43 66 89 99 99 80 47 42 83 87 57 56 67 54 49 60 60 54 52 64 59 41 37 27 18 24 30 9 18 25 21 25 34 46 38 20 22 18 12 13 17 21 24 53 82 74 64 24 33 32 25 14 13 36 51 34 31 56 82 62 17 43 68 55 63 77 68 46 41
61 51 25 22 26 27 23 16 11 14 18 22 22 26 31 3 38 39 25 16 20 42 51 48 40 42 46 52 69 79 76 67 65 55 44 77 82 61 64 75 64 35 38 37 35 42 55 51 32 29 21 14 19 31 24 15 29 39 36 37 38 25 12 12 14 20 10 14 19 27 63 78 61 59 39 61 77 73 44 17 35 53 37 27 65 77 43 12 39 61 51 69 69 59 64 76
69 45 19 17 21 16 11 6 5 9 19 22 19 27 37 14 33 45 27 15 20 44 59 48 35 35 46 50 41 32 35 60 88 69 45 69 72 56 70 81 61 37 39 33 31 44 50 42 27 25 21 15 18 34 30 5 42 48 30 27 25 19 21 22 21 26 17 13 12 20 62 72 50 54 55 61 80 95 83 51 51 64 51 37 73 72 34 15 33 52 44 68 58 39 48 71
53 33 23 21 18 12 9 3 4 4 22 22 13 22 42 23 26 44 28 12 16 42 57 48 44 44 42 30 26 39 43 81 89 53 38 59 65 48 71 78 55 51 57 45 39 51 48 48 50 50 41 23 22 31 25 2 39 49 37 36 26 19 22 20 19 24 25 27 25 30 63 67 47 61 58 7 29 55 62 41 47 61 46 39 71 70 42 28 31 44 39 59 47 26 42 56
28 24 25 24 19 13 10 5 7 3 21 20 12 21 47 29 22 41 28 11 14 35 45 38 36 30 25 25 42 42 33 77 78 52 53 70 72 48 69 75 61 61 65 63 62 72 72 68 64 64 63 43 32 28 21 12 28 51 45 45 28 13 11 10 13 15 22 28 29 35 56 57 45 65 39 54 70 64 51 36 67 76 41 27 59 62 38 28 32 43 42 56 40 21 56 67
17 14 13 13 11 10 9 7 9 8 14 13 12 23 51 29 21 44 31 13 15 28 32 24 23 24 25 27 42 45 39 68 76 67 69 85 90 81 92 90 80 84 74 62 59 60 53 40 34 51 54 39 46 31 18 26 12 40 41 43 27 16 12 10 10 10 15 15 18 31 50 50 39 53 25 48 35 28 28 30 71 63 18 22 53 56 30 17 30 45 49 62 53 43 65 66
25 37 41 34 23 12 6 8 11 10 9 6 7 35 52 23 16 46 36 12 16 25 25 17 28 33 18 28 40 32 31 47 48 35 47 59 53 52 70 66 44 65 63 38 36 49 56 45 44 55 42 26 48 36 15 30 6 40 42 35 19 11 12 10 10 11 17 21 27 37 50 47 36 42 14 38 33 27 28 34 70 55 24 32 52 49 26 22 41 51 53 70 64 54 57 52
63 72 72 66 51 37 27 11 0 5 6 3 5 35 49 28 4 44 41 17 22 27 24 17 32 43 29 50 60 52 55 64 60 49 62 65 52 52 73 70 45 58 63 47 45 60 66 46 53 54 34 23 47 41 12 21 15 40 34 28 15 7 9 7 9 12 20 27 31 45 61 57 53 54 31 36 35 32 28 37 67 49 21 43 51 35 25 22 45 51 76 103 86 68 67 60
61 50 43 46 47 43 42 29 11 5 5 4 3 25 41 38 16 33 39 17 24 28 21 26 48 52 38 52 55 42 44 58 58 54 72 76 64 64 73 64 42 54 62 49 43 62 63 43 53 47 26 20 44 43 13 5 18 29 25 27 17 7 6 6 8 12 20 25 25 44 61 55 54 54 41 45 41 41 34 42 61 42 24 52 53 28 22 16 45 51 97 112 78 68 65 60
44 29 29 34 39 40 44 37 18 15 10 11 7 14 30 35 25 18 37 22 27 30 24 46 57 40 29 45 49 33 36 51 48 38 62 69 57 64 68 57 47 59 62 49 53 70 62 41 47 41 22 21 41 38 14 6 20 21 22 26 16 9 9 11 12 13 18 22 21 41 57 45 37 40 28 48 50 52 41 47 52 32 25 57 63 31 24 19 48 55 105 104 53 55 55 47
18 13 23 28 31 38 50 49 33 30 17 10 15 6 21 32 32 8 33 32 31 30 30 59 60 31 27 45 50 35 44 51 44 38 65 70 48 59 60 54 51 58 56 44 58 67 54 43 48 44 32 34 39 30 19 10 26 25 25 22 12 12 12 10 10 12 17 20 19 36 53 47 49 54 19 43 52 56 49 58 51 21 11 51 64 31 19 27 50 60 108 107 62 53 53 50
5 5 15 17 20 26 40 43 38 43 30 12 8 14 23 26 33 16 20 33 37 32 29 60 60 30 27 43 51 39 51 55 43 40 69 73 50 69 62 42 39 49 50 39 54 56 44 41 43 39 31 35 36 31 29 19 31 32 29 19 9 8 7 6 9 14 20 20 17 29 42 40 69 70 12 44 57 56 42 63 56 14 6 49 63 28 14 29 49 62 108 108 66 68 79 86
10 8 12 12 10 23 33 31 30 39 36 27 11 20 28 16 27 23 9 25 39 36 32 59 56 28 27 39 44 39 53 57 46 52 69 64 52 76 69 42 40 52 49 38 50 50 38 40 40 32 29 36 32 26 22 11 29 36 39 25 13 9 8 11 10 15 17 14 14 23 30 31 71 80 20 42 75 80 62 67 50 10 2 41 62 33 14 31 50 62 108 108 64 87 73 55
15 12 14 14 8 24 32 27 26 32 33 31 29 15 9 18 30 29 3 22 40 38 35 54 53 31 33 37 34 36 55 58 46 65 66 50 50 73 73 50 59 59 41 32 45 45 30 36 43 40 41 56 47 23 16 5 15 34 49 36 19 17 18 19 16 18 15 9 14 19 20 27 63 75 36 72 92 78 52 51 31 4 7 30 66 55 41 46 55 62 107 106 61 91 46 35
14 11 15 17 10 23 30 25 24 33 34 30 41 30 23 18 32 35 13 18 37 39 38 47 51 40 42 36 28 33 57 58 44 71 69 47 50 70 72 50 66 67 46 36 45 45 39 48 62 64 57 73 69 50 41 21 8 20 46 40 16 14 12 10 11 16 12 8 13 14 13 25 61 66 19 67 69 48 40 38 21 4 18 22 55 64 58 52 51 62 100 91 57 87 40 33
12 11 14 16 14 25 27 19 20 28 30 25 33 26 13 13 29 32 20 11 32 39 43 42 39 40 46 38 26 34 53 52 40 68 68 42 47 70 71 47 61 63 43 37 42 47 52 55 57 61 57 73 78 64 62 54 37 23 31 36 22 16 9 5 7 12 11 9 12 8 7 22 61 65 13 65 68 54 58 67 59 37 23 19 32 44 43 37 33 60 82 65 60 90 53 25
15 15 16 16 17 27 26 15 21 25 23 21 25 21 7 17 27 25 24 1 29 40 59 55 35 32 45 41 26 41 52 44 40 66 67 41 52 75 69 43 51 57 51 55 65 70 63 52 48 50 49 57 60 51 53 54 46 32 3 30 31 27 22 16 17 17 11 8 11 7 9 27 63 68 20 51 78 80 75 83 83 63 35 19 14 22 26 22 17 53 69 50 58 94 74 15
17 17 17 16 20 30 29 17 23 24 20 20 24 21 7 17 24 21 27 8 22 38 75 68 25 21 40 42 26 45 54 42 40 62 65 43 65 76 53 36 42 57 62 64 69 76 77 70 63 59 60 58 48 44 45 37 27 41 27 30 27 26 26 23 24 16 9 7 12 15 23 34 53 58 25 5 44 69 59 56 61 53 35 17 11 12 13 11 13 43 57 45 62 93 84 23
17 17 17 14 20 31 29 20 23 23 20 24 27 19 7 15 20 20 28 14 16 36 77 75 25 16 35 40 28 47 57 45 41 61 64 44 71 71 38 32 41 48 49 47 47 49 53 57 50 37 54 56 43 43 51 40 22 56 37 25 22 19 20 26 24 15 5 6 13 17 19 27 34 39 39 39 30 59 63 55 48 45 30 14 9 11 9 7 13 36 44 41 73 90 75 36
23 22 19 14 25 32 25 22 24 23 20 31 29 14 7 13 16 20 32 16 17 38 75 73 27 20 33 34 28 47 56 45 48 63 57 43 67 66 53 63 67 66 64 62 47 33 45 66 55 41 53 47 34 44 58 43 24 59 45 21 27 21 24 28 24 23 3 8 16 12 9 22 25 22 27 62 54 24 69 64 40 38 28 19 14 15 10 5 12 30 35 38 75 84 69 52
25 26 24 20 31 34 24 23 26 24 21 34 30 11 8 10 12 23 36 15 20 39 73 72 30 26 30 28 29 46 53 43 60 63 44 38 56 65 68 72 72 72 66 59 54 44 65 65 39 36 50 45 35 55 64 41 27 53 51 16 32 23 22 21 28 37 40 40 29 13 3 18 24 15 19 64 53 48 87 69 33 23 19 19 17 19 13 8 14 25 26 33 72 74 52 28
24 24 22 22 33 36 26 24 28 26 21 35 31 11 10 11 14 27 35 12 23 39 69 70 34 29 28 27 30 46 50 38 63 62 42 38 46 55 55 47 40 37 27 44 55 42 66 67 50 53 62 49 34 62 63 35 28 47 57 24 36 26 15 11 20 38 49 44 31 18 7 11 21 17 31 59 27 45 73 55 15 10 11 13 16 21 15 8 13 18 17 27 70 74 42 17
26 22 18 22 34 38 27 25 28 27 21 36 34 14 20 33 40 39 26 2 25 43 64 61 35 32 31 28 34 45 43 32 55 57 50 58 62 57 36 35 47 41 42 57 59 44 55 49 34 47 68 61 42 69 66 32 27 44 54 18 20 30 25 18 18 20 20 18 26 23 11 7 13 15 41 55 12 38 60 43 16 16 18 16 17 24 20 8 9 12 13 23 66 78 42 23
27 26 23 25 37 41 29 31 29 22 20 35 37 19 32 41 34 24 7 16 28 49 59 47 33 35 34 27 40 43 34 27 45 50 48 53 48 43 39 53 59 48 46 55 52 44 57 51 35 38 59 57 42 68 72 43 31 38 38 22 10 13 30 37 40 42 43 39 38 30 17 4 6 13 43 55 6 38 47 32 18 17 19 20 21 27 28 25 19 10 11 24 63 77 44 32
22 22 22 24 38 43 33 42 36 20 20 34 38 23 36 44 25 7 19 27 27 47 51 36 30 38 36 24 37 42 43 46 52 51 37 40 65 60 52 59 61 47 51 51 39 38 54 47 35 51 57 43 37 62 71 49 44 39 22 11 18 18 9 20 27 35 39 43 45 30 21 6 10 13 42 53 4 40 38 19 9 11 12 14 16 20 22 24 25 23 23 43 69 57 36 41
18 17 20 23 31 35 31 46 44 25 23 33 37 28 35 38 30 17 30 26 20 42 46 32 27 35 36 28 36 44 44 42 47 37 24 61 78 54 45 59 59 41 53 50 36 32 48 52 38 53 49 30 28 55 67 50 56 39 12 13 17 27 20 16 16 18 7 39 46 25 23 7 18 18 45 47 9 40 32 13 12 13 11 8 12 13 12 11 16 24 31 61 66 15 36 59
22 19 21 27 27 23 24 41 44 32 28 33 33 26 39 31 22 22 28 19 19 39 40 26 27 31 36 35 31 29 30 46 64 50 38 63 70 47 48 63 56 37 50 48 32 33 41 43 40 64 52 25 34 54 59 49 63 31 17 29 35 41 36 31 36 45 38 41 41 18 19 10 21 17 47 39 20 36 29 17 15 16 16 16 19 22 22 17 15 19 28 61 41 23 35 42
25 23 23 29 24 20 23 36 41 37 40 39 30 22 41 30 7 11 12 14 18 37 36 19 23 22 21 30 44 52 50 60 56 31 25 55 64 44 57 63 45 37 52 50 31 40 50 43 33 57 64 32 43 59 55 52 57 16 28 34 44 52 49 41 44 60 72 64 46 24 6 18 26 24 49 31 27 33 24 18 18 19 20 23 26 28 31 31 31 39 54 55 15 34 35 49
26 23 23 26 20 18 22 31 36 42 59 57 35 25 40 29 0 0 4 15 22 42 43 28 32 34 39 48 57 52 39 45 36 19 24 54 63 43 64 62 40 40 55 52 32 47 50 38 33 38 55 48 52 54 44 44 36 16 38 32 33 44 49 40 39 52 64 50 29 22 23 39 34 33 35 12 37 24 9 21 25 28 29 27 27 28 33 39 37 45 54 28 20 40 52 67
29 20 20 22 18 17 23 23 17 25 57 71 48 39 42 23 0 0 2 14 31 52 45 22 28 33 33 42 48 37 25 32 30 21 28 52 56 45 68 65 41 43 59 55 32 49 50 28 26 31 35 40 62 65 48 38 27 47 56 50 49 58 66 55 50 53 46 40 14 9 44 62 35 27 0 40 54 41 36 38 36 23 6 1 3 11 24 26 15 27 29 19 41 42 67 73
30 15 15 20 21 20 30 22 8 9 43 64 54 61 48 12 0 0 2 14 45 57 35 19 28 29 23 41 43 28 22 25 26 23 35 48 45 44 71 70 45 52 65 54 34 48 49 33 32 29 25 27 51 63 55 39 34 52 49 46 47 52 67 75 80 77 77 85 62 29 59 77 27 18 33 43 31 27 45 61 69 73 61 46 41 40 34 22 32 42 41 37 48 41 73 69
29 11 10 20 25 25 35 22 8 5 34 55 47 72 61 13 1 1 7 21 51 51 26 20 28 27 21 42 43 27 20 18 25 27 40 45 40 42 71 71 46 66 71 49 37 46 46 33 43 40 37 32 37 48 49 38 33 37 27 32 34 34 47 65 75 71 72 84 83 70 80 82 27 37 50 31 21 20 22 30 35 52 66 64 57 56 59 41 50 54 67 65 68 63 79 70
27 9 10 17 24 31 39 26 10 9 29 46 38 65 67 31 9 3 13 27 47 43 24 25 29 23 19 39 43 29 18 13 23 34 44 47 41 43 70 70 46 73 75 47 39 46 43 30 52 51 38 41 40 38 31 18 31 36 34 43 43 38 41 45 43 37 38 51 62 91 103 86 33 47 57 22 26 34 36 41 37 36 48 55 46 42 53 32 43 37 55 56 56 51 63 58
27 11 14 14 21 35 44 31 10 18 32 37 31 51 59 40 18 4 18 33 44 35 23 29 29 17 17 36 42 29 18 10 17 31 48 51 43 50 68 63 47 73 77 51 48 50 38 29 56 58 31 28 32 26 16 11 33 35 41 49 45 43 52 55 50 40 38 47 50 95 113 85 46 38 60 27 40 48 44 46 45 46 49 55 59 62 72 52 42 29 29 11 30 30 45 46
28 11 16 12 20 38 46 38 14 21 33 35 34 42 48 41 22 5 25 38 39 29 20 31 28 14 16 35 40 28 20 9 14 26 48 55 42 58 63 51 50 74 78 53 60 54 33 30 54 58 38 28 10 6 15 27 36 33 43 44 38 39 45 45 40 33 38 44 48 102 117 75 46 23 52 36 53 57 45 51 57 58 55 58 64 69 75 57 51 55 56 30 28 36 45 38
29 13 19 12 20 43 50 38 17 26 38 38 39 46 46 37 18 8 32 39 33 25 18 29 27 15 16 33 36 26 22 15 17 24 49 57 41 59 59 44 49 75 78 52 67 62 36 32 52 55 37 31 24 25 30 45 54 46 46 44 35 34 29 23 20 30 43 45 53 109 121 63 30 63 66 52 59 60 51 61 55 44 45 47 49 53 66 51 56 64 76 60 27 38 37 27
28 17 23 17 22 49 50 30 20 36 42 32 36 47 42 27 11 13 36 38 28 22 17 27 26 14 16 29 33 24 21 19 18 27 51 54 42 57 54 39 50 73 69 47 68 68 40 34 50 52 31 23 18 22 32 50 57 50 53 54 46 43 34 22 20 37 48 45 54 108 118 53 42 73 71 67 66 57 47 62 54 34 41 56 60 58 69 59 55 50 72 76 35 35 26 21
26 21 29 25 22 50 47 24 23 43 42 22 33 45 30 13 3 17 37 37 25 17 17 27 25 12 18 27 28 24 24 23 19 37 51 45 42 57 52 37 61 72 55 48 72 75 49 47 54 45 25 19 10 18 32 49 45 36 48 51 42 34 22 20 21 42 54 45 61 102 100 47 37 56 35 43 56 54 44 56 58 36 34 48 60 74 87 90 82 78 92 100 56 54 47 34
24 22 36 32 23 48 43 21 24 44 41 18 34 44 24 7 0 18 37 37 24 15 16 26 24 12 19 25 24 23 29 30 23 44 49 37 40 56 53 40 67 71 52 51 73 75 52 66 60 31 26 26 26 36 45 50 40 33 40 37 25 13 12 18 23 47 56 44 73 93 74 43 42 60 40 49 52 43 41 49 53 40 43 47 44 62 80 93 90 82 97 131 117 107 99 87
