data/Revelstoke/slope.asc
ncols        539
nrows        726
xllcorner    -1620000.000000000000
yllcorner    438000.000000000000
cellsize     100.000000000000
NODATA_value -9999
[rows 98 to 146 of 726, columns 192 to 287 of 539]
104 84 64 98 101 87 76 75 50 48 61 65 56 60 62 45 52 67 59 46 56 57 53 45 58 80 79 116 81 28 43 49 43 47 112 128 85 70 65 62 58 60 74 83 98 132 160 164 135 102 77 58 44 59 54 63 57 70 66 60 58 56 64 73 65 58 63 68 70 91 104 94 81 77 55 22 17 17 14 11 38 65 67 52 33 27 26 50 49 27 40 45 22 8 25 33
99 87 69 80 77 89 78 61 49 56 68 57 37 61 61 37 42 53 47 39 44 45 46 46 59 71 77 124 85 30 49 51 44 46 102 118 73 60 58 60 54 47 61 59 86 131 142 156 140 113 91 80 64 68 71 88 74 84 70 58 51 43 49 58 49 51 58 66 80 101 92 79 76 65 45 28 25 20 15 12 27 39 55 84 58 21 24 42 38 27 52 45 18 12 23 30
96 86 73 70 50 49 42 29 37 50 57 46 31 59 69 69 85 111 114 99 85 61 45 41 55 57 71 126 87 25 52 52 44 48 91 104 76 75 116 137 116 76 67 67 110 123 76 94 98 84 77 80 67 67 75 98 77 99 108 101 89 79 70 62 48 45 45 54 80 87 54 36 37 39 31 25 23 17 12 13 28 33 32 84 81 25 23 37 33 27 47 39 21 17 22 27
91 91 82 78 67 64 54 26 35 49 48 37 22 47 92 143 163 155 142 124 111 85 63 53 62 67 79 118 83 21 53 54 44 49 78 80 69 87 129 134 128 81 76 89 140 134 95 119 123 97 75 70 46 49 63 94 64 84 119 123 101 93 76 58 47 46 44 52 77 82 44 29 27 22 18 16 16 16 13 14 27 32 29 72 85 42 32 46 40 29 32 31 22 20 22 22
83 99 86 75 66 71 74 49 41 55 53 42 31 46 105 147 136 110 82 83 85 68 66 60 68 76 105 127 76 35 59 57 43 47 66 63 55 75 76 69 98 54 74 99 143 127 84 115 133 127 114 101 74 67 68 93 76 73 93 117 106 91 63 45 41 39 37 46 63 85 60 37 33 29 29 26 21 19 15 21 31 29 29 56 76 60 57 57 34 18 18 24 21 23 26 19
59 89 76 61 50 55 65 53 41 58 57 44 42 66 118 102 95 120 83 91 80 49 48 47 60 71 114 116 54 51 65 55 40 46 57 77 96 103 81 88 101 50 87 111 142 117 57 88 90 99 113 100 75 67 77 101 90 73 81 115 117 104 66 43 37 31 30 42 59 95 74 34 30 28 27 27 29 24 16 27 34 27 29 47 58 59 86 71 26 16 20 22 14 24 28 18
49 90 81 68 54 54 53 40 34 56 56 41 45 71 110 71 77 106 91 115 104 79 71 69 69 68 113 93 35 64 66 50 37 43 47 69 89 88 68 92 121 80 113 129 152 114 64 86 65 66 96 89 61 50 78 94 70 58 43 61 76 97 89 87 82 68 49 49 85 108 63 20 18 17 15 16 26 24 17 29 32 25 32 45 44 45 91 88 38 29 33 21 9 23 29 17
39 80 68 64 64 71 70 63 69 73 56 42 45 60 98 54 62 79 79 111 104 79 71 65 61 63 119 95 60 77 73 50 30 35 32 40 44 39 32 59 105 89 113 110 137 95 99 118 117 109 117 115 75 56 78 74 46 44 9 39 45 61 80 87 85 77 61 64 115 104 48 29 27 20 13 18 28 23 19 30 27 18 36 43 34 33 76 88 48 44 40 24 14 24 29 16
24 68 47 49 66 85 82 69 77 76 63 54 55 74 103 63 68 85 79 97 87 58 48 40 45 62 125 85 68 86 80 50 36 45 50 44 33 22 18 32 64 71 98 107 132 78 73 103 110 107 103 115 91 88 108 111 96 69 34 42 28 28 37 40 44 55 57 71 108 71 29 29 29 26 19 25 32 28 25 33 28 20 37 40 29 28 62 78 50 44 43 40 33 34 33 18
28 62 46 46 56 76 76 50 52 53 55 50 55 77 89 69 64 82 80 101 99 85 63 41 48 71 120 62 61 95 85 42 41 48 47 37 26 20 15 24 46 77 92 112 112 44 17 33 59 87 96 84 84 115 128 121 102 83 76 60 43 35 38 40 37 44 53 70 88 50 16 14 16 18 17 24 30 29 36 41 32 27 37 39 28 23 55 70 46 35 28 29 36 46 40 22
32 62 66 64 65 81 93 61 51 49 39 28 44 68 73 72 33 75 63 87 90 89 86 74 85 116 133 67 66 104 92 37 33 33 34 31 28 25 16 18 33 59 61 89 75 19 17 30 48 83 116 73 74 95 96 69 39 48 69 57 46 32 33 38 41 50 73 92 78 38 17 16 15 13 16 25 25 23 42 48 33 27 33 33 22 25 50 57 45 45 39 37 43 52 45 36
30 52 63 60 52 61 84 73 62 58 50 49 58 65 73 70 26 71 47 62 63 57 67 74 94 132 120 69 74 104 104 61 58 60 55 38 31 28 13 8 26 46 43 78 67 20 18 24 35 61 110 90 106 110 83 39 15 42 55 40 33 16 16 21 35 52 72 73 46 24 18 22 24 21 23 30 26 21 42 46 31 28 34 32 21 35 44 36 36 41 36 32 47 53 48 48
30 30 37 34 32 38 51 52 50 48 46 51 60 64 86 66 38 62 55 67 67 45 30 42 75 112 64 51 65 89 103 73 66 67 69 56 49 41 25 18 36 45 42 78 68 21 15 18 27 42 77 74 104 83 50 27 15 41 49 39 33 21 15 15 26 38 42 22 8 8 12 18 22 24 27 41 35 28 45 43 27 27 32 29 21 40 41 25 24 33 29 17 34 41 33 33
40 37 40 37 40 46 43 32 29 27 25 32 49 68 97 56 48 50 55 74 81 63 49 72 103 104 38 47 53 71 89 67 48 42 54 53 56 48 35 22 46 46 47 75 68 27 19 22 26 32 53 51 68 21 55 28 16 38 43 31 26 20 17 21 33 40 31 11 6 5 7 11 18 21 29 49 44 33 45 40 26 30 33 27 24 39 39 25 27 33 28 19 30 34 25 26
40 27 35 29 34 47 48 39 35 29 26 37 63 89 89 33 45 38 43 60 80 73 54 83 99 78 42 54 57 73 97 97 59 36 43 39 49 44 37 16 49 41 48 69 67 33 24 28 28 29 42 47 40 40 56 20 18 39 42 25 16 9 14 21 32 35 17 7 7 4 4 10 21 23 38 53 44 35 43 37 25 36 37 28 27 36 36 25 33 33 24 23 32 34 23 33
48 12 27 18 20 34 36 30 25 21 26 58 103 104 53 22 33 35 41 47 64 60 26 62 63 48 29 51 48 53 67 94 90 62 51 51 56 50 38 22 57 41 49 65 63 36 22 29 26 21 26 27 11 52 53 20 22 41 41 21 12 6 7 13 27 26 7 18 15 13 10 13 26 28 43 52 40 34 43 39 26 38 36 26 25 33 33 24 35 34 22 24 33 32 20 34
57 18 24 19 20 28 19 11 11 8 22 79 108 48 13 24 17 18 30 45 58 52 11 54 55 52 10 32 32 31 22 43 79 75 51 60 68 56 39 36 66 50 64 67 58 40 23 31 23 16 17 12 19 54 51 25 31 40 30 16 16 10 1 11 29 22 9 19 16 16 16 18 27 30 46 48 36 36 42 36 24 37 35 23 28 34 28 21 36 35 22 24 32 29 19 34
51 30 44 46 51 48 32 17 4 8 22 80 83 21 33 30 31 32 41 53 47 47 8 53 58 55 22 28 27 25 10 3 47 68 41 60 73 58 45 46 73 50 65 58 46 40 24 39 31 24 18 15 27 53 51 29 36 34 17 10 12 12 7 12 32 26 20 30 30 28 25 20 25 32 44 42 32 39 39 30 26 38 36 23 31 32 25 24 34 35 24 30 35 27 20 33
42 41 56 60 65 58 49 42 26 14 24 74 97 53 25 32 32 43 53 47 38 49 24 54 71 50 18 31 31 34 35 35 29 54 45 58 70 60 49 53 71 44 55 49 37 39 17 37 31 25 18 19 30 52 52 31 41 33 13 11 13 14 16 13 31 29 26 35 30 27 26 21 29 37 42 39 33 39 36 26 25 37 35 25 37 34 23 25 30 33 27 36 35 25 22 31
37 34 38 45 48 38 39 46 47 35 36 60 95 90 36 36 32 46 56 54 51 57 36 55 92 53 14 19 30 46 49 42 24 26 44 56 62 57 40 52 61 42 49 42 34 38 5 25 24 23 18 23 32 50 48 31 43 35 15 16 15 17 21 14 26 24 23 34 23 16 18 17 30 41 42 38 36 42 40 29 27 36 33 23 36 37 26 24 27 31 29 38 32 20 20 28
48 48 51 59 55 36 32 41 50 40 32 35 63 97 75 32 39 59 67 69 85 97 89 98 136 103 39 24 38 50 33 21 30 5 32 54 60 51 17 39 50 45 54 45 30 22 21 15 12 26 29 29 37 47 41 32 43 35 15 19 17 19 23 17 27 31 30 35 21 18 17 17 30 44 41 37 37 44 42 29 32 38 31 23 34 35 27 30 35 33 30 38 30 19 20 26
47 54 55 63 65 63 57 49 52 48 37 30 43 76 86 39 39 70 75 77 101 111 96 97 137 131 73 60 55 45 23 15 33 16 27 59 70 51 18 41 56 55 56 32 5 20 37 37 27 31 42 35 38 42 39 36 39 31 16 18 19 23 23 17 19 27 25 24 14 21 28 29 35 48 43 35 37 43 38 24 32 34 24 22 32 33 26 36 40 30 29 40 36 28 28 26
31 48 41 52 64 61 62 52 44 45 40 29 29 55 89 93 86 87 86 85 91 66 44 50 107 114 66 64 54 34 20 20 40 48 59 76 73 50 22 44 59 70 61 17 43 46 35 36 43 38 45 35 32 34 35 35 33 27 19 19 22 26 24 20 11 17 18 19 17 24 32 34 30 47 44 35 39 43 39 30 35 31 21 22 31 30 24 39 42 27 26 42 40 29 25 19
55 60 47 44 60 31 38 43 30 34 38 33 25 35 71 100 106 87 71 80 74 35 25 43 101 106 51 39 39 36 30 27 34 44 57 68 58 45 20 45 53 79 68 56 65 49 37 31 30 29 39 33 21 23 32 39 35 26 23 23 24 27 34 30 22 21 22 24 23 25 29 33 30 45 49 37 42 43 36 30 35 33 27 32 38 33 26 37 42 26 30 43 39 22 12 12
50 49 47 47 52 32 36 52 42 41 43 43 32 21 29 41 53 49 34 63 64 32 4 20 82 109 89 73 62 58 48 35 26 26 41 50 43 36 16 41 43 71 71 62 44 29 27 25 27 37 43 31 15 11 25 40 40 25 25 26 25 30 41 28 19 24 28 35 35 39 42 40 36 46 54 37 39 34 25 25 33 32 28 36 40 35 31 37 42 28 36 40 32 24 13 13
28 30 34 44 43 36 35 59 64 61 56 56 54 44 39 32 33 28 11 43 61 42 29 15 37 84 92 80 61 55 52 39 35 46 70 72 50 31 20 36 33 49 40 27 20 18 10 14 24 41 43 30 18 5 19 41 45 27 24 27 29 32 39 29 8 15 25 34 33 39 39 37 46 64 67 53 50 35 21 26 34 31 23 36 37 32 33 37 38 30 36 35 27 24 22 23
30 28 36 43 42 39 35 49 66 67 53 45 48 47 53 51 42 37 33 29 41 32 28 35 15 40 58 62 47 35 37 26 37 59 87 81 63 36 29 31 29 40 30 21 24 29 14 12 23 37 29 22 22 13 14 41 50 30 29 35 36 31 30 28 18 13 21 27 20 26 28 31 50 69 67 58 57 48 39 35 40 39 34 44 44 38 37 35 32 29 33 33 26 24 30 27
33 38 56 64 57 46 39 35 43 53 53 37 32 30 36 37 37 42 44 35 30 19 12 40 38 29 52 66 52 31 34 11 38 54 73 51 42 45 43 33 31 41 25 18 20 32 23 17 26 36 23 21 30 32 25 38 51 33 39 40 32 27 20 19 23 21 21 23 18 27 34 34 46 53 45 43 47 49 51 45 46 43 38 49 54 53 55 52 47 43 40 34 27 29 34 24
28 41 59 52 34 30 27 18 19 36 55 57 42 22 15 5 16 31 42 36 35 32 29 46 46 27 36 63 69 59 50 20 43 52 63 37 20 42 52 41 36 46 23 14 7 21 17 19 27 39 29 35 47 48 39 33 47 33 43 39 26 22 16 7 13 35 33 22 20 28 36 25 34 42 38 39 48 47 47 38 37 35 34 49 57 52 49 47 48 45 41 39 36 41 40 30
28 36 46 29 7 10 13 11 13 18 35 55 56 31 13 17 44 53 58 44 36 34 37 47 42 27 22 46 67 75 73 29 44 52 52 27 6 28 49 44 46 53 22 17 2 15 14 16 29 41 34 30 30 33 32 23 38 32 43 41 26 22 20 13 10 26 40 28 27 29 34 28 33 43 42 34 47 46 55 61 50 39 36 51 56 41 30 27 28 27 32 37 37 39 35 30
44 44 38 20 7 8 7 11 13 9 14 33 53 47 35 40 61 57 69 74 69 57 51 52 43 28 18 26 42 57 77 33 40 48 38 22 17 17 48 51 66 53 2 27 16 16 12 15 32 43 35 24 15 21 24 17 27 30 44 40 24 30 30 27 32 14 31 32 32 27 26 30 39 48 49 46 62 55 40 57 60 51 51 68 66 51 45 38 28 28 34 34 29 30 28 25
38 34 26 15 10 7 5 9 12 8 11 20 39 50 56 59 63 47 48 63 66 60 53 50 38 25 17 21 34 47 81 45 33 48 38 29 30 24 54 61 74 33 34 41 27 21 18 32 53 55 44 34 31 30 25 22 19 25 45 40 27 43 39 29 37 31 11 32 41 28 19 27 41 51 47 63 74 54 37 28 42 50 59 72 62 48 45 45 44 45 46 43 40 36 29 25
19 17 14 11 11 5 3 4 9 8 17 22 34 48 58 61 57 38 25 21 22 31 39 33 21 17 14 19 28 41 73 46 45 65 65 56 34 35 54 64 72 31 51 32 25 18 21 44 61 51 43 41 44 51 48 47 48 38 37 43 35 52 44 22 25 35 16 15 45 36 12 15 33 50 49 75 76 49 45 39 35 42 49 55 43 32 33 35 42 44 42 42 41 39 36 33
14 12 8 6 9 7 2 4 5 11 21 18 21 28 33 36 37 30 25 21 18 24 29 27 22 16 14 23 31 49 54 27 54 72 70 49 32 47 51 68 65 57 64 35 32 13 19 43 50 32 31 25 25 37 42 44 53 62 65 64 55 59 45 22 22 32 28 15 37 40 14 16 26 42 51 76 73 49 57 59 39 36 53 64 48 32 34 34 28 29 32 32 31 31 33 34
6 6 7 6 9 8 2 9 3 18 20 9 10 15 15 20 24 19 17 18 15 21 24 26 28 24 24 33 40 48 32 18 36 58 59 26 31 46 48 68 48 60 55 52 45 24 23 40 47 29 19 3 3 6 10 18 29 40 57 57 48 47 35 18 25 33 38 41 47 45 24 22 22 34 48 71 69 48 68 72 41 29 47 57 43 43 49 47 42 43 42 35 32 27 22 22
3 8 9 2 15 21 17 6 10 25 21 15 16 15 15 19 18 8 10 13 8 18 21 16 22 25 32 41 44 37 17 27 45 63 60 24 33 42 42 62 25 45 31 52 46 26 20 31 41 28 13 14 14 5 10 18 24 34 28 16 23 35 31 19 27 39 45 46 45 41 30 29 30 37 46 60 62 50 68 73 50 36 46 50 29 39 50 46 42 42 40 37 34 30 28 28
11 13 4 10 30 30 18 15 25 29 24 21 21 21 21 21 15 7 10 13 11 16 18 7 15 28 36 42 46 29 17 34 59 73 59 32 43 50 49 65 40 44 24 49 41 14 10 20 34 27 10 13 12 20 21 22 27 37 31 21 29 44 42 30 33 41 43 35 23 25 22 24 29 39 51 63 68 63 69 67 53 43 50 50 33 38 39 34 31 27 25 26 25 23 24 25
22 12 11 22 31 13 19 29 31 26 20 20 20 21 20 17 11 7 11 20 22 20 15 3 14 29 36 39 45 27 18 31 62 70 47 31 44 51 48 62 59 45 33 51 43 16 8 12 30 29 6 9 15 30 28 24 30 40 38 32 48 65 62 54 58 68 74 62 32 23 24 22 22 34 61 81 80 70 75 76 65 65 66 54 39 48 47 37 34 32 30 24 16 12 12 15
26 16 20 22 18 21 35 34 29 18 9 18 18 14 13 12 9 9 11 12 13 13 9 4 14 25 31 35 43 37 31 28 65 71 33 16 36 46 38 35 41 39 40 55 45 22 14 11 30 31 22 38 41 32 33 26 29 40 44 38 59 71 62 56 60 67 70 79 72 75 65 56 65 63 75 88 65 55 71 77 64 72 69 53 43 49 42 9 5 10 6 10 19 26 25 18
32 23 27 34 30 31 32 27 15 10 9 20 20 7 8 8 5 3 1 7 7 6 1 10 14 21 23 28 33 26 21 15 64 70 27 8 30 41 33 15 17 29 44 58 41 21 15 22 34 40 49 53 54 51 52 52 60 72 63 47 62 65 49 43 49 51 49 67 84 97 91 79 85 87 93 97 74 75 89 84 59 63 53 36 36 36 16 26 35 37 32 25 19 11 5 8
50 36 33 40 32 21 18 14 4 6 9 20 23 8 4 3 1 4 6 3 8 10 2 13 14 17 18 23 27 15 10 6 64 72 28 5 27 39 31 13 22 32 56 67 39 19 22 43 47 53 52 38 33 45 56 59 68 74 62 56 72 72 60 69 75 62 59 70 70 70 72 64 62 72 93 98 89 92 95 76 54 58 46 20 10 17 22 34 26 32 34 38 43 37 25 18
57 49 42 45 37 22 20 14 7 7 12 22 22 8 2 1 1 6 2 8 12 11 6 14 15 20 22 26 33 22 13 9 63 74 33 12 20 40 35 20 26 29 66 77 41 30 56 71 65 52 36 30 25 28 39 42 50 46 35 46 68 70 61 79 81 81 89 101 107 104 93 76 67 78 83 86 87 82 68 49 40 41 20 14 29 39 46 48 43 46 49 47 43 31 20 24
38 36 33 41 38 15 16 15 17 19 20 23 18 5 3 7 9 7 2 11 13 11 9 15 16 21 25 29 41 32 17 7 53 71 40 25 11 36 37 16 19 15 67 80 35 33 63 61 48 39 32 37 35 37 44 39 47 41 26 33 57 60 47 68 65 67 82 93 105 105 105 112 119 117 112 105 87 64 44 30 26 16 18 34 32 39 50 54 49 46 42 47 49 36 31 30
27 19 11 37 38 4 3 6 15 23 26 24 14 3 13 21 25 22 16 16 18 13 9 13 11 14 22 27 40 38 26 15 37 62 47 38 13 32 41 28 20 12 64 82 30 40 61 43 25 27 31 39 40 42 42 39 51 46 32 43 68 63 47 66 64 48 53 62 66 63 75 97 113 110 98 79 57 43 30 17 9 21 39 35 36 47 51 46 35 31 23 39 46 36 35 37
25 14 7 39 36 6 1 11 21 23 26 23 14 11 22 22 17 17 20 22 24 18 10 14 7 10 20 26 36 35 28 19 23 52 49 49 24 24 37 38 35 30 63 84 71 84 71 36 22 23 24 30 40 39 36 38 51 42 30 50 73 63 59 75 67 51 46 41 41 44 52 57 56 51 44 28 10 3 11 22 38 57 58 55 58 55 45 34 29 30 23 36 39 30 32 35
23 11 11 33 30 17 19 37 48 44 35 22 14 16 28 24 7 12 24 26 30 24 12 18 7 5 14 24 31 29 29 26 18 45 49 55 31 12 23 24 28 32 58 75 84 88 69 53 43 40 42 42 50 42 33 34 41 33 24 50 72 62 63 71 59 41 20 17 39 36 19 16 10 21 15 14 29 39 47 54 64 67 60 59 55 37 20 13 24 31 27 37 41 36 43 40
20 8 8 24 24 21 33 54 51 38 28 23 16 23 28 21 10 15 30 28 33 22 9 18 10 3 11 28 27 14 21 25 9 36 55 61 36 14 18 16 16 16 34 39 47 48 48 56 55 51 52 50 55 52 46 51 56 52 42 54 75 62 54 55 43 19 7 33 50 69 70 48 44 54 58 61 66 73 79 79 73 59 45 36 24 14 6 3 14 25 26 33 35 33 51 46
14 4 7 18 18 15 31 41 23 10 11 20 18 30 29 19 11 22 38 30 31 16 8 15 11 6 13 36 28 6 7 23 10 31 69 71 35 17 25 26 27 26 32 32 33 31 31 36 40 38 39 43 60 62 54 58 58 51 50 66 74 54 48 48 27 17 29 38 26 34 58 54 54 57 62 64 73 86 87 76 58 39 27 19 16 17 9 2 5 14 26 32 26 26 50 47
24 20 20 24 26 30 37 32 12 0 13 23 27 35 30 21 5 34 42 29 27 13 9 15 12 8 16 42 35 6 6 26 22 25 79 78 34 15 22 28 27 26 29 24 26 35 42 48 52 50 47 49 62 57 43 39 34 30 42 65 59 35 40 41 12 22 35 48 41 42 64 75 61 50 52 53 65 68 56 44 34 21 12 10 14 19 12 7 11 15 33 36 20 22 47 46
