data/Revelstoke/slope.asc
ncols        539
nrows        726
xllcorner    -1620000.000000000000
yllcorner    438000.000000000000
cellsize     100.000000000000
NODATA_value -9999
[rows 49 to 97 of 726, columns 192 to 287 of 539]
58 40 33 50 54 35 34 23 26 52 76 69 64 104 104 76 89 82 22 19 18 19 18 15 13 12 12 16 11 9 30 75 88 68 64 52 34 34 69 70 34 39 46 30 16 14 12 2 16 30 36 30 24 15 11 43 66 75 77 95 123 124 109 99 78 54 33 28 31 37 52 55 44 47 36 27 30 29 25 22 30 38 34 32 36 31 25 38 36 23 24 20 17 21 32 31
55 41 35 52 56 40 36 37 57 73 72 63 55 89 88 61 80 56 19 20 22 21 18 15 11 9 10 18 9 9 14 50 76 73 90 71 34 35 66 77 56 64 54 20 13 15 35 54 70 72 68 56 43 32 32 32 28 50 51 61 80 96 106 109 108 98 67 34 19 33 47 50 49 51 37 20 28 27 19 16 23 32 32 41 38 26 24 39 38 24 29 24 14 17 31 33
49 34 41 52 46 35 38 49 78 80 63 57 55 84 90 72 82 44 19 16 16 16 16 14 10 10 12 15 9 10 4 33 53 55 87 83 52 45 57 72 66 76 62 27 19 33 61 71 74 61 57 56 52 34 35 58 34 42 50 57 60 61 79 88 92 98 95 80 62 41 36 45 49 55 38 15 22 25 22 18 21 30 31 44 38 23 24 37 38 25 33 29 14 14 27 33
47 31 49 56 36 23 35 43 66 51 41 45 48 78 97 88 80 35 23 18 17 19 16 15 13 13 14 14 8 5 11 35 41 41 67 71 57 56 58 73 84 91 75 41 26 50 66 59 56 46 49 51 55 38 37 74 58 12 36 58 71 77 90 95 85 84 90 90 89 74 47 36 51 56 36 14 14 16 22 23 29 39 34 39 33 22 25 36 37 26 34 32 16 12 21 29
42 30 57 60 25 40 50 47 59 39 27 32 40 75 101 105 75 25 21 17 17 20 19 20 20 16 16 18 10 2 23 36 30 31 51 54 43 47 45 59 80 88 80 52 43 71 77 79 76 67 64 62 57 39 40 79 72 28 15 40 68 79 83 88 87 98 112 120 125 116 84 44 48 52 27 17 10 9 16 23 42 48 32 31 28 20 26 35 33 27 36 34 19 16 16 22
34 28 64 58 25 49 58 69 75 63 57 49 49 80 105 113 66 11 18 15 13 18 17 23 25 16 16 21 15 8 31 35 21 24 44 47 33 34 24 44 68 77 68 43 48 74 80 94 79 75 69 68 61 45 45 79 75 47 46 31 25 45 61 76 91 102 108 108 108 117 118 105 76 46 26 18 3 6 10 31 55 45 26 27 27 19 29 33 26 26 38 36 22 22 15 15
29 32 59 45 32 42 45 59 67 56 48 43 54 97 124 116 48 17 19 11 12 15 10 20 26 12 14 21 17 16 31 29 18 25 43 44 34 34 29 48 74 73 49 38 48 75 83 88 47 67 71 63 49 38 45 70 77 68 71 70 52 26 28 61 67 61 59 57 56 72 98 116 110 76 52 48 51 55 50 48 50 34 24 27 29 21 30 30 21 23 37 36 22 27 21 12
46 44 46 45 37 33 40 39 30 16 7 9 49 106 131 90 23 23 21 5 9 11 12 23 25 13 21 22 16 19 29 29 23 33 45 39 37 39 37 54 86 72 54 67 77 101 98 72 29 66 75 65 42 31 39 51 63 66 72 73 70 74 56 16 18 38 60 70 64 61 71 79 88 92 80 78 89 97 94 74 39 23 24 27 25 23 32 31 21 24 35 32 20 28 25 13
60 53 40 42 39 42 52 46 29 19 15 15 56 113 125 53 15 23 25 9 7 5 15 28 19 13 28 29 24 24 31 33 25 37 45 34 34 41 46 58 88 76 68 70 80 106 91 49 32 56 71 79 62 43 38 36 41 47 58 57 49 68 80 62 40 23 26 45 68 79 85 88 98 107 96 87 85 82 84 83 67 43 32 24 15 21 33 33 22 30 35 26 20 30 27 15
75 69 38 30 37 55 64 48 33 26 27 32 76 127 111 32 16 20 26 12 5 19 12 34 0 16 27 31 30 27 29 34 35 44 52 47 48 53 57 65 83 65 59 63 76 91 62 36 48 38 49 77 80 60 50 45 46 56 70 65 49 61 68 63 61 58 43 14 36 60 65 68 76 90 102 107 105 105 110 110 99 81 66 42 22 20 33 33 20 33 36 23 21 32 32 24
90 92 55 34 42 58 52 35 27 23 26 45 101 133 73 7 10 21 18 15 26 14 49 23 31 16 18 23 27 27 23 25 34 50 60 58 52 50 54 68 88 80 87 90 82 74 40 42 58 28 27 52 70 62 53 46 47 55 74 80 71 79 74 62 62 63 49 32 36 26 27 31 35 50 74 89 89 89 94 105 119 125 124 110 87 57 34 32 18 31 37 24 22 35 40 35
72 86 67 61 72 72 55 42 32 26 30 53 107 105 26 1 7 25 7 26 21 17 45 28 40 14 16 24 31 33 25 24 38 53 59 52 46 43 40 49 65 63 72 72 65 52 24 46 56 34 31 44 59 60 49 39 40 47 66 78 80 89 83 64 77 76 53 46 48 29 7 16 32 47 50 49 48 48 50 65 93 107 111 115 108 91 65 53 42 40 39 25 29 47 50 46
61 70 57 67 75 60 42 38 39 41 52 85 111 69 5 5 8 24 12 24 14 30 20 34 19 10 16 23 33 42 41 47 49 48 51 44 42 40 37 41 36 28 31 32 38 28 16 41 45 35 42 51 64 73 81 83 68 60 67 65 62 82 83 64 88 87 62 60 61 44 28 29 33 30 25 29 38 45 47 49 50 52 57 68 74 83 84 80 74 68 56 47 64 85 81 75
45 50 49 78 62 39 22 25 33 41 59 97 87 26 2 8 7 21 26 22 23 29 14 10 10 6 11 13 21 32 36 37 24 26 35 34 38 37 40 52 40 30 28 24 17 14 18 34 30 21 31 43 53 59 75 86 79 67 67 61 57 79 87 76 96 93 63 60 66 49 30 40 52 43 28 26 29 26 35 54 67 68 64 62 65 77 80 79 78 81 82 82 93 96 81 69
56 24 43 67 53 49 25 24 25 32 50 82 44 11 1 11 9 17 27 19 29 29 19 13 15 15 12 12 13 17 14 10 19 24 23 28 34 32 31 44 40 36 36 31 23 22 28 35 23 10 14 28 33 23 23 37 47 47 52 42 42 62 77 85 113 108 70 68 69 50 36 43 53 53 48 39 37 40 50 43 38 48 61 70 80 94 105 107 105 99 89 84 82 71 48 36
70 47 70 56 25 66 62 59 75 88 75 66 27 16 9 15 9 9 21 12 24 24 19 18 21 22 19 20 21 23 21 18 25 23 20 24 30 29 26 29 22 25 27 26 25 21 36 39 21 10 12 27 24 13 12 20 26 50 56 33 34 34 31 45 99 106 62 71 76 62 59 62 67 68 69 52 36 45 72 64 35 16 28 54 63 68 75 79 79 75 71 70 65 52 34 23
56 51 75 73 42 57 83 95 112 107 88 56 20 16 15 17 15 19 21 11 19 16 12 17 16 17 18 21 22 24 22 24 30 27 23 25 29 31 29 22 8 9 8 14 22 16 36 39 19 8 14 27 16 8 8 17 37 64 55 33 44 42 37 40 82 92 49 54 63 59 58 61 63 65 77 67 58 65 89 87 60 46 23 16 21 21 18 20 24 31 41 42 35 22 7 9
64 64 67 75 82 50 70 95 73 43 39 35 20 12 13 19 20 25 24 19 25 18 21 21 15 13 13 13 14 18 19 22 31 30 25 28 30 32 33 19 10 9 6 13 22 22 38 40 19 13 20 22 10 4 6 13 48 72 52 36 46 37 25 37 69 74 43 40 37 33 38 40 42 53 62 51 48 50 73 83 72 70 47 17 9 11 11 14 14 11 7 3 5 13 25 46
67 74 58 68 102 85 65 54 33 18 14 25 20 6 12 24 20 21 22 23 31 26 23 18 17 15 19 21 21 20 19 18 27 29 24 30 33 31 32 19 13 6 3 7 18 28 44 42 23 22 22 16 8 3 5 12 55 74 47 39 46 36 21 38 57 55 45 49 49 46 48 43 40 53 49 31 22 38 56 59 59 71 58 27 10 11 18 23 29 36 45 57 62 54 54 64
73 76 51 67 107 96 54 29 31 17 17 21 16 15 21 26 20 21 21 24 33 31 19 13 18 21 18 19 15 19 18 15 21 27 24 33 38 31 25 15 13 7 3 2 6 23 44 41 24 30 28 17 13 12 11 16 55 74 47 40 48 37 19 35 52 61 62 60 53 40 48 49 43 52 45 31 25 46 55 51 54 70 65 29 9 30 35 43 54 64 75 87 91 89 81 66
80 72 50 85 103 61 65 81 66 43 22 6 18 25 32 35 32 34 34 37 42 41 26 15 15 13 16 23 15 21 25 15 10 22 23 34 40 30 22 19 21 16 8 3 4 21 39 33 20 30 30 21 18 16 16 19 58 75 44 44 51 38 16 19 33 43 44 40 34 27 48 51 41 46 41 31 27 53 63 56 59 74 59 16 31 36 32 41 56 69 73 66 57 60 53 34
97 82 60 95 80 31 52 70 81 76 53 25 21 25 34 39 36 29 7 13 18 36 36 27 44 95 99 83 48 18 27 9 4 18 23 33 38 26 21 20 23 25 21 11 7 24 31 27 25 30 31 22 17 12 15 18 65 76 37 53 58 40 28 38 54 57 58 49 32 28 51 52 38 44 39 27 30 67 76 62 68 75 30 28 48 63 76 89 93 81 60 42 28 21 17 13
108 90 67 89 52 27 51 63 78 92 103 85 26 25 34 33 24 16 58 85 91 83 76 69 98 139 121 126 107 67 29 4 4 17 22 33 34 19 16 16 16 19 24 19 12 18 22 29 33 36 36 28 23 17 16 19 68 76 33 58 66 46 44 60 71 67 62 51 39 38 56 55 41 48 39 24 38 80 85 61 72 57 7 37 55 82 87 84 72 53 39 30 23 18 21 18
109 79 74 94 45 35 54 60 66 81 116 141 94 52 38 28 29 61 89 76 75 78 71 68 108 118 77 97 106 87 52 24 8 19 32 49 51 43 26 1 13 17 29 28 21 11 4 18 24 28 29 26 26 21 16 23 65 70 37 61 72 54 52 53 40 31 40 44 45 50 62 60 46 50 44 43 61 97 96 63 58 29 29 40 68 83 59 39 24 21 25 27 25 15 17 19
104 70 71 96 48 43 62 59 52 53 87 131 121 105 82 64 69 88 95 66 63 83 92 86 106 106 70 82 87 68 68 46 1 24 58 74 71 68 60 32 12 40 61 66 73 59 32 14 17 22 18 21 30 27 19 34 58 55 40 65 75 58 61 54 38 36 45 45 42 49 60 55 42 46 56 65 86 110 90 51 26 19 45 71 106 96 58 37 24 16 17 24 25 16 14 15
96 68 68 82 50 54 76 77 68 63 79 107 83 91 83 61 63 81 92 70 76 85 80 81 108 113 92 120 119 85 87 59 17 29 82 88 62 56 74 62 31 70 94 100 105 104 92 61 31 25 26 30 33 28 21 39 53 44 42 72 74 56 70 56 35 38 48 45 38 49 58 48 36 47 69 71 88 92 57 27 7 37 52 96 118 80 46 35 30 23 27 27 24 23 20 16
94 63 54 69 69 53 75 81 66 63 85 117 110 119 112 89 77 85 82 63 76 67 42 67 123 118 83 112 125 97 89 89 91 70 100 103 69 54 79 75 41 82 102 85 76 91 108 82 47 26 34 33 32 31 27 44 53 39 44 73 67 51 75 60 34 39 51 43 31 48 49 37 38 69 95 87 88 67 30 8 31 52 54 101 99 43 28 32 31 25 33 34 26 28 31 24
102 63 48 73 77 44 68 84 62 55 74 109 114 126 104 92 104 111 101 88 92 72 54 91 126 86 52 102 125 99 71 102 111 82 99 105 74 75 113 156 141 123 109 74 57 51 77 84 56 21 32 30 31 30 27 45 49 37 54 70 54 47 76 66 39 48 56 43 32 48 45 36 57 93 95 71 64 35 8 31 64 79 79 113 94 38 27 33 30 20 28 32 23 24 33 29
109 83 85 98 115 106 86 82 69 60 54 73 74 113 83 69 94 97 97 92 91 74 75 113 135 90 73 121 137 93 83 89 93 59 83 94 68 90 122 175 173 131 103 87 79 64 82 96 62 17 30 34 28 20 24 45 46 38 62 60 41 47 73 69 43 58 61 45 44 51 48 45 72 85 61 45 34 14 45 70 92 95 87 108 82 43 35 39 36 29 32 33 23 21 28 26
79 75 93 102 118 117 104 96 92 80 70 87 87 117 74 75 71 66 75 76 87 77 79 118 144 89 71 120 124 103 141 136 141 108 83 85 62 91 77 66 82 64 66 84 80 66 94 101 63 23 28 34 27 19 28 47 48 40 58 50 37 47 70 68 42 63 67 42 40 53 66 68 80 75 50 41 11 39 65 78 86 80 75 88 61 33 37 38 32 31 37 34 25 29 30 25
54 51 60 64 77 71 75 94 94 83 73 85 106 128 118 132 121 117 102 83 83 69 71 117 136 57 88 121 76 81 126 139 166 147 112 97 73 97 94 60 70 41 55 77 52 54 102 104 65 21 24 30 27 24 39 54 50 41 53 51 40 51 72 66 41 62 69 43 39 69 81 69 71 64 44 24 33 88 99 105 106 91 80 76 45 20 35 36 24 27 37 34 24 33 33 24
68 68 80 75 81 70 72 76 74 70 53 59 88 112 133 129 117 114 103 89 87 79 92 139 128 53 114 124 48 52 101 88 133 109 100 100 80 95 105 71 105 85 86 98 70 77 106 119 77 13 18 26 29 31 49 53 42 36 52 57 46 66 82 68 54 71 69 43 58 91 85 54 52 47 23 21 88 117 105 109 107 93 86 72 42 31 42 43 32 31 35 29 21 30 31 22
65 76 92 83 97 103 109 107 107 89 57 55 55 67 79 73 67 64 70 84 95 88 93 135 105 71 127 120 70 80 121 67 126 95 70 77 73 80 92 64 95 107 87 98 64 85 104 140 98 32 31 33 37 37 48 45 30 27 53 65 52 82 97 81 75 84 76 63 91 109 87 61 48 32 4 63 112 106 86 86 76 63 64 51 35 32 42 42 32 39 37 29 29 35 34 26
51 61 69 60 79 93 99 95 95 77 77 69 69 85 98 98 79 63 60 64 69 62 77 120 67 76 127 106 119 148 144 94 131 135 116 105 97 75 72 67 42 75 48 80 41 80 94 149 111 48 46 48 52 47 53 50 35 32 58 76 60 92 104 72 61 70 66 63 94 99 71 50 25 10 50 110 137 114 102 91 70 51 37 21 19 20 36 36 26 38 37 28 30 37 35 26
67 55 57 48 48 51 56 55 58 45 76 72 75 78 84 94 97 92 94 88 79 74 95 108 48 76 103 102 145 153 139 104 119 132 122 104 88 68 59 71 42 78 71 90 50 77 84 139 117 64 59 65 66 62 70 65 52 56 77 84 69 104 108 65 58 65 60 54 84 84 48 19 18 51 78 133 141 104 99 89 67 48 31 20 19 22 35 33 24 33 31 21 24 37 36 22
77 74 82 76 77 84 91 84 62 41 60 52 59 61 58 60 83 99 103 97 79 74 87 81 53 86 115 152 151 113 90 82 97 101 87 71 64 61 57 68 57 77 86 97 64 86 87 119 115 91 76 73 73 74 76 66 55 65 83 74 68 109 104 57 61 74 74 72 88 75 33 5 48 67 81 128 120 73 81 65 44 33 28 24 23 27 32 29 25 34 32 23 26 39 33 20
75 87 93 85 90 99 100 97 91 86 99 107 108 95 68 58 66 74 75 76 70 59 72 65 62 90 123 134 119 104 96 91 101 120 121 93 78 78 65 64 66 56 62 68 48 84 80 88 82 86 90 96 103 112 111 90 64 64 73 57 64 106 94 47 65 79 75 71 74 53 11 37 82 97 111 140 115 68 72 46 19 18 25 27 25 30 28 23 25 35 34 24 35 38 26 23
83 81 73 64 66 69 61 65 81 97 114 123 121 117 112 110 108 106 106 101 91 78 76 55 47 63 73 69 68 72 70 68 79 100 125 135 134 132 124 119 96 62 56 51 52 82 75 65 54 67 83 97 99 111 118 112 104 109 122 122 134 131 92 57 76 83 59 48 45 24 15 66 106 107 114 128 100 66 63 38 20 20 27 31 28 31 25 18 23 34 35 27 36 32 21 21
89 86 76 70 67 55 45 44 46 55 65 74 80 90 106 109 100 95 91 88 96 93 76 53 43 46 45 43 39 34 32 35 43 49 68 99 115 119 122 119 100 88 82 69 83 95 118 99 81 81 84 95 92 97 94 109 138 157 160 152 153 134 104 90 96 87 59 43 24 10 32 82 115 97 103 109 80 57 49 25 14 16 27 33 31 34 26 18 25 35 37 30 32 26 18 21
57 55 52 52 53 54 50 46 45 49 51 52 54 54 52 45 41 41 36 36 49 52 44 37 35 34 32 30 29 35 38 39 39 39 41 44 50 60 65 61 61 80 82 72 93 107 149 163 159 155 139 130 120 115 108 112 127 132 123 102 88 76 80 88 85 68 39 14 15 39 53 103 131 99 111 108 68 45 29 14 10 14 24 29 32 38 31 21 32 39 33 28 28 26 18 27
16 21 24 23 27 35 39 36 33 30 25 22 20 20 21 22 20 18 14 12 9 11 15 18 21 22 23 21 22 29 36 37 40 45 49 53 59 62 59 52 48 52 49 50 72 83 106 136 150 151 135 121 127 146 147 136 129 123 108 83 70 65 60 54 46 29 2 25 48 57 65 109 126 89 114 106 60 45 30 25 21 21 23 26 31 40 37 26 36 36 26 23 29 29 19 30
32 17 11 16 16 9 4 8 12 9 5 3 3 2 3 6 6 2 3 8 9 12 14 16 18 18 16 12 12 11 11 15 23 27 31 37 42 45 46 43 41 42 43 44 53 63 73 86 89 92 105 120 128 129 116 102 98 93 81 72 67 60 46 28 10 14 20 43 58 57 71 104 104 78 111 96 41 29 22 25 27 29 28 27 33 42 41 29 31 33 25 20 32 35 22 31
65 58 44 32 23 20 19 16 11 2 2 4 7 8 7 5 3 2 0 3 6 5 1 4 11 23 39 52 60 57 37 23 23 21 11 8 8 14 23 28 30 30 31 33 35 39 53 73 84 93 107 106 88 66 48 38 37 33 29 35 34 22 8 7 25 37 48 71 81 75 90 96 78 74 108 89 24 12 12 16 20 32 36 28 38 41 36 33 34 34 24 21 32 34 25 33
71 69 66 63 48 34 30 32 32 35 40 43 45 48 44 29 19 16 13 14 13 14 18 24 41 62 79 95 113 127 118 84 63 54 48 38 18 4 9 13 14 15 18 21 24 27 35 39 42 45 42 31 21 13 6 9 18 12 8 13 15 18 21 29 38 44 59 82 85 72 78 70 57 66 101 89 27 13 13 15 17 32 41 28 41 44 32 32 41 40 23 27 33 28 26 34
107 87 70 68 58 40 36 43 53 63 67 67 66 65 69 70 70 72 72 72 63 42 29 35 54 64 68 78 101 129 160 147 101 69 67 69 54 29 20 12 7 4 10 16 18 19 20 12 4 11 18 18 23 36 52 64 68 55 47 47 48 47 44 43 47 48 61 77 68 49 59 58 51 57 94 88 30 15 16 17 18 32 35 27 41 47 32 30 45 43 23 31 33 23 23 34
136 144 144 134 105 75 60 60 70 70 66 68 66 60 62 77 87 90 90 87 85 75 58 56 82 105 107 96 103 106 133 167 146 82 62 72 69 50 40 32 27 26 26 26 29 32 37 38 30 27 26 26 35 56 73 78 84 76 62 58 61 61 64 69 76 75 89 95 72 53 61 58 45 59 95 82 31 17 17 19 31 32 20 23 41 46 32 37 48 40 23 32 33 20 22 34
115 128 131 141 118 81 80 108 130 138 136 116 88 74 72 70 68 65 62 59 62 62 56 59 93 117 115 130 148 142 140 174 205 157 101 85 71 46 38 32 30 37 49 60 67 72 73 69 63 58 51 47 60 75 71 67 75 72 55 50 51 50 55 69 80 82 92 87 69 68 76 70 61 83 99 67 30 15 11 16 42 36 14 20 40 43 30 48 52 33 23 34 34 19 25 36
90 73 63 109 102 56 61 99 104 117 130 139 145 147 135 114 97 79 58 49 54 46 32 41 79 97 71 104 137 116 101 116 167 194 172 136 103 74 58 42 35 45 57 63 67 71 70 68 69 68 63 57 66 74 70 75 88 100 92 76 57 46 46 53 57 59 69 65 58 66 74 71 66 89 88 50 28 18 18 24 52 48 17 18 34 38 29 55 54 27 23 37 35 16 28 37
101 81 65 107 104 52 44 67 42 43 53 92 134 138 122 102 91 83 61 48 62 60 47 42 67 88 77 101 83 32 40 52 71 109 152 146 106 83 71 60 53 62 78 91 94 94 94 84 67 57 53 50 51 63 61 72 84 103 98 82 67 58 62 70 69 61 61 62 56 61 71 64 55 80 71 34 23 20 21 23 56 67 36 25 29 32 29 55 53 24 25 41 32 11 27 35
