data/MicaCreek/Fire2/elevation.asc
ncols 108
nrows 47
xllcorner -1620000
yllcorner 438000
cellsize 100
NODATA_value -9999
[rows 0 to 36 of 47, columns 0 to 84 of 108]
1242 1239 1239 1236 1237 1241 1244 1244 1231 1230 1226 1213 1206 1194 1182 1154 1133 1107 1057 1048 1017 1007 950 935 927 911 903 895 881 842 823 792 811 800 794 787 762 754 739 720 712 707 684 658 636 626 637 647 652 659 671 680 689 738 758 781 794 810 803 807 831 849 868 905 929 942 946 944 939 921 935 1052 1098 1129 1188 1227 1269 1298 1323 1324 1325 1334 1342 1339 1366
1246 1264 1270 1272 1296 1305 1308 1272 1257 1252 1244 1233 1228 1215 1204 1176 1153 1130 1092 1074 1047 1035 1025 1013 999 971 958 946 905 871 841 805 842 831 821 817 792 774 759 749 736 724 711 681 663 654 633 632 630 645 652 656 659 702 729 751 761 781 790 796 806 819 838 848 864 871 873 876 876 906 954 1034 1069 1093 1159 1193 1228 1252 1273 1269 1270 1273 1290 1303 1311
1261 1267 1278 1288 1327 1335 1336 1324 1315 1308 1299 1279 1273 1235 1215 1196 1176 1157 1123 1101 1085 1062 1054 1041 1029 1005 989 971 938 914 872 859 911 909 863 838 824 807 792 775 763 742 720 703 684 671 660 660 657 656 661 665 657 650 676 723 740 750 753 767 798 804 809 813 829 840 845 856 882 909 928 967 993 1023 1090 1116 1174 1196 1225 1225 1220 1218 1228 1256 1270
1267 1275 1289 1304 1345 1354 1357 1349 1341 1332 1328 1306 1300 1287 1257 1240 1219 1200 1178 1134 1124 1098 1089 1072 1059 1037 1015 997 960 934 883 889 944 944 934 905 888 873 867 839 788 774 738 721 706 692 685 683 675 677 680 679 676 641 660 673 695 686 695 713 730 776 782 794 796 808 815 838 856 884 918 943 959 993 1057 1079 1099 1131 1135 1136 1139 1127 1166 1185 1201
1283 1305 1324 1340 1360 1372 1371 1367 1364 1356 1346 1328 1319 1308 1279 1259 1242 1237 1210 1197 1186 1170 1157 1140 1123 1059 1040 1019 976 938 892 923 979 973 972 943 917 901 897 875 847 824 791 787 769 754 705 696 686 684 684 681 679 646 642 650 663 668 676 686 692 698 712 745 754 766 782 806 820 844 890 915 943 973 1033 1050 1068 1093 1090 1090 1091 1089 1081 1082 1072
1299 1320 1336 1360 1378 1387 1388 1395 1401 1393 1371 1347 1335 1324 1297 1280 1280 1275 1246 1239 1223 1198 1188 1169 1154 1111 1092 1058 999 947 947 957 1015 1009 1007 982 960 932 926 900 886 868 829 817 801 784 759 742 730 706 701 698 683 666 655 643 651 659 662 667 671 677 689 721 742 751 759 765 792 804 844 875 908 963 1006 1019 1028 1049 1048 1054 1048 1034 1018 1019 1017
1307 1327 1344 1365 1386 1399 1405 1420 1420 1409 1397 1382 1372 1363 1334 1335 1335 1288 1279 1267 1258 1222 1212 1198 1165 1140 1108 1074 1006 957 983 1070 1085 1082 1066 1043 1022 972 948 934 918 900 859 850 835 807 786 772 752 733 725 719 693 688 681 676 652 648 658 660 663 668 675 696 719 732 738 758 775 785 833 864 892 923 932 934 934 947 957 1003 1000 987 979 968 959
1314 1339 1348 1374 1394 1409 1420 1439 1434 1427 1416 1400 1392 1380 1357 1362 1357 1339 1329 1318 1309 1283 1261 1220 1184 1156 1124 1090 1006 975 1004 1106 1113 1103 1094 1072 1055 1047 1016 995 975 945 915 913 873 839 822 797 782 764 756 749 722 707 694 687 676 662 660 660 660 656 662 686 702 715 728 736 757 771 826 849 865 876 882 882 882 885 900 902 895 891 884 878 873
1330 1349 1364 1389 1410 1428 1438 1462 1448 1442 1426 1414 1409 1393 1381 1380 1376 1358 1351 1338 1329 1302 1283 1262 1213 1181 1144 1102 1029 1017 1059 1135 1137 1130 1122 1097 1087 1078 1038 1014 998 972 940 934 930 910 892 880 866 839 795 782 754 740 719 702 699 689 676 666 667 667 660 678 686 697 702 701 704 719 800 820 824 826 832 839 836 834 848 854 853 848 841 838 830
1342 1355 1369 1394 1414 1433 1451 1464 1464 1458 1441 1433 1423 1407 1397 1399 1396 1378 1370 1357 1335 1319 1299 1275 1223 1189 1147 1064 1073 1115 1149 1185 1190 1183 1163 1124 1113 1101 1054 1039 1021 986 980 969 958 942 921 904 892 877 866 852 828 803 783 770 722 713 697 677 676 675 678 662 671 685 682 681 684 697 739 727 699 707 721 740 742 795 804 813 809 807 805 800 788
1352 1370 1380 1400 1418 1436 1457 1467 1470 1470 1454 1445 1433 1427 1435 1437 1431 1414 1404 1394 1349 1334 1311 1286 1239 1202 1153 1088 1120 1159 1191 1212 1212 1206 1185 1169 1153 1136 1102 1081 1065 1025 1025 1015 999 971 958 945 923 919 907 889 856 835 819 784 761 755 749 730 711 712 689 682 672 665 671 671 671 691 697 684 679 683 691 707 720 729 721 719 722 721 716 759 750
1374 1388 1394 1417 1431 1440 1477 1488 1487 1487 1469 1465 1450 1449 1457 1456 1449 1433 1421 1408 1378 1357 1336 1311 1247 1208 1156 1134 1168 1205 1222 1234 1231 1225 1207 1190 1173 1157 1127 1111 1101 1095 1091 1083 1072 1053 1042 980 960 958 942 924 885 867 844 809 777 780 777 753 744 744 728 719 719 714 711 700 679 677 677 683 692 698 687 685 700 700 689 687 689 689 687 697 695
1385 1397 1414 1425 1444 1475 1510 1518 1519 1501 1497 1490 1465 1469 1472 1469 1464 1447 1433 1419 1390 1369 1346 1321 1251 1208 1180 1240 1261 1272 1280 1285 1258 1251 1232 1217 1199 1181 1153 1140 1136 1128 1123 1113 1105 1083 1076 1067 1063 1035 1007 985 936 896 872 812 796 807 801 779 769 766 759 752 748 743 725 719 729 724 740 742 736 707 714 704 686 691 699 705 692 699 704 704 704
1397 1406 1420 1434 1459 1494 1526 1531 1527 1507 1503 1491 1483 1494 1496 1494 1481 1468 1444 1430 1398 1377 1354 1295 1255 1214 1230 1277 1291 1304 1307 1307 1302 1300 1279 1263 1243 1220 1179 1166 1165 1169 1160 1143 1127 1115 1107 1100 1096 1069 1045 989 960 930 894 863 877 878 863 813 788 788 787 781 773 759 743 741 742 744 772 771 718 716 737 755 792 800 804 799 732 721 724 745 751
1407 1413 1439 1446 1477 1507 1534 1536 1532 1513 1507 1498 1492 1503 1504 1502 1486 1473 1460 1447 1412 1390 1366 1309 1261 1241 1276 1310 1322 1331 1332 1331 1328 1320 1304 1292 1276 1244 1235 1228 1235 1228 1220 1220 1195 1152 1140 1130 1125 1099 1076 1017 977 924 896 905 912 904 887 877 872 860 859 843 830 779 759 754 756 770 791 798 739 721 743 768 811 822 833 839 835 823 809 810 829
1410 1417 1452 1471 1502 1517 1540 1544 1544 1521 1514 1506 1503 1513 1512 1509 1492 1478 1466 1452 1416 1394 1371 1313 1297 1329 1346 1356 1362 1366 1349 1350 1350 1346 1331 1322 1307 1285 1278 1272 1272 1267 1260 1258 1236 1224 1211 1202 1176 1144 1105 1025 973 926 922 946 957 949 916 904 901 894 896 881 858 816 793 806 810 788 794 800 772 730 735 763 808 824 847 861 854 841 836 836 850
1409 1425 1459 1480 1503 1527 1539 1545 1549 1545 1538 1533 1532 1533 1527 1517 1498 1482 1470 1439 1418 1397 1374 1316 1333 1360 1376 1381 1384 1389 1393 1396 1401 1399 1397 1393 1346 1331 1321 1328 1319 1309 1304 1289 1272 1258 1243 1215 1193 1155 1107 1027 1014 978 997 1036 1044 992 952 936 929 933 938 926 900 838 823 827 827 813 808 808 815 801 766 746 796 819 848 868 861 852 851 855 869
1412 1432 1469 1488 1506 1529 1540 1547 1552 1555 1550 1544 1536 1534 1527 1520 1499 1486 1472 1439 1419 1396 1372 1336 1365 1381 1397 1402 1403 1409 1420 1421 1425 1433 1433 1429 1428 1418 1417 1417 1413 1400 1347 1334 1312 1290 1271 1236 1200 1159 1103 1070 1055 1017 1061 1082 1085 1068 1025 1020 1021 995 980 954 925 866 853 851 842 840 834 829 846 843 806 759 793 817 831 859 865 870 884 904 897
1432 1454 1479 1496 1509 1536 1543 1547 1551 1555 1553 1549 1539 1534 1528 1518 1496 1485 1472 1439 1414 1385 1379 1399 1409 1418 1430 1417 1423 1430 1439 1446 1452 1463 1469 1471 1476 1471 1465 1471 1456 1442 1423 1407 1353 1326 1309 1256 1204 1172 1124 1114 1092 1047 1094 1117 1119 1102 1065 1052 1052 1016 1010 991 966 911 894 895 889 861 853 851 862 860 826 764 799 824 839 865 875 884 905 923 944
1442 1468 1484 1500 1514 1536 1543 1547 1557 1555 1554 1552 1540 1533 1525 1506 1496 1485 1470 1435 1404 1393 1405 1417 1424 1433 1447 1453 1462 1474 1490 1495 1504 1492 1505 1513 1519 1510 1510 1512 1491 1473 1456 1430 1371 1351 1335 1278 1246 1204 1185 1207 1173 1137 1111 1144 1154 1139 1105 1083 1077 1038 1028 1015 984 923 915 917 914 910 908 902 889 877 843 771 808 833 848 879 891 904 934 956 975
1444 1473 1488 1504 1519 1536 1546 1553 1559 1558 1555 1553 1540 1531 1526 1508 1497 1481 1468 1426 1403 1416 1424 1432 1442 1450 1463 1471 1482 1501 1509 1516 1525 1551 1562 1571 1579 1576 1569 1561 1511 1495 1474 1417 1394 1379 1356 1296 1260 1221 1251 1231 1199 1192 1147 1201 1217 1186 1159 1142 1098 1058 1039 1024 978 942 951 947 943 939 936 918 909 893 852 788 831 860 904 921 940 926 964 988 1015
1453 1481 1498 1513 1520 1540 1549 1559 1564 1559 1555 1551 1538 1530 1523 1504 1492 1478 1461 1423 1431 1446 1460 1469 1476 1466 1479 1491 1501 1519 1529 1538 1548 1574 1583 1591 1595 1592 1585 1576 1543 1526 1506 1473 1455 1432 1379 1311 1275 1248 1280 1255 1253 1241 1187 1227 1239 1214 1201 1179 1151 1082 1074 1076 1033 1017 1025 979 968 963 960 939 928 910 867 795 838 873 934 961 981 1000 1042 1070 1101
1460 1489 1504 1516 1530 1558 1563 1568 1565 1559 1555 1550 1536 1529 1523 1499 1488 1475 1457 1440 1450 1456 1475 1481 1488 1497 1519 1529 1538 1553 1562 1556 1565 1590 1601 1606 1608 1605 1601 1590 1560 1540 1521 1490 1476 1452 1421 1360 1333 1318 1335 1326 1297 1273 1228 1251 1256 1236 1223 1204 1176 1116 1110 1093 1047 1054 1063 1056 1039 1025 1013 983 968 930 886 804 844 884 958 996 1030 1048 1095 1120 1149
1462 1496 1511 1527 1558 1567 1565 1569 1563 1557 1552 1536 1528 1523 1517 1497 1487 1473 1452 1458 1463 1465 1486 1493 1500 1519 1532 1540 1551 1567 1575 1584 1610 1618 1622 1628 1631 1617 1613 1586 1574 1556 1540 1510 1494 1469 1414 1387 1363 1350 1348 1339 1327 1276 1264 1265 1260 1240 1228 1213 1192 1148 1136 1115 1063 1091 1097 1087 1071 1060 1042 1007 983 947 891 819 850 894 993 1027 1066 1093 1154 1186 1208
1475 1504 1522 1541 1563 1568 1568 1567 1561 1555 1548 1532 1527 1521 1514 1494 1487 1483 1474 1482 1487 1491 1496 1505 1516 1532 1544 1552 1559 1579 1587 1598 1624 1630 1634 1641 1643 1640 1632 1608 1594 1584 1573 1528 1511 1491 1441 1415 1394 1383 1365 1355 1344 1303 1288 1272 1259 1240 1228 1221 1196 1180 1155 1132 1090 1120 1128 1117 1099 1082 1066 1037 1005 963 840 823 858 910 1013 1038 1105 1203 1248 1285 1323
1482 1517 1537 1551 1563 1566 1567 1569 1558 1551 1545 1531 1526 1517 1511 1498 1495 1494 1485 1493 1498 1500 1517 1531 1537 1557 1564 1568 1569 1589 1596 1610 1635 1641 1646 1653 1655 1652 1643 1614 1598 1587 1578 1544 1528 1511 1477 1460 1444 1412 1387 1368 1351 1324 1302 1276 1260 1246 1241 1238 1201 1175 1151 1121 1178 1216 1218 1200 1180 1155 1097 1053 1025 980 854 831 870 926 1040 1075 1098 1194 1256 1305 1338
1509 1529 1545 1555 1564 1566 1567 1562 1553 1547 1539 1528 1525 1520 1509 1509 1505 1500 1494 1500 1507 1516 1527 1539 1547 1563 1570 1577 1584 1606 1620 1633 1655 1670 1677 1666 1669 1664 1655 1618 1600 1589 1576 1536 1523 1510 1485 1470 1459 1446 1405 1383 1370 1336 1310 1273 1260 1250 1253 1250 1200 1173 1143 1120 1219 1246 1247 1224 1197 1162 1125 1063 1029 984 881 847 878 941 1060 1108 1154 1182 1239 1293 1341
1515 1534 1551 1560 1560 1563 1564 1557 1551 1544 1535 1529 1525 1527 1526 1520 1516 1511 1506 1512 1511 1525 1534 1544 1552 1569 1576 1583 1603 1618 1630 1642 1670 1682 1691 1694 1690 1680 1665 1624 1606 1591 1553 1529 1519 1509 1485 1470 1460 1434 1421 1400 1385 1356 1343 1311 1276 1278 1281 1280 1230 1182 1143 1201 1250 1274 1274 1234 1196 1156 1091 1058 1022 985 891 854 901 1017 1076 1132 1207 1283 1230 1277 1400
1524 1539 1551 1560 1563 1560 1561 1554 1549 1544 1536 1532 1529 1532 1530 1525 1524 1520 1513 1516 1522 1538 1547 1554 1561 1574 1580 1590 1609 1623 1637 1653 1678 1693 1703 1703 1698 1684 1669 1625 1609 1600 1562 1537 1521 1507 1475 1463 1455 1435 1421 1401 1384 1375 1363 1340 1300 1300 1297 1289 1225 1182 1176 1257 1295 1313 1308 1248 1195 1153 1093 1052 1019 982 895 860 904 1031 1100 1159 1222 1325 1339 1349 1370
1529 1547 1557 1562 1568 1568 1563 1546 1541 1537 1532 1535 1533 1536 1534 1532 1526 1522 1528 1526 1529 1545 1552 1559 1567 1580 1588 1598 1624 1636 1652 1671 1691 1710 1714 1711 1701 1685 1670 1629 1613 1604 1567 1546 1533 1524 1486 1462 1452 1436 1424 1411 1400 1379 1369 1356 1318 1311 1307 1287 1214 1185 1210 1281 1316 1332 1329 1256 1210 1162 1082 1040 1003 967 889 863 904 1035 1107 1172 1231 1353 1385 1403 1408
1535 1550 1558 1570 1573 1567 1560 1546 1541 1534 1538 1542 1539 1538 1537 1530 1529 1521 1533 1535 1540 1550 1559 1567 1577 1583 1592 1605 1630 1646 1664 1700 1720 1730 1732 1724 1709 1695 1658 1634 1618 1607 1572 1553 1542 1517 1490 1462 1452 1437 1430 1416 1380 1367 1357 1348 1318 1305 1290 1238 1207 1223 1247 1301 1337 1356 1344 1275 1222 1170 1072 1028 994 961 909 879 893 1036 1096 1167 1238 1364 1404 1442 1456
1546 1556 1561 1575 1573 1563 1556 1546 1539 1536 1540 1543 1540 1539 1535 1536 1535 1529 1538 1547 1554 1562 1567 1573 1584 1590 1598 1611 1639 1660 1678 1712 1732 1737 1740 1734 1717 1702 1668 1651 1631 1620 1595 1578 1549 1519 1493 1468 1453 1447 1440 1417 1375 1364 1353 1345 1314 1297 1277 1265 1284 1292 1307 1352 1382 1372 1330 1299 1248 1192 1080 1029 993 935 911 890 903 1029 1114 1176 1310 1356 1423 1480 1572
1547 1556 1564 1567 1560 1555 1549 1540 1543 1544 1540 1544 1542 1543 1539 1539 1538 1535 1539 1550 1557 1564 1574 1580 1593 1601 1610 1627 1659 1668 1687 1726 1743 1747 1750 1744 1726 1707 1675 1659 1641 1629 1611 1597 1579 1535 1521 1508 1493 1471 1453 1433 1381 1365 1348 1336 1296 1279 1265 1305 1316 1318 1328 1378 1398 1391 1340 1314 1282 1243 1117 1045 1007 942 916 892 925 1052 1117 1190 1316 1363 1425 1488 1600
1548 1558 1563 1562 1558 1552 1545 1544 1548 1549 1542 1540 1537 1538 1544 1542 1543 1545 1546 1555 1562 1569 1578 1584 1599 1606 1617 1651 1671 1691 1714 1746 1757 1766 1775 1768 1736 1719 1687 1670 1654 1637 1620 1610 1592 1550 1535 1525 1509 1487 1483 1462 1402 1361 1326 1301 1275 1269 1287 1324 1335 1342 1358 1401 1408 1397 1342 1314 1282 1242 1131 1082 1027 957 921 908 944 1036 1106 1187 1315 1372 1426 1494 1609
1549 1558 1560 1558 1555 1552 1548 1545 1546 1549 1544 1541 1540 1545 1549 1553 1553 1551 1557 1560 1570 1573 1582 1590 1602 1610 1623 1658 1681 1701 1722 1752 1765 1779 1793 1778 1758 1739 1706 1694 1676 1654 1629 1618 1600 1558 1544 1527 1506 1498 1493 1469 1391 1342 1309 1306 1325 1341 1356 1375 1389 1407 1436 1422 1421 1403 1348 1313 1275 1178 1140 1102 1056 974 929 923 1009 1057 1133 1201 1317 1376 1427 1545 1591
1548 1549 1552 1549 1553 1553 1550 1547 1546 1545 1545 1541 1540 1551 1553 1557 1556 1551 1558 1563 1573 1578 1586 1597 1605 1620 1636 1666 1686 1708 1731 1759 1779 1793 1802 1786 1762 1744 1710 1698 1683 1672 1654 1640 1626 1596 1582 1567 1524 1512 1492 1458 1366 1325 1311 1352 1364 1375 1383 1423 1434 1445 1465 1464 1440 1422 1360 1330 1300 1176 1144 1111 1069 983 935 935 1025 1066 1123 1191 1300 1359 1405 1509 1567
1544 1546 1547 1545 1551 1553 1549 1547 1543 1542 1536 1537 1542 1557 1557 1559 1555 1551 1557 1566 1573 1578 1586 1596 1612 1629 1644 1682 1703 1726 1743 1779 1795 1801 1807 1789 1766 1746 1720 1709 1701 1684 1675 1659 1644 1611 1597 1576 1515 1477 1443 1415 1344 1353 1338 1381 1390 1402 1413 1460 1468 1483 1496 1478 1454 1434 1369 1341 1316 1211 1152 1106 1073 986 941 941 1033 1086 1145 1209 1322 1388 1436 1515 1562
