data/MicaCreek/Fire2/saz.asc
ncols 108
nrows 47
xllcorner -1620000
yllcorner 438000
cellsize 100
NODATA_value -9999
338 352 359 353 350 355 5 21 17 9 22 21 20 26 39 40 34 45 37 23 22 28 27 13 17 18 12 21 45 50 52 15 347 17 15 30 29 20 26 22 14 25 46 48 32 358 230 200 196 206 204 197 224 229 217 213 212 199 182 204 211 204 209 212 201 188 184 180 175 187 263 270 259 250 243 231 222 213 196 180 182 185 183 186 172 160 176 172 161 168 167 140 136 169 171 163 169 164 167 173 172 160 138 144 210 221 196 151 
308 331 347 336 340 353 11 22 12 8 16 16 22 35 46 49 45 50 44 34 32 26 20 13 19 21 16 31 44 45 45 354 343 15 20 28 33 28 28 25 26 37 48 45 32 27 18 353 300 260 233 201 218 218 214 213 207 199 192 212 219 211 205 201 195 187 184 186 202 246 255 238 212 221 223 216 213 206 192 178 181 188 193 196 171 159 173 164 158 174 175 153 148 165 167 169 176 164 155 160 168 150 131 136 212 222 192 157 
297 307 315 306 315 347 14 20 11 10 17 17 23 34 34 34 31 35 37 31 28 24 19 23 31 33 29 44 48 50 43 335 335 16 24 21 19 16 16 25 32 41 50 45 36 30 15 5 0 345 344 3 100 207 219 213 197 188 191 202 209 205 197 199 199 193 197 217 241 246 238 221 208 222 221 211 208 199 188 179 177 186 197 196 173 161 168 155 151 170 172 158 158 161 162 174 179 167 162 165 170 161 142 147 206 214 184 160 
306 324 327 312 310 342 9 19 17 17 29 29 25 35 34 30 27 28 33 24 18 17 14 16 28 39 37 50 60 70 51 311 321 13 24 24 19 13 17 31 31 31 30 20 20 23 22 16 12 353 353 12 66 111 224 211 192 184 195 200 203 198 194 196 194 195 204 214 217 226 231 226 226 241 236 214 210 197 184 180 177 185 193 188 179 176 174 167 164 172 166 155 160 155 155 166 170 163 163 169 171 167 151 159 195 191 177 166 
306 320 324 318 317 341 2 5 10 19 34 36 28 47 50 35 20 26 29 18 18 17 16 18 35 40 30 49 65 66 17 311 323 6 23 34 30 20 26 38 29 30 25 15 18 28 29 17 18 11 7 25 67 66 228 213 204 195 207 202 200 197 203 207 199 202 207 209 209 220 222 218 231 246 237 208 210 197 180 181 175 176 182 181 176 179 179 175 178 181 171 166 169 166 165 161 158 155 160 170 169 160 151 165 183 178 173 166 
292 300 299 300 310 336 347 350 6 25 35 30 21 35 34 13 14 30 27 17 30 32 26 34 48 44 37 59 72 52 341 326 340 5 17 25 29 28 28 33 28 38 34 21 29 37 31 20 25 22 11 29 50 37 20 11 233 210 209 201 199 208 226 228 217 208 208 217 215 226 232 228 235 232 208 189 192 188 187 186 171 167 172 175 170 177 182 174 179 185 175 171 172 173 168 167 167 166 171 180 179 157 148 163 171 163 163 163 
286 294 290 288 297 321 328 339 14 32 35 27 19 33 24 2 22 31 17 14 26 28 26 45 56 57 60 76 80 39 308 319 350 9 20 25 28 28 22 20 23 35 27 18 33 37 33 31 34 26 13 30 38 26 22 27 33 346 255 215 203 208 229 232 220 209 214 227 224 243 252 242 229 209 190 182 185 187 192 187 174 171 173 174 178 183 176 171 183 193 177 168 167 164 159 165 172 171 174 184 186 172 170 169 162 166 167 164 
291 302 300 297 305 319 319 339 22 33 41 34 30 43 24 1 30 28 16 16 27 31 33 47 53 55 63 75 72 359 299 302 359 19 32 34 25 28 29 24 29 37 25 18 29 24 19 17 18 20 18 28 33 26 30 31 29 18 10 6 355 214 243 240 223 212 203 203 203 231 242 220 203 192 185 180 181 189 192 183 175 174 174 174 184 185 173 178 189 188 182 174 164 154 150 162 174 171 169 179 188 184 179 169 154 169 181 175 
299 302 296 293 298 309 310 337 26 35 43 31 35 43 19 4 29 33 27 34 48 52 48 57 61 64 81 84 43 344 319 321 2 13 30 34 21 43 54 41 46 48 28 17 24 22 18 15 17 23 19 20 23 20 19 21 25 25 30 24 3 8 304 233 217 206 188 188 197 225 219 185 181 184 185 182 185 194 191 181 175 173 172 171 177 176 175 186 190 182 183 179 168 161 159 170 181 177 169 176 199 198 172 160 148 163 188 186 
304 304 293 284 282 286 291 316 20 38 41 32 38 28 5 2 21 25 20 38 53 54 57 70 73 75 86 76 344 333 327 333 2 18 34 31 20 41 43 28 38 34 15 14 23 30 27 25 25 22 18 21 25 22 22 31 29 17 23 19 6 8 22 12 220 198 180 182 209 230 202 171 176 186 190 188 195 196 185 181 178 177 181 178 165 164 180 200 188 172 173 173 170 169 169 174 189 187 175 188 201 189 168 153 136 350 351 348 
313 320 309 299 295 289 300 333 0 33 39 33 31 5 355 4 22 26 22 43 50 44 51 66 73 78 75 27 322 321 324 336 7 31 40 32 26 40 38 24 27 17 6 11 17 18 20 27 19 13 21 35 40 33 40 51 33 10 20 23 9 12 23 13 5 359 3 25 251 224 186 158 174 214 207 206 205 188 178 180 180 177 189 188 168 169 185 193 186 169 160 164 169 183 218 338 315 304 331 338 340 308 340 347 342 346 352 357 
314 321 315 307 311 308 319 348 5 25 26 28 25 351 350 11 34 41 40 56 56 48 53 71 80 81 47 351 335 336 341 356 15 28 37 35 36 45 42 23 18 11 7 11 17 16 21 22 11 12 19 32 39 35 52 61 31 2 27 33 12 15 19 9 6 7 11 16 6 348 352 357 1 8 4 237 199 176 167 175 180 181 210 196 173 225 276 152 187 186 -1 353 352 343 348 356 350 345 346 355 359 355 348 338 336 343 346 358 
307 310 307 302 304 307 318 350 22 37 27 40 21 348 357 14 34 45 49 63 68 65 79 90 89 69 349 334 341 345 350 7 16 18 25 25 28 39 39 18 8 8 14 19 26 23 21 15 13 21 29 42 46 43 53 42 3 0 24 34 17 10 14 10 11 25 28 8 2 350 348 8 34 14 353 357 354 356 358 12 20 354 344 349 348 333 359 25 9 334 334 349 351 341 350 1 353 347 348 356 2 358 347 333 329 339 338 1 
315 306 306 304 297 295 303 352 57 63 55 58 5 340 0 25 45 52 50 60 66 64 80 89 83 31 322 320 336 345 354 9 13 18 25 23 30 37 27 7 0 5 10 15 23 23 14 11 26 38 51 62 64 66 54 16 356 6 26 27 11 3 6 10 21 39 31 0 348 328 333 44 71 341 318 331 343 353 356 15 18 3 354 350 349 347 3 14 9 348 338 353 351 337 344 358 351 344 345 353 7 2 350 340 338 348 354 14 
311 297 307 312 302 295 297 358 56 61 50 45 344 328 5 51 67 65 56 66 71 69 78 76 42 352 331 333 344 354 3 3 10 25 29 26 34 30 15 2 0 6 7 13 24 19 10 11 24 37 57 70 80 83 32 349 357 20 31 19 9 4 7 15 33 43 19 357 356 334 320 53 61 7 276 276 286 318 337 11 16 9 0 348 342 351 4 5 5 355 350 5 1 339 339 350 347 338 337 343 359 354 348 341 338 349 10 25 
283 285 293 302 297 292 291 338 42 40 23 16 352 348 15 53 69 69 80 90 87 81 84 72 358 339 339 344 349 1 5 358 3 11 12 19 29 20 7 2 4 9 8 19 26 18 15 21 36 52 74 79 67 39 348 344 4 28 31 15 9 2 9 24 45 47 12 352 7 5 331 38 42 24 330 261 257 267 291 343 33 29 7 339 321 333 352 358 1 354 353 10 6 353 348 350 355 352 354 351 346 343 342 334 331 344 21 31 
286 283 286 287 281 281 280 291 15 25 19 14 1 6 38 67 76 75 87 94 91 87 84 54 324 323 335 348 349 353 357 355 357 3 5 16 19 9 2 1 6 12 16 21 25 24 36 53 69 81 83 65 39 11 338 344 10 30 24 8 5 3 11 29 52 52 12 355 19 19 3 358 13 25 32 291 261 256 256 262 39 9 349 344 332 322 334 352 355 346 348 3 2 0 352 347 358 0 2 358 349 348 347 343 349 357 19 37 
308 295 292 291 282 281 286 283 303 19 35 41 48 73 86 89 90 86 87 90 96 97 66 5 332 332 342 355 347 340 345 351 348 353 1 8 9 5 0 1 8 19 20 21 29 28 42 61 74 80 69 39 35 0 323 340 14 33 24 5 11 17 21 35 51 45 11 4 16 19 11 347 351 36 58 13 276 271 264 269 336 336 332 342 342 329 336 352 351 350 353 354 357 5 349 340 0 6 1 353 349 351 347 345 0 4 11 32 
305 301 294 290 282 280 284 280 287 6 58 66 75 90 104 105 99 93 92 96 100 84 3 344 338 335 349 358 347 343 346 351 351 350 353 356 2 6 359 6 19 26 24 35 46 33 49 62 60 55 30 14 27 7 323 334 10 36 34 12 33 42 29 39 55 50 12 4 17 16 7 357 357 46 72 53 283 292 292 299 325 319 318 330 336 327 331 346 346 354 359 352 0 5 348 347 8 12 356 341 343 350 345 342 355 0 17 38 
287 288 288 286 281 276 283 295 310 26 57 79 87 97 100 100 96 95 97 99 91 7 333 329 332 325 338 348 340 339 345 348 351 350 349 352 0 5 1 17 34 33 50 70 62 38 57 64 56 36 5 12 27 21 344 330 6 30 29 22 43 51 38 60 75 61 6 3 13 10 8 11 18 53 75 48 295 311 318 326 342 326 317 326 328 325 329 340 340 348 353 346 3 5 341 354 12 7 357 345 346 357 355 347 349 355 30 49 
286 286 293 291 282 280 293 303 329 51 76 92 95 99 95 94 99 103 99 91 22 339 339 341 345 335 327 332 325 326 337 338 334 338 346 349 358 7 8 34 45 35 52 53 33 32 60 70 64 19 353 27 27 32 358 324 8 31 26 28 47 49 26 43 51 20 5 14 9 7 20 32 35 59 76 46 293 304 318 334 348 338 329 336 333 336 349 353 344 344 345 337 5 5 330 350 8 4 356 344 346 1 0 353 355 1 23 42 
291 289 296 296 293 301 317 319 8 75 93 98 98 100 99 103 107 104 94 64 340 329 335 342 351 343 334 340 333 333 344 341 318 317 335 340 357 17 26 52 51 38 47 39 27 39 57 55 38 359 354 21 17 36 7 317 17 39 31 38 52 46 14 36 36 3 8 18 10 8 19 27 31 57 75 56 282 286 300 325 340 335 332 337 329 334 357 0 351 353 351 347 3 7 339 342 2 5 350 338 346 355 353 351 356 9 29 47 
284 285 295 303 307 316 329 334 78 101 116 118 118 119 103 100 102 100 85 19 332 313 313 330 336 332 332 338 332 332 347 343 327 327 339 346 5 20 40 64 60 50 55 51 46 60 64 50 27 0 357 21 34 50 16 329 32 53 47 52 61 48 20 54 42 346 6 18 14 13 26 33 42 64 77 61 282 283 294 316 327 323 324 333 324 328 351 353 350 356 353 351 5 10 351 346 358 2 352 347 354 351 346 348 355 26 56 67 
288 288 301 302 304 318 325 96 106 112 115 120 127 125 105 99 89 74 38 348 345 327 316 327 320 315 318 321 310 314 334 326 326 337 341 346 9 21 43 57 45 36 46 50 46 64 68 51 31 14 15 36 56 56 23 4 72 82 73 68 64 48 35 58 27 333 2 23 26 27 41 48 56 82 94 86 282 282 289 304 314 324 331 340 339 343 345 340 344 356 354 352 10 8 345 343 357 1 353 351 358 354 352 354 3 46 78 81 
293 293 304 297 286 283 -1 96 106 115 106 102 107 111 99 87 52 40 8 340 347 336 327 332 324 321 331 333 310 307 319 303 307 335 335 339 7 22 47 55 44 37 54 57 45 56 49 31 26 28 33 39 59 54 41 60 81 77 52 62 71 67 71 51 352 342 3 14 18 26 44 53 59 83 92 302 283 281 287 299 292 302 319 328 337 351 351 344 346 356 0 1 10 5 333 329 353 0 355 348 349 350 354 3 24 70 77 43 
297 299 302 294 281 255 186 115 114 121 110 104 100 98 86 55 22 31 2 325 334 326 320 328 320 318 332 338 316 313 325 311 316 340 348 350 2 26 62 75 75 77 84 81 68 65 53 32 31 40 46 46 58 61 67 81 83 58 21 62 82 96 101 325 320 343 6 19 26 40 57 65 72 80 77 336 284 280 288 308 287 269 265 274 295 330 352 345 346 355 5 5 5 7 344 330 348 359 1 352 339 338 353 32 73 86 69 5 
293 296 295 291 270 229 152 124 118 118 111 104 79 53 37 23 20 28 0 328 323 314 306 306 299 297 313 321 314 315 322 311 314 334 354 2 7 29 66 76 75 94 106 108 108 91 81 68 64 65 59 47 54 56 55 58 47 13 2 52 71 82 63 308 303 333 26 57 74 87 90 89 89 85 79 350 291 289 290 304 311 306 271 267 284 302 340 339 340 352 1 0 4 10 356 332 338 352 358 0 352 350 9 53 76 79 56 346 
285 286 285 287 259 205 139 116 110 102 94 77 26 14 24 22 23 28 1 334 316 310 315 312 299 297 307 302 301 302 304 297 299 316 345 6 23 48 75 80 73 84 93 94 93 96 100 106 101 93 76 65 62 48 41 47 33 0 2 57 75 74 344 313 317 341 38 71 87 97 101 101 96 90 85 338 284 288 292 293 301 331 342 296 279 270 288 317 332 349 354 358 8 16 9 331 320 332 349 0 357 6 40 66 70 55 14 359 
287 291 288 292 338 16 101 119 132 117 99 53 1 353 34 35 33 29 2 340 312 308 317 315 303 300 307 297 298 305 307 302 301 316 340 19 60 77 85 84 73 76 76 67 59 75 87 103 100 90 81 73 63 52 48 57 44 5 25 85 93 73 309 303 318 345 52 75 81 87 94 102 104 96 91 293 272 275 283 285 283 307 349 328 288 260 257 276 308 341 348 354 4 9 15 356 311 308 332 5 12 53 75 73 65 32 354 15 
284 290 296 307 346 47 92 108 130 127 63 7 3 358 42 53 64 6 343 346 311 300 308 311 304 301 302 294 298 308 308 312 318 330 357 33 61 81 90 85 71 79 79 65 58 73 80 85 92 84 71 75 90 103 96 82 74 68 115 110 98 7 303 295 308 344 64 76 75 85 95 106 108 96 86 330 270 269 270 273 276 285 322 339 330 313 293 271 278 311 324 338 356 4 19 12 336 320 336 24 45 72 79 74 61 14 345 49 
289 293 292 303 33 104 103 96 96 74 317 354 23 29 68 53 50 338 313 338 323 315 315 311 309 305 297 288 291 303 300 306 320 335 7 42 58 75 81 70 56 65 63 52 68 86 86 82 78 65 63 89 107 125 125 104 100 120 116 90 25 345 320 310 323 9 74 74 70 80 88 96 101 98 82 18 271 269 271 278 282 281 295 322 337 345 348 293 270 263 276 294 328 351 18 13 350 333 353 50 57 69 67 52 36 359 3 60 
285 293 282 249 136 129 119 109 74 9 306 341 45 45 45 17 33 345 302 312 316 314 316 308 311 319 310 298 299 304 293 294 311 334 11 51 63 73 71 58 51 54 49 43 57 64 55 41 32 33 50 77 85 96 110 108 112 126 94 4 352 345 322 313 335 50 77 68 59 68 74 75 86 93 87 19 278 275 278 281 283 280 280 296 320 354 1 339 301 278 276 281 301 322 359 10 354 347 37 71 71 75 63 45 24 351 16 69 
280 277 261 178 139 132 122 102 354 16 8 -1 141 -1 16 5 17 350 304 295 298 297 304 302 305 315 308 304 308 313 301 301 322 341 3 42 60 70 69 59 56 57 53 46 58 57 37 29 32 33 37 61 71 92 126 128 127 134 304 318 341 340 310 303 341 69 78 73 67 74 74 65 71 76 72 339 280 273 270 271 272 275 274 275 285 334 350 358 347 311 285 287 299 305 334 359 358 24 74 85 89 95 90 60 5 341 40 79 
286 271 231 144 120 105 90 9 311 45 68 108 -1 300 341 358 0 350 324 308 309 302 299 294 293 298 291 294 303 308 300 300 319 331 0 43 53 57 55 43 46 54 56 55 70 68 50 57 63 44 39 70 85 105 125 116 43 354 331 329 345 343 331 324 7 78 85 90 102 100 86 65 68 73 65 319 290 279 274 272 272 273 277 278 275 281 306 349 6 341 302 293 299 296 308 339 29 86 94 73 64 61 30 16 345 348 56 81 
266 234 185 161 140 86 63 29 245 122 84 66 321 315 330 349 8 340 313 304 305 304 299 296 294 300 289 286 290 291 287 290 307 316 4 59 60 64 61 48 48 49 44 41 57 50 32 47 57 48 74 94 102 112 98 349 349 346 336 337 345 340 344 1 28 71 77 75 91 99 91 71 74 77 67 298 292 287 276 270 266 261 266 267 258 254 275 313 356 358 324 292 293 294 296 314 82 91 76 45 36 28 10 3 355 19 74 85 
233 207 178 181 206 93 78 82 155 156 142 150 285 304 327 340 65 281 277 284 287 288 284 287 294 300 293 292 298 298 294 298 312 315 23 74 78 79 73 56 50 45 37 33 47 43 30 55 79 119 131 114 106 88 342 324 339 339 324 328 342 334 349 27 43 69 74 64 75 78 78 83 84 84 74 281 279 282 276 272 272 275 270 262 256 261 272 288 327 357 352 324 314 306 313 349 57 65 50 43 10 11 10 3 26 78 98 95 
219 204 190 242 259 123 112 112 113 130 150 233 273 267 212 210 50 345 285 270 266 266 273 281 285 289 288 291 300 301 302 305 317 325 19 57 64 64 52 37 43 48 47 60 75 76 84 98 108 125 130 121 105 8 334 327 342 343 334 339 350 341 7 53 75 88 83 71 77 73 69 82 90 88 78 277 277 284 282 275 274 281 281 277 272 269 268 267 270 307 340 342 335 312 311 352 43 51 38 21 352 359 9 26 75 90 90 90 
221 216 229 248 225 143 137 153 104 104 -1 293 279 232 188 236 293 345 310 282 271 274 282 288 281 279 281 283 290 292 298 307 314 321 12 51 61 57 38 32 42 49 45 68 83 95 108 106 102 101 101 100 7 331 328 329 339 335 335 352 1 4 45 72 89 97 90 81 84 80 72 84 97 95 80 275 273 272 272 268 256 240 247 254 252 257 261 255 247 262 284 324 323 300 287 309 51 55 33 12 353 0 10 52 81 89 95 97 
235 233 220 194 183 169 167 176 127 112 308 305 310 330 -1 275 264 225 262 272 272 275 279 293 302 291 284 287 300 297 300 313 315 317 11 59 71 69 38 35 51 53 45 68 81 94 101 102 106 114 99 62 331 324 317 321 328 319 325 356 10 43 74 87 92 93 92 93 94 94 89 89 92 90 78 272 268 260 261 262 249 240 251 259 265 274 276 267 252 247 228 195 217 241 234 225 117 52 27 12 355 1 31 78 89 92 96 98 
243 225 196 154 178 208 212 146 132 307 310 313 329 9 352 286 259 254 274 278 276 275 276 287 301 298 294 293 299 293 299 324 325 330 8 47 67 74 33 46 65 62 57 81 92 99 100 101 109 122 88 355 333 330 322 324 333 328 333 10 56 87 92 97 95 95 97 96 93 93 90 82 74 66 62 275 265 255 257 261 267 273 274 276 284 282 277 266 244 225 202 193 218 218 204 210 216 357 18 6 359 19 63 82 83 82 86 85 
201 217 192 128 265 288 155 139 185 296 309 316 331 15 14 306 251 261 268 271 282 287 280 280 284 286 291 292 289 282 287 313 314 321 13 51 63 61 30 37 56 57 61 83 90 97 106 108 106 98 332 330 331 327 323 322 329 339 5 59 98 106 104 102 96 95 99 101 96 84 67 71 70 63 52 294 267 253 257 259 259 267 270 263 251 252 245 220 213 206 198 218 233 220 211 222 230 218 198 269 349 56 82 91 90 88 89 86 
266 307 32 86 229 174 164 166 268 292 310 318 337 41 71 -1 203 225 239 261 281 288 279 278 284 282 285 290 286 280 283 296 293 293 29 60 61 52 21 19 53 73 87 93 94 99 105 108 101 30 307 316 326 312 313 316 316 348 52 80 99 107 108 105 100 100 110 109 105 89 67 74 75 67 58 306 260 246 254 254 248 258 261 245 228 226 216 201 201 198 208 232 232 227 230 238 232 205 192 206 216 109 94 101 102 95 88 79 
308 339 67 115 162 152 188 263 294 301 322 323 -1 106 113 143 181 206 256 279 282 273 271 276 287 284 284 285 281 279 286 301 298 307 12 43 54 44 17 36 75 95 103 101 102 105 98 91 43 343 321 328 340 324 322 328 325 19 75 86 92 99 106 107 104 103 111 107 104 103 91 84 77 61 65 63 252 248 259 262 258 259 254 233 219 218 213 203 201 203 218 218 212 218 217 216 212 200 189 218 236 159 92 90 90 88 84 75 
293 94 110 136 154 151 272 298 302 305 326 135 151 151 147 155 195 270 281 277 274 284 286 285 286 279 277 280 289 292 293 298 294 309 28 79 88 79 74 95 100 106 115 115 112 109 94 70 346 332 327 333 338 324 328 342 347 65 93 99 96 97 102 104 103 99 98 101 104 112 109 98 85 68 74 75 255 244 254 252 237 245 245 224 212 224 227 212 214 225 222 207 215 222 209 205 209 200 192 225 242 222 87 83 79 76 76 75 
213 151 141 156 174 217 273 284 285 264 169 138 144 155 161 187 275 300 292 272 273 287 292 291 285 276 276 284 287 291 292 286 277 231 146 134 130 138 143 130 127 133 128 126 125 120 94 22 329 318 320 334 329 307 307 341 36 90 101 104 99 95 91 94 99 98 94 93 93 87 90 94 92 89 86 81 272 260 254 239 219 232 230 206 205 219 212 203 222 229 211 219 239 229 209 212 210 201 217 252 252 231 96 77 53 53 65 60 
159 144 149 169 204 243 264 262 240 180 176 150 140 155 178 252 282 287 275 270 276 278 280 284 284 280 281 294 286 283 287 281 258 161 152 137 129 138 140 128 129 138 121 114 116 111 20 337 333 324 326 348 345 313 302 319 81 96 100 98 97 95 91 90 91 89 82 75 63 44 69 80 82 88 90 83 300 299 288 259 224 230 223 205 213 218 203 206 223 216 200 216 223 215 213 213 208 218 257 268 250 215 135 71 33 53 66 49 
143 132 145 177 228 246 249 242 209 169 172 164 158 174 220 275 294 309 284 278 281 279 279 281 287 290 288 292 286 282 280 262 176 142 149 142 137 141 137 119 114 120 101 95 86 36 326 321 328 324 330 0 2 340 332 353 90 101 107 100 93 93 93 89 85 78 70 66 60 57 79 86 87 89 89 78 296 299 313 340 334 250 230 214 225 223 209 217 223 214 203 215 216 213 209 207 219 239 252 243 216 203 204 31 29 66 68 47 
