data/MicaCreek/Fire2/slope.asc
ncols 108
nrows 47
xllcorner -1620000
yllcorner 438000
cellsize 100
NODATA_value -9999
19 22 25 29 36 40 38 31 25 23 24 25 26 27 35 41 40 52 54 51 47 50 53 50 49 46 42 38 40 38 32 20 25 28 28 35 39 33 33 32 28 26 31 32 22 9 9 18 21 22 23 26 39 45 34 29 30 30 27 30 38 40 42 46 47 47 49 53 50 30 56 71 40 53 58 52 52 58 66 73 74 71 63 53 46 49 50 57 66 60 50 53 50 36 40 45 43 41 47 60 66 68 74 55 55 72 56 59 
14 16 20 31 43 46 45 45 41 39 37 35 32 27 27 31 31 40 40 36 36 39 49 53 53 50 44 43 46 44 41 35 48 50 39 33 34 31 30 29 26 24 28 31 27 22 13 6 4 8 8 9 26 46 47 37 31 29 25 24 24 26 35 45 51 51 49 41 29 27 57 67 59 69 71 64 60 55 50 50 53 56 54 48 48 53 51 57 64 61 60 61 54 46 51 49 41 39 41 41 40 43 50 37 34 57 55 59 
16 12 14 27 31 25 28 38 41 41 42 39 39 40 36 37 39 44 47 41 39 36 33 33 35 37 33 37 42 44 39 42 54 57 58 51 50 52 52 46 36 30 28 26 25 24 25 24 21 17 14 11 2 24 44 43 40 44 46 45 40 30 27 30 33 32 28 24 25 31 44 54 58 70 69 67 70 67 67 66 67 68 67 61 52 46 41 48 52 48 52 58 52 48 51 50 50 54 56 54 51 49 49 38 32 42 45 51 
21 22 26 33 29 18 19 22 24 25 27 27 29 39 40 37 38 44 52 52 53 54 53 51 48 41 31 36 37 40 25 41 42 39 53 56 51 49 52 56 51 46 44 43 44 40 28 18 15 13 11 9 17 6 25 37 39 39 41 46 54 54 47 40 37 37 34 34 37 41 39 34 36 54 51 44 55 58 63 66 65 67 76 87 92 87 81 74 59 45 42 45 40 38 36 36 46 55 57 53 49 48 50 41 41 52 59 62 
27 27 29 32 26 17 17 22 28 29 28 24 21 27 30 27 31 38 45 49 52 52 51 51 55 52 42 45 46 40 27 50 43 34 39 45 40 33 33 44 50 54 51 49 49 50 42 32 26 17 11 9 18 16 2 16 19 17 19 24 35 45 48 41 31 30 33 38 40 48 50 41 40 51 44 34 41 42 42 42 44 53 69 83 92 97 92 84 77 69 64 60 54 48 41 38 40 44 41 35 33 37 44 38 39 48 54 57 
27 21 22 23 19 15 18 24 27 29 31 30 28 33 36 38 40 38 36 36 38 34 30 32 42 47 43 51 55 33 45 73 62 52 51 55 54 42 33 36 39 46 41 34 35 40 42 39 35 27 21 18 21 21 19 10 3 10 11 13 15 17 27 32 24 20 24 29 30 39 46 39 44 51 52 59 67 70 62 50 46 50 52 55 56 56 57 62 67 67 63 59 56 54 60 69 71 67 60 51 41 37 33 24 25 32 38 40 
28 19 20 22 18 14 19 20 18 21 27 29 29 34 35 37 40 42 40 42 46 46 39 36 35 35 35 53 58 19 58 73 55 47 47 50 56 58 52 49 47 50 48 46 44 38 35 32 32 31 28 28 27 22 22 21 14 3 3 4 6 11 21 28 24 20 19 23 22 33 40 31 38 49 59 68 74 78 78 76 75 72 69 70 64 50 49 53 45 39 36 38 41 52 71 77 71 64 61 62 61 52 41 34 42 46 40 33 
29 20 21 25 21 18 22 19 17 18 20 19 19 24 23 22 28 35 37 37 41 44 42 45 41 37 38 58 56 27 70 59 27 27 31 34 40 52 52 45 44 48 44 45 54 56 56 57 58 52 40 36 35 28 22 20 23 19 10 4 1 1 13 21 20 20 22 30 36 46 47 31 37 46 49 48 50 54 61 69 72 70 68 66 65 69 71 66 61 60 58 50 49 58 62 49 41 38 38 43 49 46 41 42 51 49 44 36 
28 19 21 25 21 19 21 15 16 18 19 17 18 21 19 19 22 23 22 21 24 27 31 43 44 37 44 52 42 63 83 60 39 39 38 35 29 35 37 28 32 36 32 34 45 52 53 54 57 60 57 56 55 51 47 40 31 25 20 11 8 8 5 13 18 19 22 28 36 55 60 62 77 83 79 73 64 53 47 45 43 41 40 40 47 62 67 60 57 63 71 74 76 73 62 50 44 38 34 30 25 23 27 36 36 24 22 23 
23 17 20 22 19 18 17 8 10 16 19 16 18 20 24 27 29 30 29 29 26 24 26 38 43 39 55 38 40 70 71 50 37 38 41 40 34 41 43 37 40 39 39 40 38 37 36 34 35 44 54 57 56 53 50 47 39 35 37 32 24 20 14 2 9 14 15 15 17 37 50 65 71 71 70 65 60 59 62 66 65 63 57 45 42 44 40 39 38 44 55 69 71 61 47 37 33 29 23 18 21 26 26 21 7 9 17 17 
23 20 20 22 18 21 20 13 12 16 18 17 18 21 27 28 29 29 28 33 34 27 29 42 46 43 55 34 54 55 43 28 21 24 32 34 33 40 43 40 48 53 55 57 59 60 57 48 38 39 40 42 41 36 37 38 32 34 40 40 35 32 30 27 22 16 13 8 4 18 23 21 8 8 18 25 32 43 56 60 60 59 57 52 47 39 33 39 42 40 38 30 20 11 3 4 8 7 7 9 4 1 5 19 35 45 51 54 
22 19 20 22 21 31 32 26 22 21 22 23 20 19 18 17 19 21 18 27 31 27 29 45 51 42 39 59 74 62 48 35 27 26 29 28 28 33 34 32 40 47 50 51 55 58 63 68 65 60 54 55 51 39 39 38 21 23 28 31 28 30 35 36 37 36 29 27 24 21 22 27 24 16 8 3 14 16 12 10 12 10 14 21 20 9 2 12 23 18 0 15 23 29 32 29 27 28 29 29 30 34 37 43 49 50 50 50 
18 16 17 20 27 38 32 22 19 17 16 19 18 20 20 19 20 22 19 24 27 23 28 47 51 34 37 67 64 52 43 38 37 38 40 39 39 39 35 29 32 35 35 32 32 33 41 57 64 61 54 52 50 42 45 43 44 47 45 37 25 24 28 30 27 24 21 22 29 37 43 37 24 14 23 35 44 50 55 48 30 18 19 24 29 37 34 36 27 27 35 38 38 41 42 42 42 45 49 51 48 40 37 41 41 35 32 27 
16 16 18 22 32 35 21 9 13 13 8 12 12 16 16 16 18 20 21 26 29 24 37 49 43 25 46 48 34 29 26 27 32 37 39 40 42 44 44 44 48 49 50 51 48 39 33 32 35 41 46 47 41 37 36 42 52 49 51 54 50 48 48 46 39 30 20 16 17 25 28 29 29 7 22 39 57 65 66 70 71 62 55 56 61 59 49 52 55 52 47 38 35 36 35 39 43 46 46 46 47 48 50 52 52 48 39 28 
10 18 23 27 33 30 17 7 13 14 9 10 9 10 8 11 15 15 17 26 29 24 41 49 36 48 60 48 36 29 23 22 23 26 29 32 38 42 47 52 52 50 52 56 60 57 53 49 46 45 53 54 43 35 19 34 39 36 39 46 53 54 53 51 48 42 29 31 30 24 18 28 39 10 20 33 27 17 23 36 55 60 54 50 51 51 53 59 65 66 61 50 37 32 31 30 31 30 26 25 30 42 49 51 50 47 41 36 
8 21 26 26 28 22 13 5 12 18 17 18 18 15 11 13 16 14 15 25 26 22 40 38 33 54 51 39 32 29 30 33 36 41 46 48 47 44 45 46 43 41 40 39 46 51 51 45 43 43 58 58 45 39 49 64 60 52 40 31 31 35 39 43 49 46 33 35 32 21 12 17 41 35 14 30 31 19 18 12 16 18 19 23 26 28 37 46 51 55 57 59 59 55 52 53 54 50 41 33 32 34 34 35 34 29 31 35 
11 25 28 22 23 18 10 4 6 15 19 18 15 11 9 14 17 14 19 25 23 22 38 24 32 34 27 23 21 24 32 36 38 43 50 57 63 66 69 71 70 63 49 42 40 36 34 32 34 42 58 50 48 51 67 70 65 69 62 58 57 50 43 42 52 46 27 22 21 23 20 21 37 51 37 16 33 23 22 8 7 14 24 29 29 31 31 31 34 40 43 50 61 63 59 61 60 56 52 50 50 50 51 53 45 31 28 33 
17 29 28 19 21 17 8 5 3 4 8 9 5 4 7 14 17 13 22 27 22 21 25 31 41 34 26 20 19 22 23 24 27 31 35 45 60 69 71 70 69 69 65 58 50 40 40 42 38 45 48 43 47 39 53 44 43 60 61 58 56 47 39 41 54 50 36 33 31 26 23 22 24 34 46 12 31 21 21 14 7 18 29 34 38 45 47 50 56 56 47 43 44 43 43 47 44 42 42 51 57 57 57 58 54 53 51 51 
23 28 23 16 20 16 6 5 4 1 3 7 7 5 9 15 15 12 23 29 24 14 18 33 33 29 25 26 30 33 35 37 36 34 36 41 44 46 46 45 42 46 53 55 49 36 44 52 45 48 50 61 69 51 44 33 34 45 44 33 32 32 28 36 51 46 31 33 36 37 36 32 24 27 50 15 30 21 22 21 16 23 30 33 39 48 51 51 54 54 53 56 56 54 58 57 46 39 37 41 45 46 45 43 44 54 56 58 
23 23 18 15 18 14 6 6 4 2 2 7 9 6 11 15 12 13 25 32 18 12 21 20 18 19 20 25 32 36 36 36 38 43 47 49 51 52 50 44 38 31 32 42 39 30 44 52 45 43 52 60 66 60 43 45 45 52 52 43 38 31 21 27 44 33 24 26 30 37 39 33 25 28 53 19 35 32 36 36 29 31 38 38 44 52 48 39 38 39 46 54 54 53 61 60 59 59 60 64 66 60 49 43 39 37 41 54 
23 22 17 15 16 14 8 8 4 3 2 7 10 7 12 14 12 14 27 28 12 25 28 27 24 20 20 20 24 25 22 22 29 38 40 39 39 39 37 38 39 31 39 46 43 43 51 51 39 28 35 38 43 53 42 50 41 48 50 51 52 40 27 37 50 46 47 37 28 26 25 24 22 31 55 18 38 42 48 47 45 52 61 63 73 78 65 48 41 38 38 40 38 40 48 47 56 61 64 69 67 64 66 69 69 64 62 68 
22 23 16 14 17 17 12 8 3 4 3 8 10 7 13 16 13 15 25 18 19 25 26 25 23 25 30 30 30 29 25 22 26 26 20 18 15 15 17 28 34 29 39 44 43 47 61 59 48 43 45 49 48 53 36 37 23 32 35 42 57 48 34 43 49 50 56 56 49 43 40 37 32 38 59 18 39 49 50 44 50 63 73 71 77 75 68 68 70 69 68 67 64 59 50 43 43 45 47 54 51 55 67 75 75 70 67 73 
22 23 16 18 23 18 10 4 3 5 6 11 10 7 14 16 12 16 17 12 16 17 17 14 17 25 29 26 27 27 23 26 31 27 21 19 16 15 14 22 25 24 30 29 27 38 53 53 49 45 40 41 40 43 29 25 15 21 21 28 47 44 30 36 29 32 41 51 53 48 45 40 36 43 63 21 40 60 61 47 48 59 66 62 66 58 54 67 77 77 75 72 68 67 66 69 72 75 77 74 62 56 54 51 49 48 55 62 
23 24 18 23 22 9 2 1 5 6 10 12 9 7 14 15 10 14 13 17 19 18 17 14 18 21 17 14 17 17 16 25 30 23 18 17 17 18 19 23 23 27 33 32 26 39 44 38 35 28 19 21 34 37 23 13 12 16 13 20 35 36 29 40 26 33 32 33 33 31 36 37 36 54 65 13 40 71 67 47 61 82 89 87 83 63 52 55 59 57 56 52 49 52 65 77 78 79 78 75 75 77 76 70 61 57 65 53 
24 27 21 21 14 2 0 3 7 6 11 10 6 6 12 12 7 13 15 18 17 18 20 20 22 23 18 14 16 16 14 22 20 13 13 13 13 16 22 24 18 19 30 32 25 40 46 42 41 34 25 19 30 34 22 15 15 14 11 19 27 25 24 28 45 63 60 59 56 49 43 39 40 74 69 1 44 79 70 45 69 78 70 68 71 74 74 74 72 70 65 54 51 49 52 56 52 55 53 52 59 69 71 62 49 71 73 47 
28 27 19 15 8 2 1 5 8 7 10 9 5 7 9 9 9 10 9 11 11 15 19 19 20 19 15 13 17 20 19 25 23 20 19 15 12 13 21 23 13 10 24 27 17 28 33 32 36 37 30 22 27 30 25 20 14 11 11 23 30 24 26 14 60 65 59 57 53 52 51 41 39 82 73 14 47 86 78 47 62 68 52 42 51 61 70 69 66 65 65 66 69 68 61 59 55 57 54 48 43 43 41 37 42 75 60 45 
29 22 15 9 5 2 2 7 8 8 9 7 4 7 9 10 10 10 9 10 10 14 15 12 14 13 9 12 19 22 20 24 25 22 21 20 17 16 25 27 15 15 27 25 13 20 21 14 18 28 29 24 28 31 33 30 18 15 19 31 41 31 19 45 63 33 28 32 31 41 49 41 38 74 70 14 59 93 79 57 69 54 40 57 74 58 40 47 50 50 55 63 68 67 58 55 56 68 82 86 82 74 55 51 58 69 43 33 
27 17 12 6 2 2 4 7 6 7 7 5 3 6 9 9 10 11 9 9 11 15 13 11 13 12 9 14 19 17 15 21 22 16 14 16 15 15 27 29 15 22 30 20 12 19 20 12 15 20 21 19 22 27 35 41 29 23 22 33 49 36 27 70 60 35 33 42 39 48 50 39 37 66 65 8 76 96 71 65 79 64 52 66 73 50 29 40 49 50 54 54 51 49 43 42 53 68 82 89 86 69 54 60 65 62 62 66 
26 15 10 5 3 2 5 8 7 7 5 3 3 4 5 6 6 7 8 9 12 15 12 10 12 12 10 17 19 17 18 23 23 17 12 9 11 14 28 29 14 24 31 20 14 22 23 12 15 16 16 17 17 18 22 36 28 16 12 36 51 24 42 67 44 30 38 54 45 54 52 37 36 62 59 5 84 96 65 64 85 65 64 60 47 44 41 50 51 53 63 75 84 89 79 50 53 63 53 47 36 35 52 56 60 50 64 64 
23 14 9 7 4 4 8 9 6 5 1 4 4 3 4 4 4 3 7 9 12 13 9 10 11 11 11 19 21 18 24 29 27 20 14 12 14 17 29 26 13 23 29 19 16 25 28 15 13 14 13 17 17 13 12 25 22 7 17 45 41 17 51 58 34 21 41 60 50 63 61 40 37 55 51 5 84 100 66 64 91 76 41 45 47 45 35 61 62 38 49 66 81 96 105 90 78 79 58 42 31 40 52 48 48 36 37 41 
22 12 9 7 2 6 10 9 5 1 3 3 3 2 3 3 5 4 8 10 13 13 10 11 11 10 11 20 22 20 28 31 24 16 12 15 17 23 28 23 16 23 29 22 20 25 27 18 12 11 13 23 24 15 12 21 22 15 26 31 31 49 60 59 37 18 40 57 54 75 71 40 38 46 39 9 78 102 68 76 96 76 45 56 74 69 46 52 63 38 45 47 39 50 77 96 92 81 48 44 36 45 50 48 50 50 47 55 
20 9 8 4 7 9 10 7 3 3 3 1 2 2 3 3 6 5 9 9 10 10 9 11 11 11 14 23 25 21 29 30 16 10 9 14 18 26 27 21 18 22 27 28 31 30 27 27 24 19 19 32 27 12 11 22 26 20 13 27 47 49 52 53 32 25 38 46 56 87 86 46 44 42 27 8 75 102 71 93 93 63 57 73 75 69 68 58 46 38 54 55 38 43 53 69 72 60 38 43 36 44 40 40 43 49 50 81 
16 8 5 4 8 8 8 3 3 4 1 0 1 0 3 3 4 6 8 9 8 8 8 11 12 11 18 29 27 23 32 30 17 15 16 20 22 26 26 19 18 19 20 23 35 34 26 30 30 26 26 41 38 20 21 30 30 15 11 29 27 26 39 39 16 31 39 33 43 84 93 56 56 47 25 11 74 94 71 100 88 55 62 85 67 39 57 63 46 36 58 62 44 50 52 69 74 52 52 42 40 43 25 20 25 37 38 98 
12 7 3 4 5 5 4 1 3 3 3 1 0 2 4 6 7 8 9 10 8 9 9 11 11 10 22 29 24 24 31 26 16 18 19 24 27 29 28 23 23 22 18 17 32 30 17 17 19 18 23 44 49 34 28 19 15 30 44 44 39 46 49 33 12 33 41 31 44 76 74 55 64 56 27 26 73 81 73 100 89 55 67 89 65 34 37 43 50 44 61 64 46 54 52 47 39 58 55 35 45 48 33 36 42 41 49 105 
7 6 5 5 3 3 3 1 1 1 3 2 3 6 6 6 5 4 6 8 8 8 9 11 11 13 24 28 22 22 27 23 17 17 12 21 24 28 26 20 23 25 23 21 33 34 26 27 22 13 17 51 62 39 13 22 42 50 54 53 51 54 49 33 21 38 45 34 62 73 47 45 65 63 26 38 71 66 71 94 88 55 76 84 56 45 51 48 62 67 52 55 47 56 51 25 43 71 40 31 46 66 69 71 65 40 57 107 
4 5 6 5 2 1 3 2 1 3 4 2 5 7 5 2 3 1 6 7 7 6 9 10 13 16 26 29 24 24 28 27 19 15 8 20 21 25 22 15 18 23 25 25 33 34 30 35 30 21 33 62 59 24 18 37 35 32 40 45 41 40 32 28 26 42 47 34 73 77 39 39 63 66 24 44 68 55 65 89 86 54 74 77 53 52 70 65 51 62 67 66 59 68 66 44 65 76 44 30 31 54 66 63 48 49 63 106 
3 3 2 2 2 1 3 2 2 4 4 2 7 6 2 2 1 3 5 7 6 6 10 12 15 17 27 30 24 27 32 28 18 15 13 24 25 25 23 19 19 19 18 20 24 23 19 39 44 35 46 60 32 21 40 49 46 54 64 56 42 35 23 24 27 42 41 29 67 81 52 44 62 64 22 46 71 56 61 85 89 58 69 68 51 54 77 73 42 41 69 81 69 72 72 55 83 92 64 55 56 57 59 50 55 63 67 101 
3 2 2 3 2 3 3 1 3 4 0 4 6 4 4 4 2 3 4 6 6 7 12 13 14 19 29 31 23 30 33 23 16 16 15 25 30 24 21 23 24 22 18 25 27 25 29 44 44 31 46 40 11 34 49 54 53 64 71 60 51 37 25 25 37 43 31 28 58 71 58 61 66 55 20 47 72 55 59 75 81 67 78 72 49 58 76 70 52 65 54 33 35 51 52 27 58 89 70 66 66 63 61 67 82 62 77 98 
3 2 2 4 6 6 3 2 4 3 3 6 4 1 0 5 3 1 3 5 6 8 15 15 15 21 31 33 27 36 33 19 17 19 15 25 30 22 12 18 25 23 18 31 35 30 33 44 44 33 42 24 31 41 46 45 43 52 47 36 35 32 33 27 43 42 25 30 57 64 51 76 70 43 19 46 69 51 64 67 61 65 87 83 51 65 72 54 49 71 72 64 62 55 44 43 16 58 68 63 60 58 51 86 95 63 91 93 
2 2 2 4 4 3 1 2 3 1 6 6 4 3 2 4 2 1 4 5 6 9 18 19 17 24 35 36 29 37 32 23 30 38 35 40 40 25 7 10 21 21 16 34 43 34 35 49 50 33 19 28 46 47 52 56 58 55 35 18 15 34 39 30 44 41 26 32 59 62 44 73 72 45 25 39 63 45 68 69 49 59 90 90 59 70 65 39 39 57 74 81 91 89 75 73 46 9 50 67 69 54 57 99 100 65 99 88 
4 4 2 3 1 2 1 4 1 6 7 6 4 4 3 2 1 2 5 5 7 10 20 21 16 28 36 32 26 35 34 25 35 37 30 46 53 33 10 10 20 23 19 40 49 36 42 55 48 18 18 39 44 48 57 60 55 41 22 15 23 39 39 31 43 41 26 34 56 55 41 66 71 51 34 29 52 40 67 76 55 67 90 82 62 69 61 45 47 49 48 48 64 71 69 68 67 46 24 10 19 42 74 101 96 68 98 83 
4 5 2 2 2 5 7 4 4 9 7 6 3 2 2 0 1 3 5 7 9 10 20 21 17 34 37 28 23 35 38 26 31 23 10 35 56 44 25 21 23 25 22 43 52 40 52 54 34 9 34 38 33 45 52 46 34 18 18 23 35 42 35 30 42 42 29 42 50 37 35 63 69 48 35 14 38 38 67 78 59 80 88 65 69 83 81 72 70 67 58 55 50 50 52 61 61 56 64 67 45 27 94 111 84 69 89 77 
11 7 6 3 4 7 5 3 10 12 7 3 0 2 3 3 4 5 7 11 10 9 20 23 20 37 37 23 21 39 43 29 31 21 12 25 51 51 38 32 32 29 28 46 55 42 54 45 20 35 56 56 54 63 57 39 27 13 21 27 43 43 31 31 42 44 32 44 43 25 26 57 64 45 43 5 29 34 65 75 55 82 83 53 58 77 81 73 70 66 68 71 71 68 64 76 82 67 57 67 65 16 100 115 72 65 78 69 
10 1 10 7 6 4 5 9 14 10 2 1 4 6 7 5 3 4 9 11 8 12 22 25 22 36 35 21 28 48 44 27 30 19 10 15 35 31 17 33 42 33 37 54 54 38 46 32 31 56 69 60 53 58 47 31 18 15 26 29 46 46 31 33 41 40 33 44 41 22 26 50 50 37 49 20 21 30 67 75 56 85 85 52 49 59 60 52 52 49 54 65 75 73 65 73 84 82 72 78 82 24 88 116 71 64 74 66 
6 13 16 11 7 3 8 12 12 3 3 6 8 9 8 4 5 8 8 9 9 18 25 23 22 34 36 21 40 51 34 24 23 10 18 33 46 39 36 48 52 45 55 61 47 34 30 22 41 56 55 40 32 32 23 15 12 24 30 32 45 44 30 37 41 35 34 46 38 17 29 47 41 32 48 26 13 23 55 68 62 91 97 74 68 71 70 69 67 55 43 44 56 57 53 53 59 68 64 78 75 42 64 105 74 82 88 68 
10 17 16 11 8 7 9 12 9 8 9 9 10 8 5 5 9 7 5 9 12 22 24 20 21 34 39 26 46 48 24 22 13 19 33 42 45 37 37 51 55 44 51 47 33 23 11 41 58 64 55 38 27 23 18 8 16 32 30 33 43 40 28 40 41 31 32 44 39 25 37 49 41 33 46 24 15 28 41 34 40 75 92 81 76 73 68 72 83 74 63 65 68 62 55 51 49 44 70 83 53 49 37 66 71 101 105 62 
11 14 11 7 9 11 10 11 9 11 13 16 15 10 6 11 11 5 4 10 14 23 25 20 25 38 38 30 46 41 20 17 14 33 39 46 45 37 35 46 45 27 37 39 23 16 34 54 56 58 48 36 31 26 19 9 25 38 29 31 42 38 26 40 40 28 29 38 37 27 42 51 43 37 44 19 20 45 54 37 18 33 57 59 71 66 52 55 73 75 65 72 74 69 66 65 56 49 78 84 58 53 32 18 51 105 109 59 
