data/MicaCreek/aspect.asc
ncols 541
nrows 644
xllcorner -1620000
yllcorner 438000
cellsize 100
NODATA_value -9999
[rows 387 to 429 of 644, columns 96 to 191 of 541]
86 81 80 80 76 84 90 97 100 98 100 105 101 103 108 105 98 99 102 279 283 288 289 287 297 339 337 330 341 339 323 317 317 307 310 321 323 304 311 349 338 329 326 317 292 288 308 307 311 339 348 351 31 76 325 311 316 315 300 282 279 301 342 12 22 26 32 44 72 94 111 120 108 103 104 97 102 164 -1 -1 -1 223 212 202 197 195 211 219 209 212 219 213 207 213 214 208
74 80 89 88 84 88 91 96 104 104 99 97 98 102 117 127 117 110 105 280 279 278 282 287 289 314 321 323 341 341 331 329 326 309 312 330 334 319 318 353 349 332 317 306 287 285 299 305 318 347 357 6 33 39 325 316 328 328 314 290 278 283 315 21 32 36 41 48 68 85 95 93 89 90 91 87 81 354 -1 -1 -1 -1 232 218 205 198 214 216 203 206 211 207 208 217 221 212
73 74 80 80 82 88 90 94 99 103 100 95 94 97 111 116 117 112 83 287 288 292 285 286 288 291 289 295 321 326 327 333 327 305 303 323 327 329 334 350 353 346 342 330 303 290 289 284 290 327 350 18 45 34 317 311 332 337 325 305 288 281 296 12 33 44 43 43 62 70 59 59 72 72 62 69 59 24 28 21 -1 -1 315 333 6 40 214 207 200 217 226 220 231 243 235 218
73 67 70 68 73 85 92 96 93 92 94 94 92 93 100 98 96 93 46 283 289 301 279 270 264 266 279 287 302 308 322 337 329 299 293 307 309 319 333 347 344 341 348 336 318 304 297 284 271 250 270 28 58 34 303 298 328 338 321 305 288 278 287 348 31 40 31 37 52 49 37 59 68 61 52 50 41 19 11 8 10 16 313 327 57 101 149 175 192 217 218 215 237 243 232 229
69 77 78 71 79 92 93 90 89 87 83 87 91 86 80 87 90 92 125 272 276 286 274 268 255 257 271 277 281 285 306 338 346 319 306 317 312 313 328 338 325 329 345 330 321 318 309 294 286 283 275 323 26 3 327 317 348 354 323 304 285 275 280 319 34 43 39 50 59 48 36 55 59 55 47 32 28 20 5 8 18 29 325 290 111 134 147 166 184 209 209 213 226 220 208 211
61 78 81 75 84 91 86 76 78 75 67 78 83 75 69 79 84 86 321 280 270 258 266 263 255 266 274 274 268 267 275 305 335 324 312 320 316 321 340 338 330 337 347 330 318 319 315 307 307 316 309 311 339 342 334 329 353 1 346 336 317 292 287 311 49 64 64 75 80 60 41 60 65 59 43 23 21 14 6 15 24 30 16 62 99 105 115 169 186 185 206 216 223 215 205 214
66 77 76 69 72 68 60 62 70 67 58 69 72 70 73 79 82 83 288 276 265 263 274 279 289 286 282 278 272 267 262 255 278 303 308 311 308 319 340 330 327 342 350 336 329 330 325 322 319 315 312 314 308 298 312 327 337 351 351 347 323 302 300 334 22 37 51 68 66 42 38 66 68 51 35 24 17 9 16 31 34 35 43 74 100 115 122 168 187 180 193 215 232 227 223 244
72 76 73 64 69 65 57 54 57 53 36 53 66 69 71 78 82 85 257 258 261 273 280 288 299 289 284 284 291 282 272 268 277 289 306 307 299 308 330 319 321 340 350 338 334 336 333 328 317 321 321 330 338 297 296 318 325 339 350 355 319 303 310 337 19 37 59 68 55 29 27 51 46 19 26 35 18 14 42 54 46 48 64 78 86 82 41 22 14 18 -1 225 235 233 237 256
81 86 80 70 79 80 70 62 63 50 25 53 65 56 57 76 81 77 284 260 258 268 280 282 284 283 286 291 299 300 292 289 289 302 324 326 319 323 333 318 320 343 351 342 339 338 347 346 325 316 315 330 354 312 298 308 317 331 346 2 328 306 316 341 36 68 80 74 54 26 24 42 30 6 38 48 20 20 44 51 43 51 63 67 58 16 3 20 13 10 24 28 247 255 254 254
79 81 69 65 80 81 70 72 73 52 36 72 73 58 67 84 86 79 12 261 252 260 272 282 288 288 288 291 290 297 303 301 291 296 319 324 325 328 329 314 322 351 357 355 359 353 349 354 341 316 309 322 351 306 288 293 303 318 337 0 335 307 317 5 65 85 81 66 49 27 36 52 32 18 68 60 28 41 60 54 41 44 49 45 31 5 4 19 12 16 28 42 16 267 261 255
74 72 60 64 75 73 57 64 66 55 67 88 88 83 88 93 95 95 93 267 258 259 262 269 277 279 281 285 284 295 308 304 287 278 280 292 311 329 321 304 313 349 4 4 5 358 354 3 355 337 331 345 351 307 276 272 279 294 321 342 326 307 311 53 90 87 64 48 40 23 36 49 46 70 83 72 54 72 77 55 39 42 47 41 28 10 8 13 10 19 27 48 69 252 253 250
78 76 70 83 87 76 60 74 86 108 125 115 107 102 98 98 99 96 84 270 269 269 267 263 262 267 273 279 281 289 305 305 291 286 282 281 296 324 315 295 294 329 11 11 355 350 1 11 358 352 349 357 357 341 297 269 267 276 305 315 299 291 294 89 88 71 48 46 44 29 46 58 67 85 91 86 73 75 69 42 41 60 64 47 38 25 7 6 14 30 39 66 93 216 230 221
75 74 73 88 93 84 76 86 92 104 113 113 107 98 93 93 92 85 30 275 278 278 277 273 274 282 286 288 281 279 286 295 299 302 301 287 284 299 299 297 302 325 4 13 345 339 10 18 2 7 0 355 358 354 328 285 271 271 286 307 306 298 306 89 81 65 63 72 67 50 64 73 77 90 100 98 88 83 77 74 96 91 58 31 40 34 7 5 31 56 67 85 101 189 217 202
74 78 78 83 81 75 77 83 84 80 83 86 85 78 82 83 81 82 27 287 286 285 294 311 304 306 316 314 291 281 281 280 286 293 297 291 288 290 284 287 293 302 347 5 352 353 9 13 13 19 9 4 5 354 333 300 278 276 290 308 317 327 11 61 55 41 49 57 48 42 64 73 77 88 97 101 96 93 92 103 112 92 24 25 45 38 12 11 33 58 75 89 98 159 214 209
75 78 79 85 86 86 89 87 80 69 72 71 62 68 82 84 85 88 336 289 287 284 292 316 307 307 323 326 303 295 305 291 281 274 270 276 282 289 277 274 274 275 301 341 351 1 17 21 26 29 21 19 12 351 337 307 285 288 307 310 320 347 11 36 38 35 46 51 46 47 72 90 105 106 109 126 115 96 96 97 78 28 4 38 57 46 20 22 48 71 80 86 86 100 189 191
87 83 83 89 93 101 105 100 85 70 72 70 71 94 103 101 100 95 314 298 295 290 289 299 294 298 321 324 312 307 312 301 294 286 270 270 274 287 281 278 284 287 288 299 326 8 41 43 45 43 33 26 12 351 343 321 307 311 327 332 342 0 14 39 48 49 60 65 62 57 81 96 110 111 112 128 131 109 92 58 36 24 26 46 70 66 34 55 84 91 86 81 74 61 102 158
98 101 100 99 100 104 103 103 97 89 91 99 108 110 111 109 104 92 304 301 295 293 294 301 300 305 330 319 313 313 308 294 294 308 291 274 261 260 265 264 258 252 240 215 204 202 91 57 57 55 41 34 6 345 341 313 305 308 319 336 358 13 28 54 57 52 60 64 58 80 101 101 95 87 86 95 116 115 81 25 29 35 35 55 78 64 23 66 89 92 90 87 77 70 90 113
94 104 109 105 103 108 103 103 107 107 103 107 115 107 103 102 95 15 294 292 284 282 287 295 297 307 336 322 323 333 333 321 306 303 294 278 257 242 247 247 230 221 216 204 208 225 232 49 42 30 14 11 5 353 340 303 290 289 291 313 6 25 48 64 63 63 74 84 96 109 110 100 78 75 78 85 96 96 32 18 46 50 44 66 80 58 18 75 89 91 91 94 98 105 104 109
93 101 108 110 109 110 109 114 121 119 115 113 117 109 105 101 83 344 294 286 277 277 280 285 292 303 321 316 321 333 334 340 337 323 315 308 283 246 248 246 226 232 246 250 260 263 264 334 9 6 4 7 14 5 343 321 314 314 306 313 357 42 70 74 76 87 99 106 115 106 99 87 70 71 68 61 70 66 357 21 53 55 53 70 71 41 16 81 89 94 92 92 95 101 102 106
122 125 117 118 121 116 110 115 126 116 114 113 112 106 103 97 72 335 302 297 282 276 272 274 283 296 297 294 300 310 306 329 342 327 320 320 317 261 255 247 231 244 248 244 260 266 258 251 294 333 4 19 23 1 341 324 321 328 331 351 11 51 74 78 81 96 110 113 106 94 93 94 95 86 74 67 73 69 3 22 48 50 51 65 61 28 48 90 89 87 89 85 79 82 88 92
123 126 114 117 132 130 117 116 126 110 103 101 99 98 96 90 57 323 302 300 284 273 262 258 251 239 245 256 268 289 289 306 329 313 311 326 351 308 263 250 241 246 237 219 223 214 203 201 210 216 204 55 357 344 338 322 317 324 332 21 48 64 79 89 105 113 120 127 122 107 103 105 101 98 89 86 87 79 1 29 43 45 57 61 45 15 36 66 65 56 65 71 79 90 91 82
89 88 96 104 123 129 115 108 113 105 101 99 96 93 92 82 9 322 306 295 280 268 251 247 237 220 218 236 249 257 277 302 336 335 344 359 6 345 265 251 241 240 233 213 214 207 199 201 210 217 210 222 281 317 330 323 319 328 279 96 79 67 90 105 119 116 115 126 123 107 101 101 95 93 92 88 82 75 356 41 53 58 70 54 22 7 32 56 58 52 69 84 93 91 84 66
82 84 91 94 101 110 109 102 100 98 97 99 101 100 88 26 345 335 332 326 307 270 243 246 240 223 231 248 247 236 255 272 306 322 351 22 30 35 261 237 230 232 231 226 247 259 253 256 263 256 232 240 253 254 252 251 214 170 184 190 115 68 97 105 110 102 97 103 101 93 91 89 88 94 95 80 70 61 4 22 35 32 50 20 354 0 47 75 78 75 90 99 99 80 69 57
85 94 96 92 86 91 101 103 96 92 92 97 100 101 72 350 335 336 338 338 344 328 274 252 238 220 240 248 234 223 230 227 215 222 212 120 79 75 159 212 223 226 230 239 261 276 289 288 286 277 260 260 252 230 223 210 176 172 190 219 257 58 82 84 86 92 96 104 107 103 96 84 87 91 87 75 71 54 11 18 23 12 13 352 347 6 67 86 87 97 102 96 78 73 72 63
93 95 94 90 83 84 89 95 95 93 94 98 94 86 4 324 317 328 337 338 358 1 339 289 259 235 246 240 222 219 220 213 205 216 217 191 151 113 141 194 235 245 248 256 265 276 293 281 271 260 254 254 244 226 227 201 165 180 210 246 265 35 71 74 75 82 90 102 111 116 120 129 115 97 79 76 73 47 18 21 17 3 344 337 349 42 85 92 97 103 99 78 51 64 69 66
85 95 102 105 103 96 96 100 105 105 103 101 91 56 350 336 322 329 340 347 3 2 354 333 316 311 281 265 241 239 242 229 222 236 231 203 176 155 163 197 246 274 283 277 275 279 294 291 283 271 256 249 233 215 210 188 174 190 216 245 252 179 94 81 75 77 84 90 98 109 128 140 133 102 72 69 58 20 11 19 17 0 326 319 18 87 92 91 95 91 80 57 54 66 68 63
45 64 79 92 104 103 104 110 110 112 111 107 90 10 345 342 330 329 334 347 357 353 349 350 344 333 312 304 306 284 278 266 257 255 236 197 174 164 178 216 258 278 300 302 304 308 308 302 297 290 271 255 227 206 196 186 187 196 210 222 208 188 155 101 90 93 94 91 92 98 111 122 123 100 77 69 42 2 9 22 16 356 331 328 87 102 100 94 85 80 73 63 76 83 75 59
56 70 72 67 64 78 88 101 106 111 114 104 56 329 334 341 340 334 324 321 329 338 336 349 353 344 333 330 342 314 295 286 270 267 262 204 175 170 260 254 265 275 293 299 307 323 309 290 261 216 229 232 206 196 190 188 196 198 202 207 198 199 195 133 101 102 106 102 93 86 73 68 89 116 101 66 16 5 20 15 6 351 342 51 98 96 94 84 70 72 69 61 76 85 80 68
110 107 103 95 99 107 109 112 108 110 111 70 343 338 343 354 8 356 337 307 305 315 312 327 341 340 336 337 348 332 318 321 312 294 304 24 358 313 343 267 263 263 262 258 250 227 224 215 200 186 201 203 192 194 195 186 186 196 205 214 218 226 221 173 95 93 103 110 94 74 53 59 69 72 61 16 352 23 16 347 356 349 18 78 84 83 79 70 64 68 69 61 71 72 70 73
149 125 122 136 135 137 141 135 115 108 108 317 315 337 351 14 31 8 344 320 313 315 308 308 313 315 320 331 343 331 321 320 322 309 321 26 11 348 9 347 265 248 233 231 227 204 203 204 194 184 190 199 204 217 231 230 -1 200 210 211 210 222 231 232 90 88 93 99 95 74 62 67 59 34 17 357 341 3 357 348 357 359 28 57 65 75 74 69 69 74 74 66 73 73 69 74
164 143 137 151 143 143 151 147 122 111 114 277 279 281 279 45 36 6 334 319 316 312 309 321 334 327 335 358 0 333 326 323 316 307 318 19 16 5 20 15 267 235 221 223 219 201 202 204 195 182 188 212 234 252 268 299 343 63 155 196 201 215 224 231 112 87 68 59 60 57 59 60 46 23 10 355 341 346 350 352 3 12 41 59 59 64 62 54 63 78 79 70 78 78 74 79
140 133 130 144 133 131 145 145 121 108 101 279 279 300 321 350 8 1 326 311 312 303 297 311 334 323 333 8 6 345 341 340 327 321 330 3 32 38 41 49 16 241 226 230 226 210 206 201 192 184 201 227 236 245 254 261 206 109 113 161 207 228 227 223 170 88 53 47 45 36 38 38 27 12 7 356 343 342 348 1 19 52 77 78 69 70 67 55 66 76 72 66 74 70 58 67
108 112 105 96 95 97 109 121 118 109 283 279 290 335 341 348 356 358 350 334 313 298 290 294 313 305 317 6 0 348 352 352 333 335 350 4 35 37 24 35 27 322 290 272 259 240 222 200 193 196 231 247 242 247 249 225 167 146 129 102 272 274 261 237 228 60 51 53 49 36 34 31 24 11 6 359 350 353 3 17 34 69 83 85 83 81 79 70 76 75 64 61 66 61 49 62
114 111 101 86 90 97 110 112 114 119 278 281 294 330 342 344 347 353 6 8 332 301 297 299 305 291 294 344 343 341 359 7 343 328 348 13 33 25 14 21 13 353 337 315 300 280 244 239 274 290 283 273 258 256 250 208 166 183 125 71 274 259 249 264 284 337 45 52 51 45 48 40 33 18 0 357 356 2 20 27 32 55 64 65 74 83 79 68 76 75 62 66 74 66 58 69
116 106 98 85 85 92 111 118 114 97 293 282 286 311 338 329 320 339 28 32 337 297 294 299 301 283 274 294 315 333 3 19 7 332 337 19 28 15 7 13 8 353 342 333 335 347 350 333 329 299 272 253 246 251 246 203 203 268 59 115 193 210 213 253 279 321 52 52 46 38 32 21 24 19 356 357 3 16 27 20 22 47 58 56 69 77 68 57 70 71 57 63 65 59 62 70
99 97 96 98 98 95 99 107 108 315 310 300 293 303 339 345 332 350 60 56 318 288 286 288 293 292 284 284 289 312 5 23 15 356 351 7 16 10 358 12 9 347 338 335 341 357 10 6 356 240 221 225 225 227 224 204 217 226 168 141 167 190 211 241 241 208 149 55 51 38 28 18 17 9 359 3 6 9 14 16 21 58 74 73 77 74 55 54 70 71 57 63 63 58 60 63
92 80 74 93 99 94 86 86 51 300 302 306 311 312 328 347 357 28 57 25 321 290 284 283 288 298 300 296 277 273 336 25 23 7 359 1 6 1 357 9 0 346 347 340 339 14 56 75 109 158 201 226 227 223 221 217 220 212 182 169 183 219 247 240 225 202 212 211 71 46 42 23 349 356 2 8 9 8 15 19 30 65 72 67 78 77 60 65 77 73 60 74 81 72 61 63
82 63 59 80 89 96 97 93 333 292 289 292 305 311 314 339 27 39 36 0 325 300 300 307 297 302 310 306 280 267 270 54 66 32 355 337 346 353 10 21 341 328 343 342 343 76 106 129 146 158 191 222 235 238 235 235 230 214 187 197 228 244 261 260 245 227 237 232 91 31 39 355 331 356 14 15 14 12 16 16 44 68 66 63 73 70 53 75 84 74 62 78 82 71 76 85
76 72 71 85 96 107 111 102 298 286 284 288 301 310 315 339 33 34 21 343 323 312 320 331 315 311 321 323 306 292 295 45 75 88 296 309 329 353 104 126 192 200 205 217 183 109 108 124 138 153 187 221 229 219 209 218 226 217 195 222 230 207 210 244 267 279 271 262 282 10 45 327 308 351 7 16 21 10 9 9 55 70 68 71 73 63 51 75 82 73 67 73 67 45 69 76
102 101 97 96 101 109 110 115 270 273 273 279 291 300 319 330 9 22 350 328 317 314 322 333 320 313 325 333 322 314 320 45 74 93 210 201 177 173 162 159 182 196 207 204 185 140 113 111 124 144 185 226 227 209 200 215 222 209 197 206 201 196 213 248 271 292 299 300 300 228 75 286 267 294 349 22 19 6 6 3 37 52 55 66 71 66 62 77 79 76 75 73 61 43 61 59
95 100 110 105 106 109 99 112 266 269 268 268 269 270 285 309 337 8 313 299 296 301 314 322 311 298 304 318 322 329 346 52 75 82 134 161 169 172 166 165 186 202 202 193 185 163 161 159 140 148 186 218 218 211 206 222 223 205 198 201 192 194 226 264 287 296 264 215 190 209 277 327 268 247 215 144 24 357 4 1 31 49 49 53 63 58 55 74 80 78 85 89 78 61 67 65
80 96 108 104 106 118 103 25 293 288 277 271 265 258 264 294 318 4 283 274 274 278 292 302 292 284 276 284 306 342 11 59 76 81 90 96 110 131 138 156 188 195 191 186 182 157 166 173 154 159 186 206 218 223 211 225 223 203 200 205 195 187 228 250 256 216 176 193 201 218 239 225 210 210 194 178 198 214 227 321 48 60 55 61 65 51 49 68 73 65 75 79 65 56 71 75
101 109 115 113 112 125 117 300 298 300 292 278 253 239 247 266 283 350 289 278 273 270 265 268 280 286 289 284 292 344 57 82 80 77 83 79 66 87 108 139 180 170 175 182 180 147 146 165 156 165 192 206 229 229 207 210 203 193 202 216 200 176 221 228 211 188 183 213 223 237 232 172 165 181 185 182 198 207 203 213 198 65 64 72 71 50 49 64 64 53 66 65 52 60 80 86
