data/MicaCreek/aspect.asc
ncols 541
nrows 644
xllcorner -1620000
yllcorner 438000
cellsize 100
NODATA_value -9999
[rows 430 to 472 of 644, columns 0 to 95 of 541]
-9999 -9999 -9999 -9999 -9999 -9999 -9999 -9999 -9999 -9999 -9999 -9999 -9999 -9999 231 46 55 27 19 8 348 337 306 238 228 216 208 218 241 248 248 46 59 75 87 77 42 358 341 342 330 315 301 306 332 338 317 315 341 342 345 340 270 218 181 152 97 84 78 58 52 52 44 48 44 39 38 31 13 1 345 337 339 330 314 320 19 36 43 21 58 86 92 96 101 107 110 109 104 106 115 121 135 152 150 129
-9999 -9999 -9999 -9999 -9999 -9999 -9999 -9999 -9999 -9999 -9999 -9999 -9999 341 285 342 41 19 16 11 1 21 41 278 246 227 226 243 255 254 253 65 86 90 88 71 25 333 326 339 339 331 320 315 323 327 313 303 305 300 344 66 177 191 188 194 142 64 45 30 40 48 46 48 37 19 22 23 8 0 341 332 336 336 330 341 19 43 47 26 65 90 94 98 95 96 100 99 96 98 104 105 115 156 159 117
-9999 -9999 -9999 -9999 -9999 -9999 -9999 -9999 -9999 -9999 -9999 -9999 -9999 330 283 306 33 24 17 14 12 42 38 348 351 341 312 276 264 259 251 156 106 92 73 50 4 323 307 318 326 325 324 321 320 308 286 234 218 227 190 135 135 164 194 211 227 19 38 36 50 57 52 44 18 350 1 14 14 7 329 320 329 338 343 357 35 55 53 41 76 97 97 98 96 95 94 95 101 106 111 106 103 116 127 104
-9999 -9999 -9999 -9999 -9999 -9999 -9999 -9999 -9999 -9999 -9999 -9999 -9999 320 282 290 33 39 25 23 22 50 35 348 354 356 348 329 291 266 223 152 110 87 63 29 355 338 300 294 298 298 299 297 252 228 204 192 209 211 196 170 160 168 191 205 239 258 43 52 62 57 45 31 1 330 345 12 21 13 332 325 338 352 4 19 42 59 60 52 76 92 95 95 93 90 83 90 97 101 103 101 103 130 122 115
-9999 -9999 -9999 -9999 -9999 -9999 -9999 -9999 -9999 -9999 -9999 -9999 341 312 280 261 153 49 32 28 20 48 37 344 338 353 353 346 318 213 182 161 139 117 83 17 347 346 308 295 295 293 287 223 180 205 200 196 199 209 216 191 178 188 199 198 232 232 198 80 62 44 34 25 355 302 301 359 23 11 332 323 347 12 25 34 42 48 48 42 66 80 89 91 88 84 77 86 88 85 80 81 84 118 118 120
-9999 -9999 -9999 -9999 -9999 -9999 -9999 -9999 -9999 -9999 -9999 -9999 192 235 245 225 210 266 19 24 10 27 19 355 338 347 354 27 114 161 165 162 156 151 151 200 219 242 269 272 273 266 228 165 166 201 205 191 191 232 244 207 201 217 197 183 209 211 198 181 141 97 92 96 180 240 254 278 24 10 325 292 170 120 104 63 54 51 48 46 67 75 75 77 82 86 97 103 99 91 82 79 84 112 117 123
-9999 -9999 -9999 -9999 -9999 -9999 -9999 -9999 -9999 -9999 -9999 -9999 160 218 215 218 227 256 323 23 0 6 7 358 352 358 77 119 131 153 155 161 164 159 177 195 189 200 230 247 252 230 180 167 168 200 198 183 198 229 226 197 207 219 200 172 175 189 192 195 188 168 149 149 181 208 232 224 191 188 220 197 180 157 149 110 89 78 63 60 73 76 69 79 94 103 117 123 126 124 121 112 110 122 120 121
-9999 -9999 -9999 -9999 -9999 -9999 -9999 -9999 -9999 -9999 -9999 341 276 212 215 215 221 250 278 17 357 358 22 35 105 117 123 125 132 151 152 152 163 168 182 192 182 194 232 245 234 194 169 173 177 200 189 181 204 225 214 194 210 216 200 175 161 173 188 200 200 191 169 148 185 202 211 212 201 200 207 194 191 186 197 151 106 95 76 68 76 78 76 88 101 116 124 127 136 144 138 126 115 123 126 124
-9999 -9999 -9999 -9999 -9999 -9999 -9999 -9999 -9999 -9999 -9999 318 58 77 219 222 246 258 258 198 122 156 158 163 176 157 110 103 112 133 136 135 151 170 181 191 179 195 227 220 202 188 180 189 195 196 178 178 215 232 216 205 228 226 206 177 153 170 189 198 203 200 191 180 186 191 186 207 218 232 239 211 193 205 218 160 118 113 107 93 87 87 100 109 115 122 122 118 124 139 133 116 108 112 115 117
-9999 -9999 -9999 -9999 -9999 -9999 -9999 -9999 -9999 -9999 -9999 196 225 96 324 293 279 267 248 192 143 153 157 156 181 183 121 103 105 119 118 116 124 152 175 187 182 202 223 207 201 204 201 208 205 187 174 177 212 225 216 232 258 253 226 176 137 159 193 204 209 201 202 200 191 179 174 191 215 236 240 207 204 231 232 163 120 114 114 114 107 102 107 110 117 122 114 109 103 95 103 110 108 107 108 107
-9999 -9999 -9999 -9999 -9999 -9999 -9999 -9999 -9999 -9999 161 276 312 17 347 307 284 274 256 187 131 137 143 143 188 204 122 95 95 113 118 127 138 151 171 184 192 217 230 222 233 240 235 232 222 185 168 178 222 231 223 244 262 264 233 175 132 145 256 246 219 201 214 210 195 176 170 184 210 236 232 196 203 214 209 177 146 131 118 109 110 107 99 93 93 101 103 102 90 73 102 114 115 109 116 126
-9999 -9999 -9999 -9999 -9999 -9999 -9999 -9999 -9999 -9999 354 296 309 355 347 331 310 300 279 149 133 138 139 141 200 226 129 106 109 121 121 129 143 150 170 190 200 220 225 224 240 246 241 245 264 332 46 34 271 259 244 261 270 279 239 180 122 185 171 178 182 187 203 203 199 192 175 167 192 231 223 192 203 219 214 180 164 154 144 107 101 98 88 82 81 84 91 92 98 107 108 113 116 100 105 124
-9999 -9999 -9999 -9999 -9999 -9999 -9999 -9999 -9999 -9999 253 273 279 304 323 316 300 281 164 132 142 154 158 171 196 206 159 115 113 122 113 108 116 124 152 194 202 228 241 253 266 268 264 259 268 308 41 10 309 296 279 271 273 296 194 181 162 165 158 162 175 189 189 189 192 193 187 177 172 213 211 194 217 241 236 163 156 160 158 112 95 80 77 78 71 61 66 75 95 119 117 114 113 99 100 112
-9999 -9999 -9999 -9999 -9999 -9999 -9999 -9999 -9999 341 326 298 263 251 244 238 225 209 164 117 125 148 160 191 199 190 176 125 107 114 115 112 111 118 169 188 271 274 280 289 292 296 303 301 300 321 25 0 332 327 322 274 260 199 169 183 170 159 159 156 172 197 177 170 179 191 192 189 177 188 201 203 238 258 241 147 143 157 154 120 98 76 79 77 64 50 62 82 109 119 122 132 137 116 108 111
-9999 -9999 -9999 -9999 -9999 -9999 -9999 -9999 -9999 316 15 344 277 252 227 210 203 203 185 103 95 100 115 227 207 170 174 149 124 118 119 128 143 149 200 251 313 302 303 305 299 310 327 323 322 341 4 349 334 332 334 293 269 182 163 177 178 180 191 183 166 200 171 141 153 185 199 193 185 177 194 220 252 258 202 150 152 162 156 147 133 103 87 80 72 75 91 100 112 107 105 114 119 110 107 110
-9999 -9999 -9999 -9999 -9999 -9999 -9999 -9999 -9999 358 45 24 332 288 259 200 205 218 211 93 73 55 46 19 194 137 138 140 131 123 123 136 154 171 231 269 300 298 297 301 296 301 312 307 312 355 331 322 326 338 337 320 314 131 146 164 179 199 214 197 180 194 177 150 154 168 190 193 196 182 182 234 253 248 193 153 151 160 152 157 165 147 108 107 115 116 106 97 88 89 89 78 78 89 100 118
-9999 -9999 -9999 -9999 -9999 -9999 -9999 -9999 341 21 30 28 0 327 346 27 308 276 274 55 56 46 45 51 101 132 133 135 136 124 125 142 153 202 258 284 296 293 286 284 281 276 260 247 242 285 306 298 311 337 340 341 116 129 125 126 176 239 232 202 192 195 183 159 159 113 165 195 194 183 182 246 256 238 204 167 146 157 141 145 166 160 108 107 113 104 95 86 84 90 88 77 92 100 105 119
-9999 -9999 -9999 -9999 -9999 -9999 -9999 -9999 337 10 52 90 300 326 14 17 337 313 308 5 49 49 50 53 68 101 116 126 135 121 122 148 162 224 260 279 291 296 296 287 274 262 243 239 229 222 237 269 279 301 340 110 128 139 135 126 209 257 242 219 206 199 191 179 240 356 56 15 142 163 189 248 249 223 205 186 171 175 140 137 177 149 100 94 79 78 87 95 102 102 99 102 103 106 111 119
-9999 -9999 -9999 -9999 -9999 -9999 -9999 -9999 282 114 121 157 248 276 18 345 343 338 337 106 83 52 64 81 96 104 111 117 121 110 114 143 181 266 271 269 273 282 279 254 235 226 220 218 209 208 226 255 253 243 160 116 123 142 147 146 247 260 248 214 197 193 193 197 240 208 115 301 44 77 176 248 241 219 210 199 195 188 159 153 188 151 113 112 124 99 101 111 115 112 112 119 103 100 105 111
-9999 -9999 -9999 -9999 -9999 -9999 -9999 -9999 153 151 138 193 230 190 210 269 315 337 74 132 170 161 122 118 128 126 127 126 113 102 103 120 289 291 292 283 272 274 270 218 208 209 203 195 195 201 223 241 239 231 167 115 113 125 152 183 229 252 248 193 197 201 199 231 244 193 172 267 111 101 62 250 236 224 227 229 212 187 179 190 161 136 118 122 149 135 127 129 126 125 117 112 101 98 102 100
-9999 -9999 -9999 -9999 -9999 -9999 -9999 161 159 152 160 197 204 193 225 246 253 254 101 112 155 164 138 121 121 114 120 137 129 111 103 111 282 285 294 303 286 281 301 164 207 207 198 194 202 214 234 241 235 231 191 104 92 109 160 201 232 254 251 160 225 219 217 256 243 186 222 187 146 164 155 175 202 208 221 229 204 187 207 233 100 94 97 99 119 126 127 128 121 131 136 119 107 105 111 105
-9999 -9999 -9999 -9999 -9999 -9999 -9999 143 159 146 171 198 205 214 233 239 225 202 113 87 78 106 124 126 120 107 109 129 128 113 101 325 286 285 288 302 299 295 348 58 -1 216 204 222 241 252 261 260 249 246 237 98 90 102 164 215 229 245 237 181 244 247 271 262 221 179 212 164 152 207 163 136 173 204 223 221 193 184 196 225 278 56 68 76 85 92 94 96 101 120 148 125 110 107 115 308
-9999 -9999 -9999 -9999 -9999 -9999 -9999 168 173 132 173 208 225 238 242 237 216 203 152 51 42 67 88 103 112 114 116 120 115 110 102 305 285 285 288 296 304 307 358 25 2 359 3 342 312 298 278 272 272 273 262 121 113 120 170 201 224 251 249 244 255 217 215 209 188 186 197 157 166 208 156 135 150 214 236 225 196 183 194 224 250 51 77 87 91 93 98 104 102 116 148 126 107 102 108 289
-9999 -9999 -9999 -9999 -9999 -9999 161 196 169 147 177 217 245 254 250 243 228 204 213 218 64 77 84 90 100 109 125 141 129 127 160 282 278 277 282 287 300 318 345 8 359 357 2 352 335 330 310 298 299 267 183 153 148 156 175 182 234 271 292 295 -1 163 178 178 180 189 191 169 178 189 159 151 164 216 242 229 197 187 202 235 248 164 108 108 105 106 112 117 108 118 150 140 122 113 127 276
-9999 -9999 -9999 -9999 -9999 -9999 140 201 168 155 181 224 245 242 231 231 229 175 196 208 150 94 94 100 98 101 117 148 135 133 223 267 278 279 275 272 286 324 338 354 355 359 359 350 341 336 322 301 276 166 158 166 179 176 175 188 233 258 290 319 52 94 127 143 164 182 184 180 183 175 160 164 180 200 222 209 187 198 225 253 256 153 113 114 102 101 107 109 105 112 139 134 124 119 172 266
-9999 -9999 -9999 -9999 -9999 -9999 174 222 163 146 190 244 251 248 225 214 205 173 192 221 201 97 91 93 101 106 112 134 133 141 260 285 292 293 296 280 280 307 328 346 7 87 258 307 338 331 251 215 182 148 146 170 187 177 180 206 239 251 265 319 75 99 120 131 143 157 170 186 183 170 173 187 179 177 208 204 190 216 235 252 258 122 104 109 97 92 94 100 100 105 124 119 112 114 214 271
-9999 -9999 -9999 -9999 -9999 161 205 211 170 143 228 266 268 262 199 185 189 185 222 249 242 102 105 117 112 112 118 125 133 203 282 291 294 296 304 291 270 239 222 188 149 149 196 210 187 180 175 187 184 155 144 170 178 179 203 232 244 248 248 221 113 116 127 145 157 161 165 174 180 183 194 197 187 178 194 199 205 224 230 241 238 133 102 102 100 99 101 107 110 111 120 120 119 128 297 296
-9999 -9999 -9999 -9999 -9999 144 200 202 179 161 228 249 238 225 174 164 181 218 258 269 264 96 97 101 96 99 115 129 143 244 271 275 275 273 273 264 236 198 196 183 159 146 182 194 183 180 176 191 195 172 153 167 175 192 224 236 243 248 245 215 132 128 133 145 157 167 160 164 179 186 192 191 190 192 185 190 212 220 220 225 214 162 109 98 98 98 97 95 98 100 106 118 127 242 296 301
-9999 -9999 -9999 -9999 -9999 146 202 201 179 176 232 237 215 202 174 171 199 243 259 258 210 104 94 82 85 90 103 122 157 239 249 251 243 229 222 208 194 184 190 188 181 154 164 184 181 182 183 203 204 181 157 155 172 198 216 220 234 249 246 211 148 140 136 138 149 167 153 148 176 180 184 187 191 196 193 193 199 195 191 192 189 187 158 103 94 90 77 76 75 76 91 108 135 265 280 287
-9999 -9999 -9999 -9999 -9999 167 220 200 179 196 242 238 214 188 171 193 239 257 251 237 180 117 107 106 99 97 103 112 157 229 232 237 231 216 210 200 184 182 190 194 190 167 168 180 178 186 193 202 208 198 160 142 158 197 217 232 252 257 248 208 142 137 130 128 135 154 125 107 128 128 136 180 200 198 195 193 189 186 184 182 178 192 188 149 108 81 54 67 74 79 88 96 134 263 272 278
-9999 -9999 -9999 -9999 161 195 203 195 185 199 229 231 208 172 176 234 248 246 242 226 185 113 94 92 95 101 117 123 154 209 215 235 241 220 214 203 181 184 198 198 187 170 169 178 178 194 199 194 206 201 174 167 169 194 227 253 263 257 243 216 121 104 104 105 93 35 59 59 28 45 50 13 1 125 178 191 184 185 188 184 173 187 185 168 142 116 108 92 86 84 90 103 180 268 274 277
-9999 -9999 -9999 -9999 162 205 196 196 189 204 225 222 194 177 199 231 232 238 239 215 207 125 80 83 93 100 120 129 147 201 221 243 240 207 206 195 183 191 202 201 187 164 157 173 179 207 201 193 210 204 182 186 192 206 239 257 257 242 237 236 106 72 76 74 45 48 70 57 30 45 36 12 26 57 59 69 159 184 197 197 184 165 153 148 147 144 144 127 105 95 95 104 230 268 271 270
-9999 -9999 -9999 161 204 201 207 198 195 225 229 214 187 190 229 248 256 255 226 201 219 188 118 112 106 103 109 122 141 239 277 277 268 250 253 246 239 255 249 242 229 150 120 161 215 227 215 210 228 220 205 216 227 251 269 268 264 252 253 259 269 61 53 40 29 47 70 70 65 70 55 43 59 66 60 51 62 84 210 217 192 148 147 141 146 151 139 133 123 111 100 102 242 260 263 261
-9999 -9999 -9999 153 192 186 185 194 206 224 218 209 183 216 251 255 259 246 194 213 239 182 134 125 117 113 109 121 162 247 276 286 297 315 323 336 348 347 346 339 341 13 27 20 18 330 282 260 236 225 219 234 260 280 286 277 270 263 264 264 255 43 39 29 31 43 49 48 48 53 51 58 82 96 97 100 104 107 -1 240 158 123 134 136 149 164 152 147 142 133 112 110 237 258 264 259
-9999 -9999 -9999 142 201 183 178 201 206 205 204 192 178 219 244 231 230 211 190 248 253 153 123 116 113 112 108 114 167 242 258 260 258 270 292 317 340 345 352 356 355 8 17 17 22 26 354 302 261 243 236 250 260 270 276 273 267 257 259 260 257 280 24 27 36 50 51 36 34 36 42 49 72 89 93 82 71 70 -1 288 109 106 112 115 129 155 147 144 140 132 115 113 239 258 262 253
-9999 -9999 -9999 149 196 183 181 210 202 200 197 182 186 232 235 214 216 208 216 245 231 149 122 110 107 110 110 116 174 250 263 267 271 283 300 320 342 345 350 359 1 8 15 19 26 31 24 18 315 271 256 259 261 263 264 263 259 251 259 263 266 286 329 3 35 58 54 32 25 27 38 44 61 62 43 20 39 66 163 165 130 112 105 101 107 127 113 104 100 102 101 109 236 256 256 247
-9999 -9999 -9999 172 211 190 201 210 200 201 193 183 221 244 227 215 217 221 229 235 210 152 135 122 120 133 137 140 228 271 273 278 289 293 300 316 339 344 346 357 6 11 11 17 24 25 27 38 20 298 279 267 265 266 272 274 267 257 262 267 277 300 323 355 25 38 31 24 26 30 42 46 45 31 12 8 52 81 141 152 130 113 109 109 109 117 108 105 106 106 108 120 239 260 259 250
-9999 -9999 161 216 204 199 208 199 193 192 189 202 236 234 224 221 229 235 228 232 201 144 136 123 120 133 149 181 262 272 267 264 269 278 280 282 295 318 332 355 6 7 7 18 27 27 34 42 29 348 331 283 268 265 272 279 277 266 267 272 286 300 319 1 14 19 21 27 29 24 25 20 19 21 10 14 56 71 84 117 112 100 98 101 95 79 94 111 122 122 123 149 244 258 254 247
-9999 -9999 144 203 202 208 209 198 198 200 201 217 224 214 205 208 221 221 219 234 202 128 123 112 106 110 140 266 284 289 276 265 265 272 273 272 274 289 325 2 350 355 2 14 25 35 44 51 41 2 349 314 275 255 255 259 262 268 270 273 291 300 313 1 0 5 22 35 32 24 19 16 25 34 17 16 47 57 53 72 97 103 90 83 61 70 92 109 119 119 121 186 245 252 249 242
-9999 -9999 139 214 209 209 221 218 227 228 214 212 211 204 196 213 222 219 221 227 199 142 129 111 99 99 177 281 297 305 304 291 277 274 272 272 283 298 333 359 351 351 351 352 11 35 43 54 48 8 357 338 309 275 259 257 262 280 282 275 277 288 305 342 346 359 25 37 37 33 24 31 52 50 21 22 51 61 58 75 96 112 95 87 96 111 109 106 108 105 107 225 249 255 258 256
-9999 -9999 137 223 211 212 222 215 230 227 201 203 211 210 210 233 232 228 225 223 205 159 133 110 101 101 247 275 281 285 297 302 286 280 279 275 279 294 330 348 343 342 348 344 6 28 26 35 33 12 8 358 334 319 287 270 264 275 284 275 261 258 261 288 317 353 26 29 32 30 19 39 56 46 23 32 60 68 77 91 99 109 98 96 109 123 123 115 112 106 112 224 256 269 272 275
-9999 -9999 4 29 5 214 217 205 222 214 190 199 207 208 217 230 230 227 221 227 223 181 128 110 104 102 258 266 263 268 278 294 289 288 303 319 290 287 314 333 326 328 345 329 348 26 29 39 42 21 12 5 351 341 314 296 282 271 269 264 252 243 235 234 256 305 20 25 36 36 20 40 42 25 19 37 65 73 84 92 90 90 96 99 102 107 114 113 113 107 113 218 255 272 278 280
-9999 341 16 12 22 45 266 212 221 206 190 203 212 207 216 221 218 212 215 228 232 215 127 110 107 104 260 262 263 270 275 285 290 293 309 343 325 315 330 336 334 342 352 320 331 43 65 75 64 24 4 0 359 356 325 307 299 280 270 262 260 256 246 236 255 277 16 34 50 49 31 48 42 19 22 51 72 77 80 78 66 63 83 94 98 100 102 101 101 99 101 225 257 266 272 278
