data/MicaCreek/aspect.asc
ncols 541
nrows 644
xllcorner -1620000
yllcorner 438000
cellsize 100
NODATA_value -9999
[rows 387 to 429 of 644, columns 384 to 479 of 541]
193 209 214 206 203 215 209 202 208 217 225 223 237 235 220 236 235 214 205 237 253 247 243 232 215 214 224 225 213 214 203 190 189 184 194 202 183 169 205 248 262 264 260 256 243 217 192 156 142 156 181 182 181 217 256 267 269 271 270 255 199 131 122 120 119 142 158 156 188 196 177 181 187 194 197 201 192 149 128 146 152 138 142 204 276 280 283 279 225 127 125 152 153 156 181 188
192 204 207 206 205 212 205 200 222 234 224 222 234 232 219 220 219 209 211 243 249 238 240 233 226 228 236 232 216 209 196 187 186 185 195 193 184 190 229 253 259 261 254 243 225 203 180 138 129 146 182 185 196 241 263 271 270 260 247 219 186 144 128 127 116 120 141 148 183 195 176 183 186 189 205 209 195 165 150 160 159 149 179 257 282 278 271 234 176 123 116 136 143 151 175 186
3 359 355 240 210 213 209 212 242 245 228 237 246 237 215 215 224 223 232 246 238 224 226 220 214 219 228 228 214 206 198 185 185 186 187 183 197 224 244 258 263 253 216 205 195 183 180 149 131 141 177 208 252 277 280 274 258 254 241 211 181 154 141 133 119 119 134 147 172 188 176 183 192 201 235 230 180 156 152 163 161 161 236 270 276 270 254 191 167 123 112 121 123 136 168 184
358 4 11 9 16 221 210 212 230 229 216 231 242 231 210 230 245 237 244 247 232 222 226 222 213 222 228 220 201 195 191 182 185 185 181 183 234 256 256 263 262 232 195 194 187 178 181 163 146 154 195 249 276 281 281 273 261 260 243 209 168 146 146 134 112 108 118 132 158 182 179 183 194 210 237 221 157 140 137 153 159 209 271 276 269 258 231 177 166 128 102 96 102 120 163 185
343 0 12 20 37 53 174 207 226 228 220 226 222 210 206 231 237 225 240 238 230 232 240 236 222 236 234 213 195 192 188 182 190 195 203 236 266 263 257 259 249 206 187 194 186 179 179 159 147 162 231 265 280 275 265 244 234 224 200 193 175 140 143 137 106 96 94 102 128 170 177 183 199 216 223 199 164 155 148 159 181 243 266 267 260 247 216 174 162 141 116 91 88 97 137 178
342 351 10 27 47 51 41 39 247 244 237 229 222 218 229 246 237 226 232 224 213 219 230 227 223 239 235 214 200 198 185 177 199 226 255 277 274 259 248 245 224 186 184 188 186 190 183 151 135 175 259 270 275 270 255 221 207 194 179 190 185 160 160 164 141 121 108 96 100 135 165 187 211 219 215 196 164 155 149 169 228 267 271 260 239 216 198 179 158 149 146 128 96 92 104 145
329 348 20 26 42 45 32 37 306 255 245 241 246 243 245 245 229 222 221 212 204 218 227 222 218 225 218 197 195 200 183 167 219 256 261 254 254 254 248 238 203 176 184 182 186 196 190 166 152 229 271 272 270 265 239 196 193 181 166 182 182 170 167 166 157 148 138 113 104 113 140 187 216 214 218 203 158 144 146 209 260 266 262 235 211 192 189 181 164 160 164 161 136 111 100 109
286 321 38 27 44 48 29 48 48 261 241 238 240 224 232 232 215 213 215 211 209 232 237 221 215 220 208 191 196 196 182 180 233 245 230 234 246 244 239 232 179 162 183 176 181 197 198 178 179 262 279 275 262 238 189 174 190 184 160 170 174 175 176 160 158 159 147 126 112 107 113 170 211 202 209 196 161 148 165 244 257 255 245 210 198 182 176 174 164 162 165 158 154 145 127 118
326 338 61 67 78 63 35 70 78 255 234 238 236 219 235 232 208 205 212 215 216 240 246 225 219 227 215 198 205 185 180 209 243 238 222 232 229 208 204 198 173 168 182 173 179 200 214 214 258 276 277 271 248 201 164 163 192 188 164 169 172 178 189 169 158 168 150 128 119 117 106 135 206 204 210 195 158 154 205 245 243 239 222 202 198 176 163 163 158 158 161 146 147 153 143 121
5 26 32 59 65 51 46 79 82 245 254 266 256 239 244 233 207 215 231 231 227 241 236 209 209 221 214 203 204 173 190 250 259 251 233 231 216 195 192 187 176 179 188 193 246 299 306 315 320 289 275 253 217 176 152 155 187 181 163 164 171 179 194 175 166 177 169 154 147 143 117 125 207 223 224 196 145 161 230 239 233 229 212 202 195 175 167 166 161 167 168 146 142 147 142 117
25 35 24 39 42 50 59 71 62 23 265 253 246 244 249 246 229 246 252 240 236 243 232 209 215 219 209 201 194 184 211 247 244 228 218 220 211 193 180 175 178 184 214 258 300 314 322 329 335 300 255 194 179 171 168 173 178 167 155 149 163 180 186 168 166 178 173 163 161 156 135 145 195 214 210 185 145 175 241 236 236 236 212 199 189 174 169 166 158 170 173 153 151 158 155 136
24 32 21 31 41 49 40 50 42 26 12 229 227 224 228 230 209 222 227 220 231 244 242 231 235 220 203 195 197 212 237 243 225 212 207 203 193 180 173 173 189 217 269 282 291 289 292 300 302 256 199 171 163 169 186 191 173 164 163 156 167 184 178 157 158 177 170 163 162 150 130 144 203 224 207 176 157 189 228 220 225 222 203 190 183 173 168 163 146 156 165 153 151 158 155 150
8 16 12 26 38 30 30 44 37 25 42 63 221 216 225 222 200 210 217 208 224 238 228 217 222 210 192 199 231 246 236 230 220 207 199 195 181 169 179 210 275 298 295 288 282 273 264 228 197 183 169 157 143 160 198 190 164 158 162 152 166 187 179 165 165 175 175 171 165 144 115 125 232 239 206 156 151 201 229 214 215 213 197 183 180 179 178 175 150 143 149 142 142 150 148 152
0 13 12 29 30 16 25 26 15 20 50 58 53 233 235 217 198 207 211 202 224 233 219 214 217 203 182 203 222 215 212 222 217 199 193 190 172 161 231 282 302 293 282 264 244 234 214 185 182 181 175 172 157 158 184 179 158 153 156 136 148 182 179 168 168 171 178 179 171 160 133 143 216 223 199 142 133 225 236 212 215 208 190 181 180 186 190 182 159 152 155 152 155 161 162 162
347 17 15 30 29 20 26 22 14 25 46 48 32 358 230 200 196 206 204 197 224 229 217 213 212 199 182 204 211 204 209 212 201 188 184 180 175 187 263 270 259 250 243 231 222 213 196 180 182 185 183 186 172 160 176 172 161 168 167 140 136 169 171 163 169 164 167 173 172 160 138 144 210 221 196 151 146 213 225 217 216 198 183 181 184 196 200 175 158 160 155 154 159 167 170 170
343 15 20 28 33 28 28 25 26 37 48 45 32 27 18 353 300 260 233 201 218 218 214 213 207 199 192 212 219 211 205 201 195 187 184 186 202 246 255 238 212 221 223 216 213 206 192 178 181 188 193 196 171 159 173 164 158 174 175 153 148 165 167 169 176 164 155 160 168 150 131 136 212 222 192 157 157 205 222 213 194 182 181 182 192 203 197 165 153 165 155 147 155 164 166 168
335 16 24 21 19 16 16 25 32 41 50 45 36 30 15 5 0 345 344 3 100 207 219 213 197 188 191 202 209 205 197 199 199 193 197 217 241 246 238 221 208 222 221 211 208 199 188 179 177 186 197 196 173 161 168 155 151 170 172 158 158 161 162 174 179 167 162 165 170 161 142 147 206 214 184 160 166 216 222 203 181 175 183 183 195 197 183 167 162 173 172 160 155 160 161 164
321 13 24 24 19 13 17 31 31 31 30 20 20 23 22 16 12 353 353 12 66 111 224 211 192 184 195 200 203 198 194 196 194 195 204 214 217 226 231 226 226 241 236 214 210 197 184 180 177 185 193 188 179 176 174 167 164 172 166 155 160 155 155 166 170 163 163 169 171 167 151 159 195 191 177 166 184 209 202 193 175 172 185 182 186 186 175 167 168 174 178 173 165 165 169 173
323 6 23 34 30 20 26 38 29 30 25 15 18 28 29 17 18 11 7 25 67 66 228 213 204 195 207 202 200 197 203 207 199 202 207 209 209 220 222 218 231 246 237 208 210 197 180 181 175 176 182 181 176 179 179 175 178 181 171 166 169 166 165 161 158 155 160 170 169 160 151 165 183 178 173 166 188 198 189 185 178 178 187 184 174 175 167 161 170 172 168 168 168 166 172 175
340 5 17 25 29 28 28 33 28 38 34 21 29 37 31 20 25 22 11 29 50 37 20 11 233 210 209 201 199 208 226 228 217 208 208 217 215 226 232 228 235 232 208 189 192 188 187 186 171 167 172 175 170 177 182 174 179 185 175 171 172 173 168 167 167 166 171 180 179 157 148 163 171 163 163 163 181 188 184 182 179 181 191 185 173 175 170 168 180 179 155 155 167 162 170 173
350 9 20 25 28 28 22 20 23 35 27 18 33 37 33 31 34 26 13 30 38 26 22 27 33 346 255 215 203 208 229 232 220 209 214 227 224 243 252 242 229 209 190 182 185 187 192 187 174 171 173 174 178 183 176 171 183 193 177 168 167 164 159 165 172 171 174 184 186 172 170 169 162 166 167 164 173 176 178 179 179 183 187 180 174 175 172 171 187 186 160 158 173 171 174 174
359 19 32 34 25 28 29 24 29 37 25 18 29 24 19 17 18 20 18 28 33 26 30 31 29 18 10 6 355 214 243 240 223 212 203 203 203 231 242 220 203 192 185 180 181 189 192 183 175 174 174 174 184 185 173 178 189 188 182 174 164 154 150 162 174 171 169 179 188 184 179 169 154 169 181 175 179 171 168 176 181 182 180 174 172 174 173 163 191 185 163 167 201 220 -1 356
2 13 30 34 21 43 54 41 46 48 28 17 24 22 18 15 17 23 19 20 23 20 19 21 25 25 30 24 3 8 304 233 217 206 188 188 197 225 219 185 181 184 185 182 185 194 191 181 175 173 172 171 177 176 175 186 190 182 183 179 168 161 159 170 181 177 169 176 199 198 172 160 148 163 188 186 189 178 165 172 202 195 195 180 141 138 173 165 165 186 354 321 318 324 341 349
2 18 34 31 20 41 43 28 38 34 15 14 23 30 27 25 25 22 18 21 25 22 22 31 29 17 23 19 6 8 22 12 220 198 180 182 209 230 202 171 176 186 190 188 195 196 185 181 178 177 181 178 165 164 180 200 188 172 173 173 170 169 169 174 189 187 175 188 201 189 168 153 136 350 351 348 352 356 349 347 346 353 359 1 3 6 0 359 5 357 351 0 356 330 333 336
7 31 40 32 26 40 38 24 27 17 6 11 17 18 20 27 19 13 21 35 40 33 40 51 33 10 20 23 9 12 23 13 5 359 3 25 251 224 186 158 174 214 207 206 205 188 178 180 180 177 189 188 168 169 185 193 186 169 160 164 169 183 218 338 315 304 331 338 340 308 340 347 342 346 352 357 1 5 3 350 344 350 359 2 6 358 351 357 7 2 349 1 2 354 350 340
15 28 37 35 36 45 42 23 18 11 7 11 17 16 21 22 11 12 19 32 39 35 52 61 31 2 27 33 12 15 19 9 6 7 11 16 6 348 352 357 1 8 4 237 199 176 167 175 180 181 210 196 173 225 276 152 187 186 -1 353 352 343 348 356 350 345 346 355 359 355 348 338 336 343 346 358 0 7 11 0 351 351 355 3 12 355 342 353 13 4 344 352 357 1 0 339
16 18 25 25 28 39 39 18 8 8 14 19 26 23 21 15 13 21 29 42 46 43 53 42 3 0 24 34 17 10 14 10 11 25 28 8 2 350 348 8 34 14 353 357 354 356 358 12 20 354 344 349 348 333 359 25 9 334 334 349 351 341 350 1 353 347 348 356 2 358 347 333 329 339 338 1 359 355 8 7 0 352 349 1 9 358 346 350 7 7 352 347 346 0 10 340
13 18 25 23 30 37 27 7 0 5 10 15 23 23 14 11 26 38 51 62 64 66 54 16 356 6 26 27 11 3 6 10 21 39 31 0 348 328 333 44 71 341 318 331 343 353 356 15 18 3 354 350 349 347 3 14 9 348 338 353 351 337 344 358 351 344 345 353 7 2 350 340 338 348 354 14 357 337 354 11 9 352 344 351 0 0 347 344 1 9 3 355 349 359 17 351
10 25 29 26 34 30 15 2 0 6 7 13 24 19 10 11 24 37 57 70 80 83 32 349 357 20 31 19 9 4 7 15 33 43 19 357 356 334 320 53 61 7 276 276 286 318 337 11 16 9 0 348 342 351 4 5 5 355 350 5 1 339 339 350 347 338 337 343 359 354 348 341 338 349 10 25 350 336 347 3 14 2 347 345 348 359 345 336 354 5 1 355 350 9 31 347
3 11 12 19 29 20 7 2 4 9 8 19 26 18 15 21 36 52 74 79 67 39 348 344 4 28 31 15 9 2 9 24 45 47 12 352 7 5 331 38 42 24 330 261 257 267 291 343 33 29 7 339 321 333 352 358 1 354 353 10 6 353 348 350 355 352 354 351 346 343 342 334 331 344 21 31 343 325 337 359 17 8 353 352 353 354 351 348 352 355 352 351 349 32 57 319
357 3 5 16 19 9 2 1 6 12 16 21 25 24 36 53 69 81 83 65 39 11 338 344 10 30 24 8 5 3 11 29 52 52 12 355 19 19 3 358 13 25 32 291 261 256 256 262 39 9 349 344 332 322 334 352 355 346 348 3 2 0 352 347 358 0 2 358 349 348 347 343 349 357 19 37 338 305 321 357 16 4 356 355 353 349 355 359 354 355 354 352 358 41 62 303
348 353 1 8 9 5 0 1 8 19 20 21 29 28 42 61 74 80 69 39 35 0 323 340 14 33 24 5 11 17 21 35 51 45 11 4 16 19 11 347 351 36 58 13 276 271 264 269 336 336 332 342 342 329 336 352 351 350 353 354 357 5 349 340 0 6 1 353 349 351 347 345 0 4 11 32 0 301 313 0 9 357 358 0 350 343 353 356 351 356 355 350 7 54 59 313
351 350 353 356 2 6 359 6 19 26 24 35 46 33 49 62 60 55 30 14 27 7 323 334 10 36 34 12 33 42 29 39 55 50 12 4 17 16 7 357 357 46 72 53 283 292 292 299 325 319 318 330 336 327 331 346 346 354 359 352 0 5 348 347 8 12 356 341 343 350 345 342 355 0 17 38 24 293 294 345 357 355 359 2 0 354 353 352 345 356 357 344 28 71 61 313
351 350 349 352 0 5 1 17 34 33 50 70 62 38 57 64 56 36 5 12 27 21 344 330 6 30 29 22 43 51 38 60 75 61 6 3 13 10 8 11 18 53 75 48 295 311 318 326 342 326 317 326 328 325 329 340 340 348 353 346 3 5 341 354 12 7 357 345 346 357 355 347 349 355 30 49 45 295 280 308 340 350 358 3 7 4 359 359 350 358 8 2 46 77 60 305
334 338 346 349 358 7 8 34 45 35 52 53 33 32 60 70 64 19 353 27 27 32 358 324 8 31 26 28 47 49 26 43 51 20 5 14 9 7 20 32 35 59 76 46 293 304 318 334 348 338 329 336 333 336 349 353 344 344 345 337 5 5 330 350 8 4 356 344 346 1 0 353 355 1 23 42 49 321 278 278 300 332 358 4 4 3 1 1 352 358 13 22 59 75 17 318
318 317 335 340 357 17 26 52 51 38 47 39 27 39 57 55 38 359 354 21 17 36 7 317 17 39 31 38 52 46 14 36 36 3 8 18 10 8 19 27 31 57 75 56 282 286 300 325 340 335 332 337 329 334 357 0 351 353 351 347 3 7 339 342 2 5 350 338 346 355 353 351 356 9 29 47 52 358 286 273 281 310 358 2 359 0 3 1 351 0 13 44 73 71 335 313
327 327 339 346 5 20 40 64 60 50 55 51 46 60 64 50 27 0 357 21 34 50 16 329 32 53 47 52 61 48 20 54 42 346 6 18 14 13 26 33 42 64 77 61 282 283 294 316 327 323 324 333 324 328 351 353 350 356 353 351 5 10 351 346 358 2 352 347 354 351 346 348 355 26 56 67 62 27 288 267 268 280 335 352 358 0 1 0 1 9 15 65 78 57 310 296
326 337 341 346 9 21 43 57 45 36 46 50 46 64 68 51 31 14 15 36 56 56 23 4 72 82 73 68 64 48 35 58 27 333 2 23 26 27 41 48 56 82 94 86 282 282 289 304 314 324 331 340 339 343 345 340 344 356 354 352 10 8 345 343 357 1 353 351 358 354 352 354 3 46 78 81 70 57 289 263 263 266 287 321 348 0 359 1 13 22 45 81 74 33 320 295
307 335 335 339 7 22 47 55 44 37 54 57 45 56 49 31 26 28 33 39 59 54 41 60 81 77 52 62 71 67 71 51 352 342 3 14 18 26 44 53 59 83 92 302 283 281 287 299 292 302 319 328 337 351 351 344 346 356 0 1 10 5 333 329 353 0 355 348 349 350 354 3 24 70 77 43 37 45 358 278 265 263 259 271 305 352 354 8 36 50 77 84 61 28 330 295
316 340 348 350 2 26 62 75 75 77 84 81 68 65 53 32 31 40 46 46 58 61 67 81 83 58 21 62 82 96 101 325 320 343 6 19 26 40 57 65 72 80 77 336 284 280 288 308 287 269 265 274 295 330 352 345 346 355 5 5 5 7 344 330 348 359 1 352 339 338 353 32 73 86 69 5 36 55 33 296 266 261 258 266 279 326 346 28 63 74 79 69 40 33 341 297
314 334 354 2 7 29 66 76 75 94 106 108 108 91 81 68 64 65 59 47 54 56 55 58 47 13 2 52 71 82 63 308 303 333 26 57 74 87 90 89 89 85 79 350 291 289 290 304 311 306 271 267 284 302 340 339 340 352 1 0 4 10 356 332 338 352 358 0 352 350 9 53 76 79 56 346 59 75 65 306 270 267 267 268 270 286 318 30 52 50 56 49 35 39 0 297
299 316 345 6 23 48 75 80 73 84 93 94 93 96 100 106 101 93 76 65 62 48 41 47 33 0 2 57 75 74 344 313 317 341 38 71 87 97 101 101 96 90 85 338 284 288 292 293 301 331 342 296 279 270 288 317 332 349 354 358 8 16 9 331 320 332 349 0 357 6 40 66 70 55 14 359 57 75 65 335 285 276 269 266 264 265 289 4 48 48 53 51 44 45 15 311
301 316 340 19 60 77 85 84 73 76 76 67 59 75 87 103 100 90 81 73 63 52 48 57 44 5 25 85 93 73 309 303 318 345 52 75 81 87 94 102 104 96 91 293 272 275 283 285 283 307 349 328 288 260 257 276 308 341 348 354 4 9 15 356 311 308 332 5 12 53 75 73 65 32 354 15 63 68 48 346 291 275 264 263 263 260 272 320 58 60 66 67 58 55 21 318
