data/MicaCreek/aspect.asc
ncols 541
nrows 644
xllcorner -1620000
yllcorner 438000
cellsize 100
NODATA_value -9999
[rows 473 to 515 of 644, columns 384 to 479 of 541]
250 249 245 261 271 275 269 101 91 84 74 76 73 40 71 87 87 67 35 1 347 4 42 63 86 93 94 95 97 91 83 87 90 89 96 102 102 92 284 281 280 280 285 289 284 275 269 266 280 304 326 333 326 316 291 272 105 85 78 80 78 61 76 97 91 67 60 45 21 30 57 59 49 30 293 267 255 252 242 227 238 246 231 229 252 248 201 191 234 256 256 256 275 298 298 327
259 266 278 287 293 307 307 41 70 60 67 79 52 45 89 97 89 23 357 1 28 115 140 143 123 114 116 106 105 111 111 104 101 100 96 98 100 89 286 290 298 288 286 291 288 279 276 276 277 288 317 331 330 331 311 287 63 80 82 83 79 77 99 103 94 76 58 36 21 52 70 64 58 53 321 282 270 256 240 231 243 240 216 234 248 225 187 210 245 249 254 293 311 314 307 353
256 256 263 262 255 261 290 16 45 48 65 64 11 46 74 85 75 320 327 35 96 122 146 144 139 139 138 124 121 127 126 113 104 100 96 97 95 45 282 286 296 288 285 288 285 276 272 269 267 269 283 304 320 338 337 319 76 96 98 92 85 85 90 89 89 85 36 19 12 39 49 43 47 53 1 295 289 271 258 253 253 242 223 241 237 201 188 229 252 254 256 260 266 279 291 28
247 240 240 233 228 235 253 315 37 56 63 41 355 15 36 45 27 320 334 92 93 87 89 109 125 140 140 128 122 123 117 99 74 67 85 90 92 315 290 287 287 279 274 271 273 270 258 244 252 253 251 271 297 334 354 54 124 124 117 107 95 84 77 71 59 37 357 357 354 36 50 39 50 60 23 309 308 275 255 261 263 254 243 248 238 208 216 255 256 240 233 229 229 241 247 171
244 234 236 241 242 244 252 269 49 71 69 32 336 348 22 37 13 344 23 62 81 94 113 108 112 124 126 112 102 86 65 53 51 67 84 87 83 297 291 290 285 278 273 261 264 269 262 255 259 259 255 265 278 315 23 93 113 118 103 93 85 65 52 51 42 22 357 348 346 57 66 54 68 69 27 317 326 328 255 256 253 237 223 232 236 223 240 256 243 215 221 233 237 247 252 247
254 244 251 258 254 252 258 263 65 78 75 15 315 331 30 42 20 18 82 94 99 113 137 122 114 105 77 70 61 31 34 45 63 78 86 86 76 281 275 270 264 268 276 292 288 291 299 299 287 277 271 267 264 258 95 89 87 81 82 85 78 38 35 45 34 13 358 359 17 74 75 64 75 75 29 313 332 19 289 253 242 224 216 231 237 220 221 229 219 212 233 242 239 256 267 274
280 273 275 278 277 273 267 255 199 71 46 359 322 329 85 89 108 134 141 136 120 115 126 118 107 57 16 22 19 16 36 56 69 84 93 90 79 270 265 261 271 277 280 293 294 299 309 310 310 307 302 284 278 270 127 106 97 91 91 91 77 16 47 61 41 2 354 23 60 84 82 79 84 74 1 332 340 20 27 263 245 229 228 245 243 219 219 229 232 246 266 273 280 280 284 300
269 262 268 270 265 265 265 250 223 93 37 15 142 157 153 153 142 141 150 138 121 106 94 87 69 355 335 353 18 36 59 71 74 84 89 84 72 272 260 256 269 275 272 274 282 292 307 301 306 318 317 298 293 356 120 122 111 91 74 63 39 27 75 76 42 334 351 61 85 94 92 94 91 65 336 334 346 14 29 350 251 230 244 261 258 244 249 260 269 282 290 295 300 291 288 294
240 240 249 245 228 246 251 240 229 208 154 129 131 145 157 153 137 130 142 134 110 90 71 61 27 342 324 339 58 77 82 84 82 82 80 73 69 283 261 256 261 263 264 270 281 296 319 300 296 309 311 298 296 85 100 99 84 58 55 54 27 29 39 21 0 351 31 87 98 102 105 104 94 37 319 317 338 16 32 35 5 251 265 273 268 254 261 273 277 279 283 285 282 275 265 186
246 258 263 245 224 240 241 227 225 206 169 134 109 114 137 119 107 103 110 117 107 90 75 60 358 334 333 19 84 90 91 87 83 85 83 78 76 304 272 267 266 269 274 278 281 286 308 293 289 303 309 303 318 75 80 62 38 34 55 57 17 23 21 358 351 20 77 98 98 103 118 119 102 336 321 311 329 30 48 58 52 290 269 265 255 243 260 275 284 278 276 275 273 260 236 171
251 259 257 236 232 248 254 256 262 243 146 129 105 92 80 100 106 100 94 98 93 79 69 33 330 321 353 70 88 90 93 89 87 89 84 77 74 338 276 272 270 270 270 275 275 264 237 251 257 256 269 283 324 54 47 27 17 26 47 47 9 13 11 347 5 92 101 99 96 105 118 117 319 321 325 319 338 28 41 51 46 345 276 265 261 276 283 281 281 277 278 283 277 238 196 173
250 253 250 251 268 276 281 290 297 333 71 100 97 83 67 77 72 60 50 26 14 13 19 5 333 320 41 87 92 86 84 86 89 88 84 78 77 29 269 267 268 265 256 259 260 239 214 233 235 224 239 250 264 44 43 18 14 36 53 38 6 5 6 4 102 113 112 104 100 104 108 10 309 314 319 318 341 34 40 42 35 13 302 279 278 283 283 278 275 277 279 284 261 168 167 168
257 261 264 263 264 265 263 256 263 306 77 87 85 69 33 30 27 26 21 6 3 9 17 9 347 332 114 113 118 97 89 88 89 87 85 84 83 56 274 268 265 260 246 250 243 219 215 238 245 237 246 248 245 186 69 37 38 72 70 28 5 18 46 104 113 116 116 102 99 99 85 312 302 309 309 316 351 45 46 43 42 36 314 284 284 280 277 276 279 280 281 279 155 143 157 158
266 258 250 240 251 257 248 236 243 242 73 51 32 24 9 0 12 20 19 13 14 32 51 65 120 143 134 128 127 96 88 79 77 80 78 75 77 52 278 279 277 269 260 260 253 238 257 276 281 290 287 282 280 305 57 66 100 89 68 15 32 73 87 95 99 105 110 97 95 86 22 316 307 314 313 330 19 45 45 54 67 66 304 275 273 277 280 276 271 272 275 259 123 127 150 151
269 253 246 243 256 263 258 250 245 231 181 6 0 6 7 13 50 82 100 127 153 145 135 139 144 132 123 108 53 76 79 66 70 74 68 64 67 61 266 269 273 269 267 272 275 281 286 295 303 308 307 308 318 346 53 71 75 62 40 18 52 74 77 81 87 90 106 108 99 69 349 317 306 308 305 332 36 38 29 33 37 38 5 273 266 269 271 265 268 272 268 210 105 106 123 128
263 265 266 263 262 261 258 254 247 230 215 263 314 355 26 71 107 137 132 142 169 164 140 132 136 116 94 45 46 84 83 70 73 71 64 65 70 69 275 265 261 254 255 263 267 273 280 290 303 301 296 298 307 1 63 66 54 26 23 28 53 57 54 76 86 90 105 92 65 26 339 320 307 297 291 315 51 40 24 15 23 40 45 280 263 265 266 273 280 281 275 249 88 84 80 93
267 285 288 283 273 262 244 233 231 221 216 247 266 308 107 111 106 97 96 103 154 151 128 119 124 114 74 29 88 96 76 52 69 73 70 73 78 77 294 272 267 261 260 264 266 270 273 273 262 253 251 244 233 211 71 56 46 354 3 35 56 55 66 87 88 85 69 30 22 11 344 334 321 306 298 325 63 53 26 6 24 57 61 336 286 277 279 288 281 277 275 301 79 79 82 89
269 277 279 276 276 275 258 244 238 224 218 249 261 253 88 86 67 55 77 85 87 101 111 116 117 108 8 33 77 76 44 50 74 79 81 90 93 88 296 273 273 275 278 280 277 272 263 245 218 228 233 229 221 217 171 63 16 344 3 43 60 73 98 107 97 80 33 4 12 9 349 334 322 314 315 12 56 27 12 7 30 71 63 349 313 297 292 291 279 274 274 280 94 96 98 97
276 267 256 253 262 273 297 289 271 249 241 265 272 325 65 57 35 36 56 54 22 36 52 66 63 345 351 40 61 49 43 75 86 85 85 92 95 88 304 276 273 268 270 272 266 256 250 237 225 242 252 249 231 220 210 169 304 324 25 63 78 100 107 100 94 68 19 3 8 6 0 322 306 308 333 40 13 3 13 21 48 64 36 355 320 299 293 287 276 273 273 146 109 111 101 94
280 267 251 256 263 261 262 286 304 303 279 277 280 320 54 56 37 36 53 51 28 28 42 49 19 349 354 9 33 45 61 80 86 85 78 80 81 71 302 274 268 262 264 262 254 252 262 271 279 280 281 270 239 232 229 204 257 256 118 116 110 110 105 93 84 36 14 9 2 0 6 330 296 294 347 25 356 0 33 48 56 44 13 5 325 290 286 288 280 276 267 119 98 101 98 92
271 258 249 263 267 256 247 261 288 333 317 300 293 310 58 72 68 83 89 74 43 50 72 66 16 345 339 359 43 60 62 72 82 82 78 82 82 71 304 276 269 264 267 267 265 274 282 286 293 291 296 312 317 320 325 341 277 208 131 135 125 115 102 94 80 2 20 22 351 355 4 328 309 316 355 14 3 15 43 40 40 36 7 13 330 287 275 276 276 274 271 89 85 75 76 88
277 258 250 260 261 258 253 255 262 293 298 296 287 264 89 86 92 103 96 78 74 86 87 75 12 318 316 2 71 76 65 76 83 83 82 84 81 67 313 276 264 259 264 265 264 270 270 262 261 264 265 286 306 321 346 357 330 131 123 118 113 118 111 93 63 347 52 49 325 358 345 307 307 326 8 14 11 24 29 17 35 48 5 349 331 298 271 268 273 276 276 103 98 99 111 118
303 265 259 262 261 258 259 263 264 265 268 263 234 223 127 80 73 73 56 59 71 64 48 23 351 335 336 31 75 71 59 78 86 84 80 84 83 70 316 269 261 262 265 262 255 255 251 244 245 248 247 245 256 258 268 332 71 104 110 90 86 99 109 83 36 6 44 23 332 0 338 304 299 327 36 8 19 26 24 22 57 68 359 317 314 316 305 287 281 275 230 133 128 141 133 132
355 290 272 266 260 255 261 264 257 250 254 245 223 237 214 76 71 53 41 55 45 24 19 10 344 338 13 82 88 75 65 83 92 96 96 97 92 78 341 274 272 269 267 263 254 255 252 243 237 240 239 227 227 223 218 226 107 95 86 70 70 72 73 39 27 26 37 7 330 348 336 318 310 343 23 9 24 28 34 53 78 72 355 304 298 310 320 302 280 248 168 141 137 148 137 126
17 337 292 273 267 261 260 254 237 229 238 238 235 257 268 83 76 59 55 55 28 12 15 10 353 94 129 117 108 98 90 88 85 83 91 94 88 75 11 279 272 275 276 269 256 258 257 249 250 254 244 221 228 230 220 223 142 64 26 38 54 60 54 31 54 54 35 345 317 322 325 326 322 346 16 20 27 23 28 43 61 54 357 317 305 300 305 302 277 191 141 138 136 141 133 118
17 4 341 288 270 260 255 248 231 226 243 249 249 257 244 100 94 104 122 86 17 16 33 36 80 115 128 114 108 113 109 95 86 74 79 82 81 78 29 280 275 276 275 260 244 252 254 246 255 257 241 229 246 242 214 231 251 13 15 37 57 58 45 38 47 31 18 332 302 295 305 324 328 348 20 32 32 26 25 33 51 49 353 315 308 298 295 304 298 110 107 113 118 111 101 90
30 19 12 302 266 246 246 247 240 251 262 256 247 253 235 114 111 113 134 189 199 127 112 114 109 107 117 114 118 132 136 121 104 89 84 85 83 76 31 286 280 271 262 245 239 249 247 230 237 233 220 232 246 232 208 244 257 283 5 57 72 65 47 44 37 25 26 336 294 288 301 326 337 3 27 34 37 32 25 31 55 58 351 304 306 307 304 314 343 32 63 67 60 59 65 74
68 55 46 313 263 242 248 250 249 266 267 252 242 239 200 147 127 117 128 200 196 158 138 128 118 111 118 118 122 134 136 132 122 112 96 83 70 63 25 293 282 270 260 243 250 258 247 224 234 235 225 237 241 227 226 254 257 260 282 86 85 76 58 53 46 45 53 336 291 283 294 318 340 24 27 20 22 15 18 32 60 65 357 300 305 311 309 321 347 18 58 63 51 50 49 40
48 31 35 6 291 258 257 259 264 273 274 268 263 233 180 169 152 139 154 184 177 165 167 154 140 134 127 119 120 130 128 129 128 120 103 85 69 58 9 319 307 275 253 234 252 260 247 232 246 245 233 247 253 256 272 274 269 266 232 95 82 61 43 45 46 56 51 334 309 284 287 305 336 38 17 7 16 11 25 48 58 35 0 330 310 304 304 324 351 29 74 75 62 52 34 16
14 18 32 18 358 329 275 273 277 283 294 306 301 136 145 169 160 149 163 180 166 156 169 167 159 159 152 135 129 135 133 134 130 118 105 97 87 61 349 329 336 304 256 233 241 235 219 217 236 244 246 261 267 268 267 270 274 272 272 77 64 49 40 37 31 28 9 349 339 302 295 307 342 24 2 10 19 19 49 65 48 359 2 353 322 308 297 198 171 165 107 80 54 40 27 16
318 5 37 20 13 0 312 298 291 285 294 311 329 104 126 158 155 145 158 179 158 141 153 163 159 159 153 136 126 130 135 146 149 137 124 112 97 57 318 324 352 355 318 252 238 227 217 221 241 247 243 251 246 230 227 246 254 252 258 61 55 42 39 33 11 6 1 353 345 301 293 311 343 11 13 32 28 42 64 62 27 344 13 13 325 311 150 147 170 180 151 108 85 85 111 145
330 327 23 19 14 352 324 317 307 286 287 301 52 93 96 116 139 137 153 175 158 134 131 137 132 124 118 101 93 99 110 129 149 136 131 126 86 339 322 334 7 28 12 340 256 245 238 250 260 252 237 241 237 224 234 249 242 226 234 66 52 38 36 26 2 350 357 3 348 294 285 298 329 30 50 52 67 99 101 84 28 331 35 20 320 235 131 132 163 193 169 137 134 126 134 154
1 349 6 14 3 339 318 319 315 289 283 287 86 88 82 89 104 111 130 158 160 147 140 140 131 114 95 76 76 72 74 83 105 112 112 107 354 312 315 335 19 36 20 15 333 257 239 255 261 251 240 244 242 234 252 259 239 221 234 230 101 56 27 12 359 351 357 12 0 303 280 267 209 142 132 92 104 123 131 138 171 197 162 178 199 137 132 136 171 203 168 140 141 125 126 141
12 2 12 9 358 338 318 323 324 308 293 287 99 99 93 81 66 63 72 105 140 158 154 85 88 78 23 24 36 36 49 63 76 92 87 349 325 301 302 327 23 35 22 17 19 15 252 251 245 231 224 233 238 235 248 247 231 238 251 237 163 180 319 346 347 345 352 13 11 325 250 215 177 166 188 152 118 122 129 142 171 183 188 205 161 122 119 125 166 200 170 149 153 142 142 149
25 19 14 358 355 344 323 321 317 308 293 301 77 64 42 34 27 39 56 76 86 342 323 13 39 14 345 357 19 41 65 70 62 53 20 338 332 320 312 325 17 36 28 26 40 41 336 258 244 226 229 240 238 227 234 232 224 244 257 244 186 223 252 261 262 264 281 348 40 90 196 198 172 174 192 170 144 139 143 152 172 178 196 209 168 126 111 113 144 189 168 144 148 141 148 162
16 16 8 351 349 349 333 319 306 293 282 307 39 37 25 25 24 43 58 63 46 347 329 7 36 0 335 348 36 80 90 80 54 31 4 334 323 328 337 341 5 22 21 25 39 40 26 288 259 239 248 251 236 224 234 236 230 247 257 252 204 229 241 212 213 230 242 233 119 118 180 197 156 167 178 168 157 150 147 159 176 174 185 190 177 163 150 137 140 172 158 137 134 130 138 156
12 16 5 346 344 354 354 339 323 306 296 303 12 39 29 32 41 58 62 58 38 348 324 359 26 3 347 17 94 97 91 74 45 20 358 330 308 317 344 348 359 22 24 29 40 33 24 0 271 227 241 240 228 231 246 249 244 254 252 232 197 212 218 186 206 220 205 192 138 121 176 186 158 151 155 152 153 153 144 154 170 168 172 180 177 169 169 159 155 162 158 155 149 139 134 138
13 17 358 331 333 356 11 359 337 320 318 315 349 20 24 39 55 63 68 66 41 347 314 342 31 33 76 129 125 110 99 67 25 5 351 336 307 308 342 345 1 45 46 50 51 31 33 45 71 212 236 232 219 224 240 243 242 252 245 224 195 202 217 186 207 203 183 183 159 142 165 176 167 160 160 152 153 165 157 152 160 156 154 167 172 165 170 164 158 152 151 155 154 153 150 155
218 2 339 315 314 0 29 9 338 323 318 297 319 20 37 52 52 44 53 51 24 354 324 338 89 106 125 135 129 114 101 36 359 347 346 342 304 299 338 335 13 60 63 56 40 27 52 68 69 86 239 229 221 236 250 246 239 242 232 209 199 221 243 219 206 174 169 178 165 157 164 167 162 160 160 152 153 169 170 167 169 163 159 169 173 164 164 160 154 144 140 136 133 145 151 152
203 205 231 249 250 265 30 10 326 281 223 236 226 170 104 67 51 42 55 46 19 2 350 74 99 101 113 128 121 109 86 352 324 330 347 347 301 293 318 317 29 61 42 17 12 15 40 55 53 51 243 234 235 254 260 251 241 239 225 207 226 256 276 311 345 26 50 106 143 157 164 159 146 147 136 133 140 150 162 171 172 160 157 173 177 165 162 163 158 155 157 144 119 119 128 122
213 213 215 214 218 213 184 164 174 181 184 212 218 188 173 105 74 72 71 51 32 31 62 89 88 90 95 107 99 75 29 344 315 321 355 354 301 287 287 291 35 57 25 1 1 13 45 58 50 47 54 232 233 249 250 243 241 243 242 245 264 268 273 297 326 11 38 60 86 125 150 148 148 159 129 110 113 119 135 166 171 149 144 166 172 158 157 161 154 158 170 163 142 140 147 129
231 224 219 223 227 215 190 163 157 174 183 215 219 192 193 182 107 61 54 57 69 93 112 99 82 81 78 63 53 40 13 337 306 318 356 4 332 296 276 281 18 56 7 346 0 27 68 73 61 66 77 225 239 250 247 239 251 266 273 278 277 275 275 287 309 8 49 62 69 69 103 130 145 167 128 97 104 119 139 170 178 156 143 156 162 145 145 153 139 144 163 162 147 146 151 135
211 199 200 214 220 208 192 169 141 161 192 239 236 202 217 223 150 47 63 66 57 70 92 119 109 87 71 42 44 49 12 327 290 301 346 20 19 323 287 283 345 41 343 338 6 37 70 77 72 80 87 216 246 254 252 249 264 273 272 265 266 267 272 285 303 7 47 62 64 51 71 90 94 10 78 97 104 109 124 166 179 161 147 157 159 149 149 157 135 131 145 144 132 124 111 353
