data/MicaCreek/elevation.asc
ncols 541
nrows 644
xllcorner -1620000
yllcorner 438000
cellsize 100
NODATA_value -9999
[rows 380 to 417 of 644, columns 425 to 509 of 541]
1706 1704 1730 1757 1812 1847 1880 1917 2012 2027 2030 2042 2025 2018 2001 2019 2028 2064 2056 2060 2114 2170 2201 2202 2199 2176 2143 2127 2120 2186 2188 2200 2211 2158 2097 2069 2080 2039 1951 1879 1881 1888 1903 1970 2007 2042 2074 2092 2126 2173 2081 2094 2144 2257 2264 2196 2128 2067 1996 1932 1862 1793 1791 1790 1757 1744 1709 1599 1544 1490 1448 1351 1310 1272 1190 1148 1103 1062 951 897 852 802 806 809 813
1672 1690 1717 1747 1809 1842 1866 1906 1957 1946 1934 1962 1936 1930 1960 1973 1980 2021 2088 2104 2147 2197 2214 2193 2164 2136 2096 2080 2070 2073 2085 2089 2107 2095 2043 2049 2056 2039 1955 1874 1871 1876 1887 1932 1965 1997 2027 2068 2114 2157 2141 2138 2129 2151 2154 2171 2138 2060 2015 1945 1861 1795 1791 1792 1723 1684 1673 1617 1566 1511 1459 1351 1300 1251 1134 1079 1082 1039 933 888 839 807 812 817 826
1638 1682 1701 1734 1803 1828 1866 1888 1916 1903 1888 1921 1902 1888 1878 1874 1916 1955 2017 2064 2129 2183 2163 2152 2125 2093 2054 2034 2025 2030 2049 2045 2063 2053 2015 2011 1994 2002 2001 1896 1870 1868 1871 1901 1925 1958 1999 2038 2089 2130 2094 2086 2070 2075 2113 2120 2096 2120 2089 2029 1933 1886 1804 1783 1702 1654 1621 1599 1556 1504 1447 1331 1280 1232 1125 1073 1018 965 903 863 816 814 825 830 844
1640 1658 1679 1710 1775 1818 1847 1879 1874 1857 1842 1874 1862 1838 1851 1839 1877 1916 2010 2068 2118 2107 2060 2040 2028 1988 2009 1982 1969 1998 2002 1990 2024 2013 1997 1980 1957 1951 1980 1913 1860 1845 1822 1832 1862 1876 1958 2025 2071 2091 2050 2026 2012 2014 2052 2053 2043 2064 2077 2061 1966 1916 1869 1811 1680 1620 1575 1501 1537 1484 1423 1305 1258 1212 1111 1062 1007 945 874 849 806 815 825 842 860
1616 1640 1669 1705 1775 1802 1824 1818 1799 1774 1753 1819 1817 1799 1808 1810 1856 1909 2003 2058 2102 2064 2022 1989 1974 1933 1916 1890 1907 1927 1909 1898 1981 1979 1985 1948 1920 1906 1936 1921 1863 1823 1789 1779 1803 1845 1946 1990 2008 2003 1969 1927 1925 1966 1995 1992 1995 2003 2017 2035 1990 1936 1879 1766 1703 1640 1587 1459 1447 1430 1327 1282 1233 1182 1092 1043 984 888 855 833 804 812 823 843 902
1605 1638 1675 1709 1765 1791 1811 1790 1759 1736 1714 1728 1710 1711 1759 1801 1851 1906 2006 2053 2089 2031 1988 1945 1923 1894 1861 1849 1881 1892 1863 1852 1888 1914 1931 1919 1879 1847 1890 1889 1850 1801 1752 1736 1771 1826 1917 1959 1980 1954 1913 1874 1866 1859 1875 1876 1900 1904 1931 1984 1970 1940 1884 1755 1698 1649 1594 1447 1395 1382 1313 1259 1205 1160 1065 1011 949 856 828 807 802 813 826 852 917
1613 1647 1675 1704 1750 1776 1790 1759 1720 1694 1677 1694 1675 1705 1762 1796 1842 1905 2032 2077 2071 2010 1950 1888 1881 1853 1819 1796 1851 1846 1816 1806 1838 1864 1882 1899 1875 1836 1797 1805 1772 1742 1692 1705 1750 1811 1898 1941 1972 1907 1871 1838 1806 1796 1814 1818 1840 1858 1880 1879 1868 1892 1888 1780 1712 1635 1572 1443 1380 1327 1276 1233 1191 1141 1033 989 935 850 817 795 795 819 854 889 987
1610 1647 1671 1706 1715 1732 1727 1690 1642 1654 1666 1660 1663 1699 1751 1787 1834 1952 2024 2052 2039 1971 1936 1869 1780 1777 1734 1711 1754 1755 1771 1786 1787 1818 1823 1868 1847 1813 1767 1769 1727 1696 1672 1707 1751 1870 1917 1943 1938 1839 1791 1802 1742 1740 1754 1770 1783 1819 1830 1829 1822 1858 1866 1776 1721 1655 1537 1475 1414 1354 1246 1175 1150 1075 1024 962 915 841 810 789 820 838 864 903 993
1603 1639 1662 1686 1698 1708 1697 1648 1608 1592 1610 1596 1624 1679 1766 1795 1837 1934 1988 2016 2001 1934 1888 1840 1751 1713 1686 1672 1695 1702 1674 1697 1690 1715 1751 1786 1807 1779 1736 1733 1687 1660 1677 1720 1769 1871 1907 1917 1901 1809 1757 1717 1669 1648 1651 1664 1698 1772 1779 1777 1775 1817 1831 1754 1703 1650 1521 1468 1406 1354 1255 1191 1114 1008 967 929 894 836 809 792 824 848 880 912 992
1599 1631 1650 1669 1672 1676 1665 1610 1577 1561 1567 1580 1630 1680 1764 1791 1817 1887 1920 1941 1932 1902 1852 1803 1722 1690 1648 1631 1630 1645 1624 1654 1641 1682 1727 1744 1719 1678 1650 1643 1611 1594 1682 1728 1782 1874 1888 1878 1864 1769 1722 1678 1620 1601 1601 1609 1649 1662 1674 1672 1688 1727 1759 1738 1691 1638 1509 1452 1395 1340 1243 1191 1137 1032 980 932 888 839 815 799 817 853 888 940 1021
1561 1577 1582 1602 1597 1593 1612 1577 1547 1526 1552 1587 1632 1728 1761 1786 1815 1872 1893 1906 1864 1835 1804 1766 1687 1641 1599 1585 1573 1596 1578 1607 1610 1655 1718 1709 1679 1642 1609 1598 1564 1636 1683 1734 1782 1838 1845 1832 1835 1754 1701 1654 1578 1560 1558 1557 1597 1611 1624 1621 1651 1679 1714 1715 1675 1626 1505 1450 1392 1332 1229 1167 1110 1016 968 923 883 830 811 794 816 849 894 946 1049
1528 1531 1539 1553 1548 1553 1538 1508 1471 1470 1553 1597 1648 1727 1753 1782 1814 1848 1852 1867 1831 1802 1785 1758 1689 1639 1595 1518 1503 1503 1496 1509 1546 1619 1675 1664 1637 1610 1548 1547 1538 1634 1683 1731 1770 1810 1812 1806 1783 1759 1713 1658 1552 1509 1507 1540 1552 1558 1575 1575 1612 1646 1699 1689 1661 1615 1510 1459 1402 1296 1240 1187 1137 1025 965 918 837 816 802 789 816 852 901 1000 1041
1487 1476 1495 1505 1503 1513 1507 1469 1433 1468 1553 1608 1655 1713 1736 1752 1764 1768 1757 1812 1794 1766 1752 1739 1676 1636 1594 1508 1470 1458 1453 1469 1503 1542 1579 1581 1542 1516 1455 1488 1530 1636 1680 1722 1753 1778 1772 1767 1747 1719 1704 1671 1559 1503 1445 1435 1445 1462 1475 1500 1576 1618 1660 1653 1629 1597 1520 1470 1416 1301 1247 1186 1132 1008 949 902 817 782 786 799 843 864 913 991 1025
1397 1393 1410 1394 1446 1461 1471 1433 1413 1456 1555 1613 1656 1700 1713 1719 1729 1716 1703 1716 1703 1690 1672 1665 1631 1621 1584 1504 1451 1411 1405 1432 1461 1485 1535 1528 1499 1456 1425 1488 1549 1643 1672 1692 1704 1703 1741 1727 1700 1680 1667 1647 1554 1493 1436 1381 1393 1415 1432 1465 1514 1560 1591 1577 1546 1515 1479 1473 1425 1298 1241 1184 1131 1013 953 897 813 780 795 808 854 890 936 996 1018
1339 1340 1348 1332 1340 1376 1393 1364 1395 1496 1550 1611 1654 1682 1674 1673 1687 1669 1652 1648 1642 1645 1635 1604 1596 1570 1541 1482 1445 1398 1328 1395 1425 1443 1493 1479 1447 1382 1413 1475 1522 1623 1643 1657 1664 1659 1650 1638 1610 1592 1575 1529 1535 1483 1425 1338 1356 1382 1398 1448 1497 1528 1545 1526 1497 1446 1435 1424 1401 1299 1235 1183 1076 1018 957 900 817 782 791 840 874 909 949 1003 1028
1290 1282 1288 1271 1280 1308 1347 1345 1400 1511 1556 1602 1627 1618 1586 1570 1638 1618 1599 1590 1572 1581 1589 1553 1555 1537 1513 1464 1429 1388 1298 1312 1334 1366 1406 1404 1360 1359 1411 1459 1518 1586 1608 1620 1628 1616 1598 1582 1561 1547 1527 1482 1450 1417 1380 1273 1289 1292 1380 1425 1459 1476 1482 1466 1441 1397 1395 1385 1361 1279 1227 1176 1070 1011 953 895 809 773 783 854 893 931 965 1003 1030
1209 1244 1221 1224 1242 1264 1324 1368 1415 1524 1556 1583 1593 1579 1546 1536 1546 1525 1500 1488 1482 1488 1547 1502 1508 1497 1484 1433 1405 1368 1276 1274 1312 1330 1368 1356 1301 1319 1378 1423 1458 1510 1527 1581 1584 1566 1550 1538 1505 1495 1478 1433 1406 1379 1348 1239 1244 1264 1330 1347 1360 1372 1361 1352 1385 1356 1344 1339 1314 1252 1211 1161 1060 1005 946 892 805 772 792 884 921 955 990 1021 1027
1146 1138 1204 1264 1314 1382 1415 1447 1440 1525 1542 1549 1549 1520 1499 1501 1496 1485 1464 1437 1439 1441 1437 1398 1396 1395 1382 1358 1353 1327 1240 1242 1270 1312 1330 1311 1251 1311 1357 1389 1445 1470 1485 1494 1491 1483 1473 1447 1426 1453 1430 1386 1363 1337 1305 1226 1201 1223 1280 1299 1306 1316 1313 1305 1290 1265 1261 1242 1220 1174 1185 1140 1047 992 937 885 798 770 800 886 917 949 988 1021 1030
1079 1114 1218 1282 1337 1415 1446 1466 1481 1486 1477 1461 1419 1433 1458 1473 1457 1448 1424 1394 1387 1389 1381 1347 1343 1345 1327 1314 1291 1238 1147 1149 1193 1253 1249 1270 1216 1282 1320 1353 1421 1434 1444 1447 1452 1436 1432 1417 1386 1368 1347 1303 1274 1252 1216 1211 1171 1183 1230 1249 1262 1272 1265 1257 1244 1210 1207 1189 1146 1135 1115 1081 998 948 898 811 787 767 790 873 903 939 1004 1022 1029
1081 1144 1250 1308 1360 1426 1446 1457 1456 1455 1441 1422 1399 1409 1419 1418 1384 1364 1342 1299 1331 1341 1332 1304 1296 1293 1272 1266 1252 1215 1104 1126 1183 1220 1212 1158 1128 1218 1266 1303 1343 1394 1404 1406 1405 1399 1395 1382 1347 1323 1296 1262 1237 1215 1185 1171 1149 1118 1142 1160 1182 1226 1216 1200 1188 1158 1151 1136 1094 1086 1070 1042 956 912 869 792 768 763 773 833 873 916 998 1026 1056
1131 1213 1256 1308 1339 1410 1419 1418 1422 1417 1409 1397 1373 1374 1377 1373 1340 1327 1309 1253 1236 1248 1238 1222 1209 1199 1229 1222 1210 1179 1075 1104 1146 1176 1170 1112 1083 1183 1214 1239 1293 1306 1311 1305 1309 1321 1340 1347 1309 1288 1262 1216 1190 1162 1150 1137 1116 1079 1100 1130 1136 1122 1109 1101 1081 1056 1058 1044 1044 1030 1011 988 910 875 841 778 761 761 771 824 861 903 1018 1063 1098
1129 1188 1227 1269 1298 1323 1324 1325 1334 1342 1339 1366 1344 1329 1337 1316 1298 1289 1269 1215 1195 1202 1181 1178 1171 1154 1139 1131 1121 1078 1027 1015 1094 1136 1134 1074 1085 1134 1163 1192 1234 1236 1245 1238 1252 1276 1296 1263 1234 1202 1152 1128 1102 1112 1100 1093 1072 1038 1050 1085 1089 1066 1055 1044 1006 1000 998 975 946 925 898 852 835 817 814 768 761 764 816 852 890 930 1033 1070 1101
1093 1159 1193 1228 1252 1273 1269 1270 1273 1290 1303 1311 1279 1273 1267 1237 1216 1238 1220 1188 1165 1168 1145 1137 1132 1118 1097 1088 1082 1050 1012 998 1037 1067 1060 1025 1014 1060 1133 1164 1171 1162 1166 1173 1195 1221 1236 1183 1156 1147 1097 1064 1043 1021 993 983 972 961 960 1028 1026 1012 1005 988 957 948 938 913 884 867 853 816 804 792 776 760 769 787 860 900 924 961 1047 1083 1107
1023 1090 1116 1174 1196 1225 1225 1220 1218 1228 1256 1270 1239 1233 1224 1195 1172 1169 1154 1127 1115 1090 1080 1102 1094 1080 1060 1051 1043 1010 976 969 1007 1020 1015 986 995 1033 1052 1068 1049 1054 1064 1063 1140 1157 1164 1102 1074 1077 1035 1010 979 969 939 934 929 905 913 919 905 890 896 886 862 895 877 865 832 820 809 788 780 773 762 763 781 810 882 921 962 1004 1077 1089 1123
993 1057 1079 1099 1131 1135 1136 1139 1127 1166 1185 1201 1198 1195 1175 1143 1127 1130 1106 1092 1082 1062 1050 1034 1029 1003 996 985 979 980 942 949 972 968 959 940 970 992 1010 1016 995 997 1007 1004 1010 1006 980 949 943 934 973 945 925 896 895 885 870 861 867 864 853 847 843 846 816 802 792 784 765 764 760 767 764 759 756 769 792 826 897 934 973 1015 1072 1073 1110
973 1033 1050 1068 1093 1090 1090 1091 1089 1081 1082 1072 1068 1073 1067 1084 1089 1088 1066 1055 1042 1025 1019 1002 989 963 958 953 947 921 897 906 894 900 889 873 924 927 946 949 945 946 950 942 936 931 906 892 892 879 852 836 823 803 808 794 824 824 826 818 809 799 786 795 780 773 767 752 751 752 755 755 756 755 754 762 779 826 897 938 974 1040 1067 1061 1082
963 1006 1019 1028 1049 1048 1054 1048 1034 1018 1019 1017 995 1008 1010 984 994 999 989 988 980 990 975 965 939 930 922 923 912 890 875 875 872 856 846 833 837 844 849 842 845 847 901 888 881 872 851 844 845 834 802 793 784 772 775 767 766 781 770 762 757 755 750 764 758 757 752 752 752 752 753 753 753 753 755 757 766 788 856 892 930 984 1002 1003 1047
923 932 934 934 947 957 1003 1000 987 979 968 959 958 957 948 943 954 959 951 944 932 919 868 867 851 851 844 882 873 864 859 852 836 824 806 802 799 797 798 800 798 804 798 788 782 779 770 765 798 792 764 760 759 758 760 756 757 764 759 758 747 749 748 748 750 752 752 751 753 752 752 752 752 754 755 754 760 770 827 860 895 952 967 969 977
876 882 882 882 885 900 902 895 891 884 878 873 912 911 891 899 917 928 915 908 888 846 821 819 816 809 799 795 806 811 815 799 761 788 778 782 775 767 759 762 761 767 759 762 757 757 752 749 752 744 743 746 749 749 745 749 757 758 755 750 756 759 755 750 753 758 759 761 770 774 778 785 791 795 779 757 756 775 794 820 844 912 932 936 975
826 832 839 836 834 848 854 853 848 841 838 830 822 808 813 828 836 829 864 848 830 796 784 781 780 774 767 767 785 784 778 759 732 733 736 743 748 748 739 741 740 739 744 742 741 744 748 744 744 743 746 751 755 760 763 763 773 770 770 773 768 771 769 773 777 783 782 790 794 791 802 803 821 827 805 791 773 771 776 780 789 861 891 898 976
707 721 740 742 795 804 813 809 807 805 800 788 779 763 779 793 788 781 767 754 741 733 726 724 747 736 739 748 765 758 742 725 733 733 734 741 739 742 747 753 757 759 757 758 757 743 744 741 744 750 750 756 758 771 772 786 801 804 805 804 804 806 824 845 846 859 820 825 823 824 823 823 832 837 833 814 774 778 786 784 787 817 837 862 928
683 691 707 720 729 721 719 722 721 716 759 750 733 724 745 753 749 729 711 704 705 709 711 714 719 728 732 733 725 730 736 745 760 768 773 769 765 767 774 780 792 791 790 785 781 793 800 798 784 790 798 770 780 785 799 817 830 841 843 835 835 833 841 879 882 890 900 909 909 907 897 890 856 854 852 834 784 784 792 791 789 809 827 841 923
698 687 685 700 700 689 687 689 689 687 697 695 693 714 696 700 716 702 708 714 717 730 736 743 746 755 758 760 759 766 775 802 821 835 849 842 850 808 805 810 823 823 828 823 817 827 839 835 821 828 845 853 855 840 854 878 902 908 874 873 876 873 875 914 921 928 952 957 959 963 946 930 912 885 870 851 829 774 787 793 798 807 820 838 904
707 714 704 686 691 699 705 692 699 704 704 704 719 745 719 699 700 736 747 752 759 782 766 767 772 787 792 789 798 803 814 841 855 866 879 864 880 880 871 861 867 872 885 855 851 862 879 875 858 871 884 887 902 885 884 911 936 945 949 946 958 946 940 986 963 970 998 1002 1008 1013 986 970 954 920 892 871 842 787 770 777 801 812 823 839 872
716 737 755 792 800 804 799 732 721 724 745 751 765 781 766 758 749 777 785 788 795 818 819 825 836 851 864 865 833 840 849 875 888 894 906 887 905 909 912 894 898 903 918 926 926 920 946 954 946 912 917 919 942 931 915 940 968 980 985 986 994 987 969 1015 1036 1057 1085 1099 1110 1111 1028 1006 988 955 912 894 858 793 772 777 803 806 818 832 875
721 743 768 811 822 833 839 835 823 809 810 829 847 828 821 815 803 823 821 821 830 843 850 851 863 876 883 887 892 905 913 939 950 956 922 912 933 943 952 934 933 940 947 956 964 956 982 994 994 997 999 1006 1017 985 965 992 1005 1018 1023 1020 1031 1029 1005 1044 1076 1098 1132 1146 1154 1134 1118 1093 1069 1016 976 932 833 805 775 777 799 804 814 848 877
730 735 763 808 824 847 861 854 841 836 836 850 867 882 886 889 888 896 895 852 860 869 884 885 895 898 910 919 926 939 948 968 981 986 958 955 981 1009 1024 1012 971 976 984 992 996 1003 1020 1029 1027 1033 1036 1044 1054 1006 985 1056 1078 1096 1104 1107 1114 1072 1029 1067 1110 1145 1182 1192 1200 1185 1158 1133 1110 1053 1013 960 871 830 796 777 784 796 810 846 876
801 766 746 796 819 848 868 861 852 851 855 869 889 909 916 916 916 937 939 942 945 936 958 966 960 964 940 950 960 971 977 1001 1006 1011 987 970 1007 1040 1061 1049 1047 1050 1054 1060 1063 1079 1057 1059 1065 1069 1079 1083 1083 1024 998 1083 1117 1139 1147 1146 1152 1153 1109 1106 1165 1211 1283 1251 1259 1235 1205 1171 1151 1087 1043 994 882 844 811 779 781 788 798 869 901
