data/MicaCreek/elevation.asc
ncols 541
nrows 644
xllcorner -1620000
yllcorner 438000
cellsize 100
NODATA_value -9999
[rows 494 to 531 of 644, columns 425 to 509 of 541]
1379 1419 1515 1572 1621 1738 1777 1846 1910 2013 2052 2081 2147 2162 2155 2157 2181 2095 2049 1989 1969 1952 1915 1876 1886 1882 1865 1868 1877 1867 1879 1923 1982 1978 1970 1961 1957 1932 1925 1919 1901 1887 1894 1894 1917 1949 1994 2043 2132 2168 2205 2138 2105 2071 2034 1967 1935 1903 1855 1835 1822 1803 1750 1739 1722 1688 1669 1648 1624 1572 1553 1535 1517 1501 1465 1431 1369 1318 1276 1258 1279 1315 1363 1463 1522
1369 1414 1507 1562 1612 1709 1760 1835 1886 1977 2033 2090 2164 2200 2201 2207 2121 2067 2039 1988 1958 1931 1912 1889 1893 1887 1872 1877 1883 1876 1900 1954 2013 1982 1987 1981 1973 1965 1959 1949 1903 1899 1907 1922 1937 1949 1986 2073 2139 2182 2176 2108 2074 2032 1956 1922 1893 1870 1830 1816 1801 1752 1736 1720 1709 1665 1647 1624 1581 1560 1546 1548 1540 1513 1473 1415 1376 1333 1280 1258 1275 1303 1394 1445 1502
1369 1413 1495 1543 1591 1678 1726 1785 1849 1951 1997 2069 2115 2159 2190 2215 2103 2068 2054 2001 1958 1923 1920 1915 1908 1901 1889 1894 1913 1895 1938 1989 2032 1999 2003 1999 1992 1981 1971 1954 1909 1906 1909 1931 1968 1993 2019 2081 2147 2139 2136 2051 2014 1980 1927 1899 1871 1854 1822 1811 1800 1752 1737 1731 1716 1684 1672 1664 1643 1630 1629 1585 1566 1534 1494 1422 1387 1342 1292 1258 1270 1298 1391 1440 1497
1369 1410 1493 1532 1580 1664 1711 1759 1797 1892 1942 1970 2058 2093 2158 2191 2099 2073 2062 2026 1985 1934 1932 1926 1914 1907 1902 1916 1934 1962 2008 2028 2055 2046 2040 2014 2007 1995 1982 1955 1919 1918 1920 1949 1983 2029 2054 2091 2128 2095 2052 1987 1957 1931 1908 1886 1871 1854 1819 1806 1791 1766 1755 1745 1730 1705 1695 1685 1667 1665 1671 1669 1604 1562 1521 1448 1411 1353 1303 1260 1269 1297 1383 1430 1482
1369 1446 1487 1519 1562 1651 1694 1733 1832 1879 1909 1942 2038 2065 2079 2164 2178 2158 2134 2069 2009 1960 1944 1925 1917 1916 1914 1931 1949 2020 2041 2063 2084 2081 2063 2050 2035 2027 2011 1986 1942 1932 1946 1981 2001 2043 2070 2098 2103 2061 1991 1970 1939 1923 1905 1885 1870 1840 1829 1813 1808 1786 1767 1758 1743 1720 1710 1703 1690 1700 1707 1696 1623 1579 1534 1461 1420 1377 1321 1261 1272 1294 1373 1420 1477
1371 1443 1467 1497 1531 1632 1674 1718 1792 1828 1870 1924 2001 2017 2043 2151 2197 2209 2183 2090 2034 2009 1973 1945 1936 1930 1924 1936 1960 2048 2074 2110 2129 2117 2089 2069 2049 2042 2033 2020 1959 1952 1968 1997 2016 2058 2105 2114 2107 2072 1992 1958 1937 1927 1907 1891 1871 1849 1832 1821 1813 1793 1784 1778 1766 1755 1748 1743 1720 1736 1741 1679 1639 1592 1540 1464 1430 1389 1296 1269 1271 1296 1375 1425 1481
1374 1432 1458 1483 1511 1598 1628 1657 1738 1780 1823 1912 1959 1973 2015 2131 2181 2239 2228 2101 2043 2019 2001 1970 1957 1939 1932 1942 1980 2101 2135 2200 2169 2143 2128 2101 2077 2068 2053 2043 1984 1960 1982 2019 2057 2093 2130 2141 2152 2128 2037 1998 1968 1937 1915 1894 1865 1849 1839 1828 1823 1821 1818 1808 1790 1775 1769 1769 1797 1812 1799 1687 1638 1585 1549 1474 1437 1400 1317 1283 1271 1294 1372 1422 1479
1376 1425 1443 1466 1528 1572 1607 1636 1712 1749 1788 1863 1913 1963 2005 2110 2173 2233 2177 2106 2053 2033 2018 1987 1972 1940 1938 1952 1983 2128 2181 2233 2219 2176 2183 2174 2153 2153 2091 2058 1999 1977 2000 2048 2085 2125 2168 2167 2175 2147 2057 2011 1981 1958 1946 1944 1926 1880 1873 1844 1842 1863 1849 1832 1805 1794 1792 1804 1832 1825 1792 1675 1629 1578 1538 1476 1441 1412 1344 1315 1277 1291 1363 1415 1463
1384 1406 1422 1452 1513 1551 1578 1612 1687 1718 1765 1874 1928 1986 2036 2121 2174 2235 2189 2134 2088 2061 2039 2027 1986 1954 1964 1986 2014 2160 2219 2267 2231 2223 2241 2216 2209 2193 2137 2061 2063 2087 2059 2081 2101 2152 2193 2184 2184 2158 2074 2033 2009 1986 1987 1977 1962 1919 1907 1918 1934 1915 1887 1871 1854 1820 1824 1848 1844 1805 1771 1667 1624 1578 1513 1485 1452 1416 1336 1309 1286 1316 1350 1395 1438
1401 1408 1414 1428 1462 1488 1521 1559 1655 1715 1764 1862 1910 1956 2002 2132 2177 2220 2202 2157 2120 2093 2057 2051 2054 2057 2058 2074 2086 2222 2255 2300 2279 2302 2277 2249 2249 2204 2153 2096 2112 2127 2097 2111 2140 2183 2126 2106 2101 2114 2086 2058 2038 2017 2000 1987 1969 1926 1925 1918 1877 1862 1842 1835 1834 1824 1841 1812 1770 1770 1721 1642 1617 1577 1517 1494 1467 1423 1330 1304 1287 1313 1345 1384 1432
1424 1421 1416 1422 1447 1469 1502 1540 1630 1672 1723 1808 1851 1893 1947 2089 2134 2215 2235 2194 2160 2139 2096 2090 2095 2105 2097 2099 2104 2233 2307 2374 2378 2317 2283 2277 2257 2222 2191 2148 2174 2169 2125 2141 2171 2153 2089 2066 2070 2082 2062 2041 2022 1969 1938 1923 1900 1885 1891 1875 1825 1814 1801 1780 1776 1751 1765 1762 1741 1699 1673 1616 1589 1562 1511 1491 1460 1424 1334 1309 1292 1311 1338 1376 1417
1440 1431 1422 1420 1440 1455 1482 1558 1608 1650 1696 1773 1821 1865 1965 2030 2072 2124 2227 2211 2194 2167 2151 2136 2138 2159 2146 2135 2161 2246 2335 2381 2358 2334 2323 2275 2226 2185 2153 2146 2153 2167 2145 2166 2142 2102 2056 2041 2045 2058 2037 2020 1998 1936 1898 1871 1831 1810 1788 1781 1740 1712 1693 1727 1714 1690 1700 1688 1685 1650 1620 1587 1568 1544 1496 1475 1447 1413 1337 1325 1323 1315 1334 1361 1410
1496 1476 1458 1450 1434 1442 1468 1541 1586 1625 1662 1741 1787 1831 1958 1999 2023 2078 2198 2186 2179 2196 2204 2219 2232 2241 2237 2182 2194 2250 2311 2328 2292 2279 2311 2250 2195 2160 2127 2114 2115 2115 2130 2144 2108 2063 2023 1994 2024 2036 2011 1991 1962 1896 1868 1831 1785 1765 1745 1734 1692 1671 1647 1610 1605 1599 1584 1556 1540 1583 1555 1538 1525 1508 1465 1439 1418 1360 1346 1351 1344 1310 1328 1351 1420
1538 1512 1495 1485 1450 1445 1455 1504 1539 1575 1606 1686 1758 1806 1901 1950 2014 2081 2151 2163 2160 2187 2202 2220 2230 2248 2264 2278 2236 2199 2214 2228 2205 2241 2263 2219 2166 2128 2098 2076 2083 2074 2106 2120 2095 2053 2013 1983 1966 1989 1951 1907 1876 1809 1820 1791 1737 1725 1709 1684 1643 1621 1594 1562 1554 1544 1526 1509 1495 1482 1460 1450 1435 1425 1400 1408 1391 1367 1381 1383 1371 1317 1321 1337 1404
1572 1548 1534 1494 1474 1458 1456 1496 1519 1546 1621 1654 1691 1731 1833 1883 1954 2077 2133 2153 2151 2187 2201 2216 2227 2243 2260 2269 2191 2167 2201 2184 2166 2156 2148 2131 2104 2070 2042 2048 2049 2042 2068 2073 2063 2040 1989 1955 1943 1949 1914 1875 1835 1771 1733 1715 1675 1660 1634 1597 1598 1575 1555 1522 1513 1506 1487 1471 1459 1451 1431 1420 1408 1400 1388 1390 1404 1436 1449 1451 1438 1346 1331 1333 1387
1660 1620 1605 1562 1507 1481 1468 1491 1507 1530 1589 1622 1660 1702 1804 1856 1915 2067 2121 2138 2127 2172 2166 2168 2200 2235 2245 2254 2166 2147 2168 2154 2133 2121 2100 2074 2058 2033 2003 1995 1985 1974 1964 1967 1958 1942 1959 1925 1919 1898 1870 1836 1772 1733 1707 1686 1644 1630 1598 1540 1515 1501 1486 1467 1458 1451 1434 1442 1433 1426 1409 1402 1401 1404 1408 1424 1440 1474 1479 1478 1451 1416 1385 1362 1370
1697 1653 1642 1587 1569 1544 1516 1484 1485 1497 1566 1595 1626 1670 1772 1830 1896 2021 2065 2112 2098 2135 2143 2140 2178 2179 2177 2186 2137 2124 2110 2124 2108 2088 2067 2033 2015 2002 1978 1969 1955 1941 1921 1926 1911 1905 1890 1870 1848 1799 1766 1736 1735 1706 1681 1667 1625 1605 1572 1514 1496 1479 1465 1451 1447 1448 1450 1451 1453 1457 1461 1467 1469 1433 1450 1464 1477 1506 1514 1512 1497 1459 1421 1383 1367
1713 1674 1657 1612 1599 1579 1520 1488 1482 1485 1520 1543 1582 1621 1721 1784 1873 1972 2032 2063 2050 2104 2119 2123 2126 2113 2114 2116 2098 2086 2075 2058 2031 2018 2008 1967 1944 1964 1942 1939 1923 1913 1886 1883 1867 1858 1845 1829 1805 1763 1738 1704 1662 1641 1615 1601 1565 1544 1547 1498 1483 1467 1463 1472 1481 1483 1495 1498 1505 1499 1507 1517 1521 1528 1528 1531 1544 1551 1559 1539 1524 1486 1439 1402 1367
1740 1683 1662 1659 1644 1617 1540 1503 1484 1481 1499 1525 1557 1645 1695 1752 1807 1903 1928 1949 2045 2109 2119 2133 2118 2094 2086 2068 2053 2039 2035 2021 2004 1995 1947 1926 1908 1884 1873 1871 1863 1834 1821 1839 1831 1820 1798 1784 1745 1726 1713 1689 1641 1621 1597 1542 1523 1515 1505 1499 1507 1527 1561 1579 1530 1535 1545 1549 1554 1544 1556 1570 1575 1565 1562 1569 1574 1572 1578 1585 1575 1539 1486 1450 1400
1760 1742 1735 1739 1730 1712 1607 1529 1500 1482 1483 1503 1539 1623 1670 1724 1783 1847 1883 1943 2045 2110 2149 2171 2194 2149 2108 2046 2032 2023 2021 2001 1988 1977 1934 1917 1890 1855 1843 1844 1833 1809 1793 1787 1775 1746 1730 1706 1686 1687 1686 1669 1624 1607 1580 1524 1508 1503 1501 1525 1547 1571 1612 1627 1633 1630 1618 1617 1631 1636 1606 1614 1608 1603 1605 1605 1594 1590 1598 1603 1604 1571 1521 1450 1427
1780 1764 1763 1781 1775 1751 1630 1583 1534 1490 1482 1486 1508 1602 1644 1697 1736 1835 1886 1941 2044 2103 2153 2191 2249 2191 2146 2058 2029 2005 1994 1956 1952 1952 1935 1907 1875 1834 1809 1813 1802 1780 1760 1756 1743 1709 1700 1686 1656 1634 1626 1603 1573 1553 1530 1513 1509 1513 1523 1560 1584 1614 1640 1648 1654 1649 1633 1637 1649 1658 1663 1679 1682 1688 1673 1670 1622 1614 1626 1628 1637 1607 1558 1485 1466
1804 1786 1832 1838 1811 1764 1648 1599 1542 1482 1482 1487 1498 1566 1610 1668 1793 1847 1904 1967 2063 2114 2162 2265 2286 2234 2181 2082 2050 2021 1966 1952 1952 1952 1942 1901 1844 1766 1761 1762 1777 1753 1736 1723 1711 1685 1674 1660 1627 1611 1596 1583 1547 1534 1528 1541 1559 1579 1600 1656 1683 1658 1663 1666 1667 1664 1646 1659 1673 1700 1711 1721 1730 1734 1705 1698 1691 1699 1697 1686 1713 1673 1591 1532 1510
1841 1844 1915 1934 1881 1799 1665 1618 1558 1483 1483 1483 1486 1556 1608 1661 1780 1826 1880 1929 2035 2104 2182 2299 2333 2308 2222 2117 2081 2041 1973 1958 1962 1957 1929 1886 1834 1772 1765 1749 1739 1712 1700 1690 1668 1655 1647 1645 1606 1596 1580 1554 1547 1542 1546 1577 1595 1615 1676 1710 1736 1754 1735 1727 1715 1713 1716 1723 1709 1737 1750 1757 1800 1770 1732 1719 1734 1751 1746 1735 1745 1705 1660 1611 1600
1862 1880 1949 1943 1888 1836 1694 1648 1593 1487 1482 1483 1485 1556 1606 1659 1770 1828 1887 1943 2050 2114 2179 2270 2304 2316 2280 2177 2124 2083 2016 2004 1984 1972 1925 1883 1836 1793 1781 1764 1746 1711 1699 1686 1662 1653 1647 1631 1597 1586 1576 1570 1568 1555 1572 1615 1636 1662 1732 1757 1779 1794 1772 1757 1741 1752 1757 1763 1778 1802 1811 1824 1888 1836 1757 1741 1790 1805 1796 1776 1773 1732 1686 1646 1645
1888 1924 1964 1926 1870 1751 1697 1660 1607 1498 1486 1488 1490 1557 1604 1656 1764 1830 1892 1944 2033 2090 2154 2236 2275 2288 2277 2220 2164 2119 2049 2035 2029 2021 1975 1930 1901 1842 1796 1776 1755 1724 1711 1690 1667 1660 1656 1647 1613 1596 1587 1592 1602 1631 1654 1696 1724 1758 1823 1801 1817 1831 1805 1779 1778 1794 1801 1802 1816 1841 1854 1867 1930 1873 1830 1807 1891 1916 1894 1845 1794 1757 1716 1670 1656
1919 1972 1952 1905 1851 1735 1695 1675 1636 1527 1501 1494 1529 1570 1602 1643 1755 1816 1869 1978 2022 2055 2087 2200 2249 2249 2209 2200 2192 2175 2101 2083 2077 2066 2021 1971 1941 1867 1831 1812 1787 1775 1758 1740 1690 1688 1680 1651 1625 1607 1611 1638 1655 1688 1729 1746 1773 1808 1863 1880 1896 1905 1903 1882 1866 1837 1838 1844 1876 1881 1898 1924 1986 1925 1867 1850 1943 1946 1913 1838 1797 1756 1715 1654 1634
1955 2004 1921 1893 1849 1763 1737 1719 1666 1570 1539 1519 1555 1584 1612 1649 1760 1820 1874 1976 2027 2070 2114 2173 2178 2162 2140 2143 2148 2191 2157 2139 2148 2122 2063 2012 1967 1897 1863 1841 1821 1803 1781 1758 1748 1767 1768 1681 1654 1654 1643 1690 1717 1739 1777 1800 1835 1868 1904 1920 1933 1963 1956 1925 1909 1923 1932 1940 1953 1972 2009 1982 2038 1977 1932 1940 1952 1924 1881 1817 1784 1743 1668 1644 1630
1993 2011 1930 1900 1878 1798 1757 1731 1714 1655 1615 1589 1606 1615 1620 1664 1773 1830 1882 1990 2041 2110 2170 2154 2134 2126 2107 2115 2123 2139 2180 2185 2187 2178 2147 2052 2005 1933 1896 1880 1876 1846 1812 1781 1762 1777 1777 1702 1675 1674 1699 1768 1790 1806 1866 1906 1887 1911 1951 1965 1984 2019 1991 1968 1959 1945 1952 1966 2020 2050 2050 2038 2004 1992 1968 1910 1882 1889 1845 1798 1771 1726 1652 1638 1638
2025 1978 1966 1946 1947 1865 1783 1747 1708 1674 1636 1622 1626 1628 1651 1765 1816 1872 1928 2043 2076 2138 2135 2110 2088 2081 2076 2094 2098 2141 2135 2133 2145 2148 2162 2186 2082 2026 1989 1965 1964 1891 1841 1804 1768 1777 1780 1730 1699 1697 1721 1789 1818 1843 1908 1953 1981 2003 2048 2085 2127 2086 2018 1995 1977 1966 1983 2011 2038 2010 1983 1963 1926 1924 1910 1867 1844 1815 1793 1763 1721 1681 1641 1640 1659
2112 2047 2025 2007 1962 1854 1802 1754 1710 1684 1657 1658 1637 1642 1671 1780 1833 1885 1941 2042 2071 2078 2056 2036 2015 2006 2018 2073 2077 2107 2098 2084 2090 2118 2142 2173 2110 2058 2030 2002 1973 1942 1917 1838 1811 1798 1788 1765 1720 1725 1772 1811 1853 1898 1970 2007 2037 2082 2114 2164 2208 2104 2052 2022 1980 1964 1955 1949 1931 1949 1920 1888 1865 1860 1853 1829 1813 1795 1763 1734 1695 1661 1645 1667 1716
2093 2059 2050 2010 1951 1835 1780 1740 1705 1708 1722 1717 1661 1661 1697 1802 1854 1897 1953 2028 2019 2014 2010 1998 1980 1974 1983 2000 2010 2037 2053 2041 2041 2093 2110 2137 2123 2082 2050 2014 1980 1975 1969 1881 1840 1810 1794 1778 1763 1753 1816 1876 1941 2001 2035 2071 2099 2153 2197 2253 2271 2125 2065 2022 1962 1933 1909 1899 1901 1902 1890 1839 1817 1796 1787 1801 1793 1779 1736 1702 1670 1647 1657 1693 1744
2102 2092 2101 2026 1893 1835 1785 1744 1714 1732 1751 1716 1712 1720 1762 1867 1920 1954 1978 2012 1983 1973 1971 1963 1951 1947 1953 1959 1968 1994 2012 2012 2011 2024 2041 2065 2096 2098 2085 2035 2026 2038 2015 1920 1874 1833 1800 1794 1792 1781 1851 1913 1984 2055 2153 2189 2225 2327 2368 2396 2314 2132 2062 2014 1960 1945 1910 1881 1876 1878 1873 1827 1793 1775 1767 1760 1752 1734 1678 1654 1644 1644 1674 1716 1756
2148 2241 2236 2053 1901 1845 1791 1746 1720 1751 1771 1745 1736 1743 1787 1900 1950 1987 2070 2014 1956 1930 1926 1920 1929 1910 1906 1902 1912 1944 1966 1972 1974 1982 1995 2013 2040 2056 2057 2062 2079 2056 2013 1943 1908 1862 1800 1812 1811 1810 1888 1948 2020 2146 2193 2239 2286 2418 2443 2412 2224 2102 2043 2011 1960 1937 1920 1860 1856 1857 1860 1815 1784 1764 1751 1740 1729 1708 1656 1647 1656 1682 1734 1761 1800
2174 2242 2237 2150 1987 1870 1794 1753 1736 1752 1777 1792 1778 1772 1811 1917 1958 2000 2092 2026 1964 1927 1901 1901 1902 1852 1832 1813 1804 1831 1911 1929 1928 1934 1949 1962 2004 2016 2008 2037 2058 2045 2015 1939 1908 1866 1824 1830 1836 1868 1930 1961 2033 2166 2218 2279 2341 2470 2482 2404 2221 2108 2066 2032 1970 1946 1929 1868 1866 1861 1841 1777 1774 1754 1720 1716 1701 1683 1654 1664 1688 1753 1785 1797 1822
2147 2196 2206 2148 1988 1890 1810 1770 1743 1761 1803 1841 1827 1819 1860 1933 1967 2012 2106 2046 1990 1951 1891 1881 1883 1859 1837 1809 1782 1787 1802 1820 1840 1847 1866 1887 1975 1977 1963 2005 2026 2021 2012 1940 1896 1858 1830 1841 1862 1901 1946 1971 2025 2126 2190 2248 2326 2498 2541 2471 2215 2134 2094 2065 2004 1959 1931 1900 1894 1874 1841 1756 1728 1712 1682 1672 1673 1677 1673 1690 1726 1799 1830 1843 1864
2121 2144 2155 2114 1975 1899 1826 1769 1747 1772 1812 1847 1831 1830 1893 1946 1997 2042 2146 2099 2056 1945 1908 1881 1877 1864 1850 1822 1758 1754 1757 1768 1792 1806 1823 1882 1896 1898 1899 1936 1945 1948 1968 1930 1887 1844 1857 1869 1901 1920 1951 1980 2029 2104 2152 2229 2305 2451 2522 2527 2269 2210 2178 2114 2072 1992 1961 1942 1929 1888 1848 1782 1737 1704 1680 1681 1688 1699 1744 1773 1805 1874 1909 1938 1918
2081 2087 2086 2048 1955 1895 1843 1778 1753 1780 1812 1849 1831 1839 1897 1962 2025 2074 2157 2132 2112 2029 1987 1968 1952 1901 1872 1841 1760 1735 1730 1731 1738 1754 1767 1835 1855 1855 1864 1897 1904 1917 1919 1886 1862 1879 1921 1929 1944 1950 1963 1988 2032 2101 2141 2222 2406 2473 2527 2521 2304 2254 2228 2240 2161 2090 2050 2007 1977 1939 1845 1811 1768 1720 1704 1713 1713 1756 1780 1815 1844 1909 1940 1974 2051
2084 2070 2053 2025 1930 1868 1832 1822 1787 1798 1828 1861 1849 1849 1926 1994 2058 2095 2110 2104 2088 2079 2056 2054 2023 1943 1902 1849 1786 1760 1742 1717 1686 1683 1723 1782 1811 1814 1831 1864 1869 1874 1862 1843 1856 1893 1932 1957 1986 2016 2021 2035 2066 2123 2160 2209 2427 2503 2556 2545 2344 2314 2309 2280 2189 2119 2085 2046 2030 1980 1901 1859 1822 1790 1798 1799 1750 1787 1809 1848 1881 1948 1980 2008 2068
