data/MicaCreek/elevation.asc
ncols 541
nrows 644
xllcorner -1620000
yllcorner 438000
cellsize 100
NODATA_value -9999
[rows 380 to 417 of 644, columns 255 to 339 of 541]
1096 1132 1155 1187 1207 1226 1256 1269 1277 1279 1287 1321 1341 1382 1410 1433 1476 1579 1644 1712 1794 1866 1851 1806 1770 1789 1775 1657 1591 1535 1485 1394 1370 1388 1411 1418 1429 1438 1456 1471 1473 1408 1382 1381 1384 1376 1356 1328 1287 1275 1249 1217 1148 1136 1129 1104 1093 1077 1077 1057 1052 1051 1040 1038 1034 1023 989 961 934 909 870 825 794 753 727 705 674 666 659 638 593 589 579 569 569
1074 1105 1130 1149 1178 1202 1242 1256 1260 1263 1272 1281 1295 1332 1355 1378 1437 1484 1589 1640 1753 1828 1872 1837 1840 1855 1821 1697 1619 1557 1454 1412 1375 1345 1343 1336 1331 1332 1395 1409 1422 1380 1371 1377 1369 1356 1341 1316 1251 1243 1231 1203 1138 1111 1085 1062 1052 1043 1033 1040 1036 1035 1022 1015 1011 997 970 941 917 891 854 812 786 749 724 701 667 663 653 624 596 590 591 581 570
1019 1036 1040 1113 1154 1186 1230 1242 1246 1252 1258 1270 1283 1327 1346 1364 1419 1448 1494 1550 1663 1713 1730 1881 1914 1907 1863 1729 1645 1575 1472 1426 1381 1341 1328 1320 1309 1293 1294 1297 1304 1327 1332 1331 1334 1327 1326 1302 1229 1206 1201 1148 1120 1096 1071 1043 1035 1027 1015 1011 1008 998 982 971 966 965 945 919 898 867 835 802 761 742 715 692 662 657 647 596 595 584 587 591 580
981 991 1006 1058 1093 1126 1180 1197 1211 1245 1252 1260 1273 1315 1333 1351 1393 1404 1447 1504 1637 1647 1703 1896 1949 1928 1892 1792 1708 1628 1495 1439 1389 1348 1340 1326 1314 1283 1268 1261 1264 1303 1307 1296 1266 1260 1252 1249 1219 1186 1160 1132 1104 1079 1058 1028 1018 1011 999 996 986 973 956 951 945 912 892 878 861 825 798 791 752 733 708 687 654 652 645 598 593 586 580 583 580
945 944 973 1017 1057 1108 1138 1162 1180 1218 1228 1239 1250 1277 1292 1333 1366 1379 1411 1461 1559 1614 1685 1887 1931 1904 1877 1800 1727 1647 1540 1490 1441 1409 1377 1357 1324 1299 1276 1252 1238 1273 1284 1260 1238 1226 1220 1225 1189 1158 1129 1070 1058 1041 1024 998 984 994 977 976 965 953 936 931 925 890 874 859 841 805 785 773 738 717 695 666 632 638 627 596 591 587 580 581 579
912 901 940 994 1027 1060 1083 1113 1139 1191 1208 1220 1247 1259 1271 1288 1313 1326 1339 1406 1452 1577 1652 1833 1890 1882 1837 1792 1730 1656 1547 1495 1453 1417 1413 1394 1374 1326 1299 1262 1207 1216 1242 1231 1216 1191 1186 1187 1165 1136 1114 1062 1040 1020 999 985 968 956 946 940 927 905 902 915 905 867 853 839 805 789 779 769 731 710 682 629 615 605 594 588 587 587 581 575 576
824 831 899 928 966 1034 1059 1081 1106 1159 1179 1195 1230 1243 1253 1266 1285 1299 1319 1363 1393 1450 1522 1697 1784 1840 1792 1775 1729 1673 1556 1504 1478 1452 1447 1433 1417 1361 1308 1267 1172 1159 1135 1134 1150 1148 1145 1134 1144 1120 1100 1055 1032 1009 984 971 958 947 926 921 908 889 886 877 862 831 813 795 773 775 770 763 725 701 671 616 603 593 586 589 588 587 579 570 569
787 823 881 921 962 1013 1035 1053 1065 1105 1129 1148 1209 1225 1233 1241 1259 1279 1305 1333 1356 1404 1499 1689 1794 1821 1771 1739 1714 1684 1598 1548 1524 1484 1477 1467 1444 1390 1337 1282 1182 1127 1098 1100 1115 1121 1130 1113 1098 1083 1067 1026 1004 986 969 959 948 939 905 898 890 876 870 863 848 816 798 780 761 750 738 723 685 664 640 606 593 585 587 591 589 587 578 572 569
771 819 869 913 951 1006 1028 1049 1049 1065 1094 1116 1153 1166 1185 1210 1219 1237 1261 1313 1328 1356 1497 1599 1726 1791 1750 1722 1700 1631 1587 1542 1520 1497 1483 1470 1433 1403 1362 1305 1189 1131 1085 1075 1082 1095 1105 1097 1082 1066 1032 1013 994 978 944 929 920 912 885 868 872 863 858 853 841 804 784 768 742 730 714 693 655 635 614 574 569 569 569 572 574 584 577 577 571
722 754 785 824 916 979 1024 1035 1021 1031 1052 1077 1117 1124 1150 1183 1195 1220 1240 1267 1275 1294 1408 1480 1537 1692 1725 1703 1680 1621 1579 1535 1512 1488 1472 1453 1418 1385 1357 1311 1203 1159 1120 1053 1045 1071 1075 1077 1064 1048 1015 999 982 965 934 921 908 887 873 858 841 836 834 829 804 781 771 754 717 703 684 650 629 607 585 569 569 569 569 569 569 569 572 569 575
706 718 743 776 806 873 903 921 935 946 1010 1047 1082 1098 1119 1149 1167 1194 1217 1241 1247 1254 1342 1431 1494 1561 1691 1669 1647 1609 1573 1537 1509 1476 1455 1434 1396 1372 1351 1320 1241 1199 1157 1076 1045 1031 1024 1024 1021 1013 985 970 970 953 924 910 887 871 859 844 825 813 812 810 785 763 745 713 661 647 633 598 604 580 569 569 569 569 569 569 569 569 569 569 569
701 703 708 726 783 818 846 872 898 908 933 993 1009 1025 1041 1108 1149 1171 1190 1218 1223 1232 1290 1360 1428 1489 1656 1647 1632 1599 1565 1537 1502 1455 1432 1408 1366 1359 1343 1320 1255 1221 1185 1109 1070 1031 1004 997 996 992 968 956 941 926 901 888 869 834 837 827 808 784 786 784 755 746 725 695 648 624 610 581 569 569 569 569 569 569 569 569 569 569 569 569 569
715 698 696 696 733 768 801 828 862 874 888 943 956 975 993 1064 1098 1115 1165 1176 1178 1193 1263 1312 1376 1511 1585 1615 1619 1583 1555 1531 1470 1452 1429 1403 1361 1337 1322 1289 1252 1217 1195 1133 1089 1049 984 970 972 969 952 943 933 905 890 872 852 806 802 781 747 733 736 739 727 716 694 651 638 620 600 569 569 569 569 569 569 569 569 569 569 569 569 569 569
736 723 710 701 690 695 708 787 823 832 842 905 925 941 963 1024 1056 1088 1143 1148 1154 1175 1214 1233 1270 1403 1469 1535 1609 1567 1546 1526 1474 1456 1436 1408 1351 1325 1310 1276 1242 1209 1189 1135 1097 1060 997 974 944 945 937 931 923 895 877 855 836 800 777 763 738 719 714 716 682 668 656 630 612 590 587 569 569 569 569 569 569 569 569 569 569 569 569 569 569
779 744 725 708 689 687 691 701 731 745 759 823 847 877 932 985 1014 1052 1111 1122 1131 1157 1190 1213 1244 1358 1414 1466 1521 1540 1525 1508 1474 1457 1439 1409 1341 1308 1294 1258 1237 1205 1184 1132 1096 1061 996 972 941 909 894 890 889 867 846 839 821 789 767 747 721 707 697 696 671 649 641 621 605 580 569 569 569 569 569 569 569 569 569 569 569 569 569 569 569
790 766 740 716 692 688 686 695 706 721 738 784 822 842 870 898 936 964 1028 1047 1104 1138 1164 1192 1214 1305 1369 1427 1517 1514 1506 1495 1465 1449 1424 1363 1332 1290 1250 1231 1226 1196 1153 1125 1093 1057 993 965 935 875 865 865 871 848 828 805 783 768 749 728 691 700 688 678 655 638 626 612 597 572 569 569 569 569 569 569 569 569 569 569 569 569 569 569 569
922 878 842 791 721 688 687 689 694 700 711 750 774 797 827 852 886 916 982 1016 1040 1073 1102 1139 1185 1264 1345 1408 1488 1493 1490 1484 1450 1433 1411 1351 1324 1283 1246 1207 1186 1162 1129 1104 1072 1038 985 957 931 884 851 841 849 828 807 790 769 757 737 717 687 668 665 650 636 618 604 599 584 569 569 569 569 569 569 569 569 569 569 569 569 569 569 569 571
974 933 894 844 764 729 713 683 681 681 682 712 731 751 788 803 832 861 935 980 1003 1044 1078 1122 1165 1248 1301 1367 1447 1463 1468 1461 1437 1416 1394 1339 1309 1271 1239 1181 1168 1144 1114 1091 1060 1028 957 939 922 876 854 827 802 807 788 776 756 745 728 710 680 669 649 638 625 615 599 572 569 569 569 569 569 569 569 569 569 569 569 569 569 569 569 569 595
1020 981 948 865 817 787 757 698 689 679 676 678 686 698 724 735 750 841 884 922 957 1016 1060 1099 1137 1219 1265 1329 1424 1447 1453 1442 1406 1390 1371 1301 1270 1243 1228 1164 1146 1128 1097 1076 1045 1015 960 936 914 868 844 826 799 769 758 752 740 724 713 705 670 661 654 630 615 606 593 569 569 569 569 569 569 569 569 569 569 569 569 569 569 569 569 572 622
1095 1088 1006 922 880 842 799 734 719 696 677 675 676 682 700 714 722 752 791 817 852 913 961 1058 1135 1181 1222 1279 1393 1425 1433 1404 1389 1373 1348 1279 1252 1226 1179 1153 1129 1106 1057 1037 1032 977 955 931 912 865 840 820 773 748 742 740 731 714 704 681 665 645 623 601 596 597 575 569 569 569 569 569 569 569 569 569 569 569 569 569 569 569 585 606 646
1128 1129 1114 1024 1010 961 901 822 747 720 683 683 681 674 682 692 699 728 750 777 807 863 901 952 1042 1082 1119 1161 1296 1391 1403 1386 1371 1355 1330 1258 1232 1210 1165 1142 1121 1099 1056 1033 1003 951 927 914 897 861 844 824 773 748 725 723 717 703 694 671 659 646 617 592 588 579 569 569 569 569 569 569 569 569 569 569 569 569 569 569 570 579 594 611 655
1177 1170 1152 1081 1061 1007 961 863 823 780 714 713 706 701 678 679 685 702 713 738 763 823 857 901 991 1026 1063 1115 1242 1313 1340 1338 1326 1304 1271 1236 1213 1195 1153 1132 1109 1089 1047 1026 1005 947 918 904 889 858 840 820 775 752 731 714 696 689 684 666 654 636 608 581 578 570 569 569 569 569 569 569 569 569 569 569 569 569 569 569 579 587 601 624 680
1226 1206 1181 1128 1099 1067 964 915 863 816 748 730 727 704 689 672 669 672 673 678 706 778 818 858 938 973 1005 1119 1174 1257 1298 1304 1292 1273 1215 1188 1172 1158 1132 1111 1089 1056 1036 1015 994 942 919 898 865 849 837 817 769 746 732 696 665 643 654 641 627 605 583 573 570 569 569 569 569 569 569 569 569 569 569 569 569 569 573 584 608 631 656 654 719
1305 1280 1251 1205 1178 1142 1034 973 915 863 780 755 749 720 700 681 667 669 667 668 676 699 733 770 837 878 922 1059 1110 1177 1243 1273 1266 1253 1203 1167 1152 1140 1116 1096 1074 1035 1012 996 981 930 912 896 862 847 829 808 765 739 726 694 675 640 622 620 608 586 569 570 569 569 569 569 569 569 569 569 569 569 569 569 569 574 587 601 633 658 693 803 838
1373 1338 1304 1258 1224 1204 1134 1073 1010 957 884 840 775 746 722 698 679 665 664 665 661 669 699 731 807 844 880 957 989 1042 1098 1209 1223 1238 1185 1154 1133 1123 1101 1083 1062 1024 1004 988 967 922 907 890 853 841 825 804 751 729 721 686 671 652 632 600 588 579 570 570 570 569 570 570 569 569 569 569 569 569 569 569 576 591 606 625 666 702 746 842 884
1448 1396 1340 1316 1276 1257 1166 1096 1056 997 943 872 856 828 803 779 717 691 665 661 660 660 673 737 775 805 837 913 954 1006 1112 1162 1188 1185 1149 1127 1099 1084 1068 1070 1048 1013 997 980 954 912 899 882 851 831 816 797 750 725 700 679 663 640 617 584 580 572 570 570 570 570 570 570 570 569 569 569 569 569 571 587 626 645 668 709 770 760 807 878 918
1545 1505 1483 1372 1340 1299 1205 1159 1115 1025 963 891 903 887 850 824 755 722 694 676 658 659 657 669 736 768 798 865 908 960 1063 1115 1153 1156 1129 1110 1088 1059 1053 1042 1025 995 975 946 909 900 888 872 844 828 806 763 745 725 698 665 651 635 585 573 571 571 571 571 571 570 570 570 570 569 569 569 569 572 591 614 658 687 721 776 815 853 896 948 963
1610 1584 1497 1437 1391 1361 1281 1220 1164 1041 972 927 956 937 907 868 799 762 722 694 662 656 655 658 669 694 731 779 810 849 1010 1061 1103 1126 1107 1092 1072 1039 1038 1026 1014 985 965 939 899 884 865 850 826 809 788 758 741 726 697 636 631 618 573 571 571 571 571 571 571 571 570 570 570 571 570 569 572 591 618 643 689 728 757 811 846 891 918 959 980
1673 1621 1508 1480 1452 1407 1292 1225 1167 1042 1012 1025 1027 1012 993 971 840 803 775 730 678 660 659 653 657 671 687 745 775 810 911 950 982 1011 1040 1034 1052 1012 1011 1005 994 974 959 932 890 875 861 842 816 798 782 740 729 713 692 611 591 596 571 571 571 571 571 571 571 571 571 570 570 571 571 571 604 630 657 686 744 771 786 847 883 914 930 969 992
1694 1639 1550 1516 1468 1348 1285 1224 1167 1057 1068 1077 1063 1047 1028 1000 921 887 853 781 739 703 658 653 653 655 681 713 740 771 854 895 920 926 972 979 980 957 936 932 943 942 947 923 881 865 852 816 802 783 773 726 714 700 643 603 581 573 571 571 571 571 571 571 571 571 571 571 571 571 571 578 619 654 675 702 763 802 833 885 908 928 949 984 1001
1687 1633 1534 1490 1446 1330 1270 1233 1170 1092 1107 1126 1095 1078 1045 1025 969 937 896 818 777 742 703 656 653 652 651 654 699 728 788 822 845 865 898 915 917 917 903 882 912 917 915 900 851 845 831 800 782 772 751 716 692 680 620 587 571 571 571 571 571 571 571 571 571 571 571 571 571 571 571 585 637 654 687 757 780 809 839 890 914 937 978 1001 1027
1673 1626 1534 1488 1437 1331 1309 1277 1235 1164 1183 1193 1163 1103 1073 1056 1014 984 937 859 821 775 734 683 669 657 649 648 648 653 676 693 710 736 817 835 845 856 849 827 873 885 888 876 836 826 810 784 765 745 716 671 653 638 579 573 571 571 571 571 571 571 571 571 571 571 571 571 571 577 582 604 661 689 720 754 783 813 842 894 916 943 982 1011 1033
1664 1579 1532 1481 1427 1383 1360 1322 1212 1191 1209 1225 1191 1163 1151 1110 1089 1058 1021 906 862 818 730 709 687 673 650 649 648 646 646 661 674 697 705 714 748 754 758 755 829 840 851 848 816 799 793 757 746 724 698 658 630 613 572 571 571 571 571 571 571 571 571 571 571 571 571 571 572 585 596 614 667 706 743 797 815 833 864 911 930 952 995 1022 1042
1668 1609 1582 1565 1476 1430 1393 1344 1241 1229 1244 1257 1222 1206 1192 1148 1127 1102 1065 991 944 897 810 785 756 699 669 661 649 644 642 639 648 667 678 684 705 710 716 722 749 756 766 766 765 739 768 731 716 701 658 635 618 591 571 571 571 571 571 571 571 571 571 571 571 571 571 571 573 590 614 654 659 707 759 825 839 863 898 918 937 957 1008 1031 1054
1685 1628 1616 1601 1571 1479 1429 1376 1312 1326 1337 1298 1254 1245 1234 1193 1169 1141 1113 1027 981 943 860 828 797 773 724 700 677 655 646 640 641 647 657 664 674 679 682 698 720 728 738 735 734 721 690 679 673 657 613 602 603 581 571 571 571 571 571 571 571 571 571 571 571 571 571 571 597 618 651 716 748 707 764 850 860 880 913 926 947 968 1014 1035 1059
1701 1665 1649 1618 1530 1485 1440 1395 1342 1361 1376 1378 1350 1348 1338 1293 1260 1186 1152 1068 1026 986 910 869 845 814 758 730 706 672 670 661 659 653 648 638 646 661 668 677 694 703 714 709 700 696 667 653 646 633 594 577 572 571 571 571 571 571 571 571 571 571 571 571 571 571 572 579 610 636 673 744 772 787 810 844 866 893 937 935 952 976 1016 1039 1063
1797 1708 1657 1614 1527 1494 1458 1418 1389 1414 1425 1415 1403 1406 1401 1345 1308 1258 1200 1162 1121 1079 996 918 891 822 793 762 736 704 706 701 702 703 699 680 632 634 646 663 666 670 682 678 676 663 636 626 617 604 574 571 571 571 571 571 571 571 571 571 571 571 571 571 571 571 579 602 619 650 685 760 778 808 845 861 865 897 939 947 957 970 1010 1039 1067
1803 1716 1659 1609 1535 1501 1478 1465 1445 1470 1471 1465 1462 1466 1474 1400 1346 1297 1251 1205 1172 1129 1041 1005 971 905 866 835 813 740 741 734 732 739 735 723 652 628 630 657 665 665 667 658 641 622 604 600 587 573 571 571 571 571 571 571 571 571 571 571 571 571 571 571 583 595 600 633 656 684 707 757 780 812 870 900 901 902 940 950 965 1006 1028 1047 1069
