data/MicaCreek/elevation.asc
ncols 541
nrows 644
xllcorner -1620000
yllcorner 438000
cellsize 100
NODATA_value -9999
[rows 456 to 493 of 644, columns 255 to 339 of 541]
1441 1438 1438 1425 1407 1391 1354 1324 1291 1245 1220 1192 1164 1109 1087 1064 1022 989 967 947 903 883 886 907 904 904 898 880 870 850 819 805 791 764 714 690 662 618 605 594 590 591 581 572 571 571 571 571 571 572 587 609 602 601 607 631 650 679 758 801 835 858 903 916 934 972 989 1006 1039 1097 1123 1152 1191 1215 1231 1243 1266 1272 1279 1311 1317 1335 1348 1363 1366
1480 1474 1446 1434 1423 1395 1369 1336 1301 1245 1222 1191 1137 1115 1089 1069 1025 1002 979 929 904 908 943 930 927 923 907 897 884 866 831 812 796 745 719 694 669 621 603 590 572 571 571 571 571 571 571 571 571 571 573 591 596 600 605 627 652 683 767 798 823 836 861 870 920 952 970 986 1011 1066 1090 1100 1154 1180 1200 1222 1256 1269 1280 1307 1307 1323 1342 1350 1350
1504 1495 1467 1461 1452 1409 1382 1348 1305 1246 1221 1194 1140 1115 1092 1069 1026 1003 982 927 911 934 968 970 963 955 936 924 904 879 842 821 800 749 724 702 683 622 598 586 571 571 571 571 571 571 571 571 571 571 571 587 594 598 615 634 660 692 761 784 803 804 814 832 858 890 911 930 989 1006 1017 1057 1105 1135 1167 1225 1234 1249 1265 1300 1298 1315 1340 1342 1343
1528 1517 1490 1475 1458 1415 1387 1348 1310 1246 1220 1191 1139 1114 1091 1068 1028 1008 981 929 932 968 990 984 973 963 943 930 910 892 854 835 812 755 736 713 694 629 603 585 571 571 571 571 571 571 571 571 571 571 571 589 601 600 635 651 668 696 745 764 767 763 768 793 821 848 868 887 949 969 971 991 1032 1058 1069 1137 1147 1210 1244 1297 1294 1308 1325 1329 1333
1547 1522 1504 1484 1464 1416 1384 1348 1279 1250 1222 1189 1138 1114 1091 1048 1025 1002 979 961 970 992 1000 987 976 965 943 933 916 896 856 838 813 762 738 726 705 643 620 592 571 571 571 571 571 571 571 571 571 571 571 575 586 590 605 635 663 670 669 668 663 686 740 773 793 814 831 844 878 903 918 948 990 1011 1027 1091 1108 1146 1187 1266 1286 1277 1307 1322 1326
1569 1532 1513 1494 1469 1416 1383 1350 1282 1252 1223 1191 1137 1113 1092 1052 1028 999 979 980 1000 1008 994 981 970 962 944 932 917 880 858 838 814 761 741 725 680 653 630 602 571 571 571 571 571 571 571 571 571 571 571 571 572 581 579 595 609 630 629 624 630 657 689 717 754 771 776 781 829 838 857 919 936 967 1013 1041 1066 1111 1213 1239 1269 1271 1294 1305 1293
1566 1526 1506 1490 1462 1402 1374 1343 1283 1251 1224 1193 1135 1115 1096 1057 1031 1003 985 994 1005 1009 986 972 959 950 934 929 916 880 858 836 813 761 742 726 684 660 638 603 571 571 571 571 571 571 571 571 571 571 592 599 597 581 588 599 594 610 613 628 643 658 659 687 730 743 737 740 756 745 761 791 818 835 928 1001 1040 1084 1179 1225 1254 1259 1282 1289 1269
1550 1516 1497 1478 1450 1390 1361 1335 1278 1248 1220 1191 1134 1115 1097 1057 1040 1024 1002 999 1001 1001 978 965 950 938 928 925 912 875 854 831 808 764 743 726 685 665 643 608 571 571 571 571 571 571 571 571 571 571 597 600 601 605 632 654 673 674 677 655 681 703 689 674 699 703 700 705 713 713 723 753 766 781 802 853 940 1008 1176 1210 1240 1247 1268 1269 1252
1535 1499 1474 1459 1403 1374 1345 1320 1269 1242 1215 1159 1134 1113 1095 1059 1046 1033 1013 1000 993 985 966 952 943 923 919 916 904 868 848 824 785 768 747 728 689 664 636 576 571 571 571 571 571 571 571 571 571 571 599 598 602 619 640 667 692 711 721 731 744 763 759 757 728 698 711 726 730 732 736 729 736 740 751 806 859 986 1159 1185 1196 1203 1222 1222 1219
1540 1504 1481 1454 1399 1370 1338 1309 1255 1233 1205 1157 1136 1114 1097 1062 1050 1035 1013 1001 987 977 954 940 926 909 902 894 878 852 843 820 785 768 745 727 694 671 644 574 571 571 571 571 571 571 571 571 571 574 595 598 601 627 651 679 702 735 749 763 783 787 787 792 783 787 810 832 832 833 827 834 767 770 746 776 830 950 1104 1140 1153 1190 1196 1197 1193
1550 1509 1485 1456 1402 1373 1339 1311 1259 1232 1208 1163 1140 1118 1099 1065 1049 1035 1008 995 985 975 947 931 917 902 896 885 864 841 824 809 781 763 742 728 698 672 635 571 571 571 571 571 571 571 571 571 571 580 595 601 613 665 693 717 736 747 765 782 802 806 813 826 846 838 853 871 872 875 878 903 898 886 820 768 780 866 1025 1056 1093 1172 1171 1166 1164
1536 1513 1489 1460 1402 1374 1345 1289 1260 1233 1210 1161 1140 1118 1083 1065 1047 1031 1002 988 974 954 941 926 910 895 887 874 853 831 816 804 774 760 743 724 687 662 624 571 571 571 571 571 571 571 571 572 579 589 596 608 632 690 718 734 746 771 793 814 833 840 850 850 876 883 891 903 905 914 926 977 974 950 868 802 765 816 900 915 959 1079 1091 1116 1138
1536 1508 1480 1454 1398 1368 1343 1286 1262 1235 1210 1161 1138 1116 1082 1063 1043 1027 997 982 968 941 930 915 901 879 868 863 832 820 809 798 768 755 738 703 682 658 618 571 571 571 571 571 571 571 571 572 579 592 601 616 648 711 731 742 768 781 805 823 845 852 864 909 929 936 941 957 972 956 1004 1032 1039 1009 917 850 804 787 845 868 919 1011 1082 1093 1051
1534 1506 1477 1449 1393 1366 1338 1283 1257 1231 1206 1156 1133 1113 1079 1061 1041 1024 992 975 961 937 925 911 898 875 863 852 833 819 799 786 757 751 734 696 684 657 613 571 571 571 571 571 571 571 571 575 586 600 618 649 687 734 740 749 781 796 817 832 855 865 882 944 958 961 966 995 1007 1030 1088 1098 1086 1062 1007 905 853 776 785 824 858 977 1035 1058 992
1529 1501 1472 1447 1392 1365 1340 1285 1258 1231 1204 1153 1130 1110 1074 1054 1036 1019 986 968 954 929 918 908 896 865 856 850 829 817 800 780 744 734 708 668 656 632 598 571 571 571 571 571 571 571 571 571 576 607 636 671 705 739 751 768 804 820 832 844 862 880 912 960 972 976 995 1039 1040 1059 1095 1097 1083 1067 1017 979 949 864 817 792 792 934 989 1008 939
1518 1489 1466 1414 1391 1364 1338 1286 1260 1232 1175 1150 1126 1103 1069 1049 1031 997 979 965 948 918 905 894 869 863 852 840 825 810 792 754 733 723 708 674 643 616 571 571 571 571 571 571 571 571 571 571 572 617 652 687 729 740 756 775 811 824 837 863 884 911 933 964 980 1010 1027 1071 1068 1083 1090 1084 1076 1066 1024 1000 975 905 870 834 812 821 858 901 909
1510 1484 1459 1408 1383 1358 1333 1286 1256 1225 1174 1148 1124 1104 1061 1039 1021 986 972 958 940 913 903 893 863 851 839 829 810 801 790 759 739 724 712 679 654 619 571 571 571 571 571 571 571 571 571 571 581 646 682 705 737 749 762 782 816 828 845 878 898 918 934 966 987 1034 1116 1126 1113 1101 1092 1092 1079 1043 1024 1011 999 946 924 896 833 807 810 850 928
1499 1475 1450 1402 1380 1356 1330 1285 1253 1222 1164 1141 1118 1098 1050 1033 1016 987 972 952 934 908 899 889 861 848 836 821 803 785 789 747 730 723 712 684 661 615 571 571 571 571 571 571 571 571 571 571 587 660 698 717 754 762 777 798 833 850 857 892 910 925 937 967 995 1053 1123 1125 1110 1095 1102 1101 1085 1056 1042 1039 1033 1003 984 939 885 839 809 823 918
1481 1468 1443 1396 1375 1355 1304 1282 1250 1219 1165 1140 1115 1067 1046 1027 1010 977 960 946 919 906 893 884 854 842 829 797 776 767 779 747 730 721 715 685 661 622 571 571 571 571 571 571 571 571 571 572 593 668 702 724 763 773 784 801 842 857 874 907 922 933 940 972 1004 1068 1118 1113 1101 1089 1097 1092 1084 1070 1057 1055 1040 1011 1000 987 946 915 881 830 854
1464 1448 1422 1384 1363 1344 1289 1274 1247 1219 1161 1137 1116 1072 1051 1030 1008 971 949 936 912 901 891 878 845 830 816 762 749 745 765 746 728 720 703 687 660 618 571 571 571 571 571 571 571 571 571 588 657 685 716 740 767 782 801 827 843 857 876 914 926 935 954 976 1024 1065 1089 1093 1095 1087 1091 1088 1083 1073 1061 1051 1032 1026 1022 1006 977 950 920 829 833
1415 1409 1396 1368 1352 1336 1284 1261 1237 1208 1150 1129 1106 1059 1048 1026 1001 966 950 935 910 895 876 867 838 823 811 736 707 697 698 669 675 681 696 680 653 619 571 571 571 571 571 571 571 571 573 598 667 710 735 755 785 800 818 842 847 860 881 912 925 937 958 981 1024 1056 1093 1092 1089 1076 1075 1078 1083 1077 1071 1068 1043 1039 1032 1025 1000 976 944 860 853
1365 1353 1342 1332 1320 1306 1267 1251 1229 1200 1139 1119 1095 1043 1020 997 976 946 932 920 903 889 867 844 822 806 787 716 695 686 687 687 659 642 624 610 600 588 571 571 571 571 571 571 571 571 580 616 673 714 739 760 793 808 825 850 862 877 890 910 924 938 963 985 1020 1052 1092 1085 1075 1066 1072 1078 1086 1086 1085 1082 1070 1064 1051 1043 1014 983 951 904 889
1324 1312 1277 1262 1237 1261 1225 1214 1196 1155 1130 1097 1070 1020 997 974 935 921 909 894 891 880 864 813 771 740 743 710 713 719 722 718 704 689 669 646 613 596 583 571 571 571 571 571 571 571 600 627 694 725 747 785 792 808 825 853 866 883 898 914 924 940 968 987 1018 1061 1061 1070 1062 1066 1073 1084 1093 1096 1096 1092 1082 1071 1062 1055 1014 981 960 971 965
1328 1317 1270 1231 1201 1178 1152 1143 1129 1097 1085 1083 1049 1019 1002 989 950 933 910 887 856 860 856 804 761 753 773 788 779 762 730 718 716 708 668 640 609 598 580 571 571 571 571 571 571 574 602 634 714 735 760 799 811 808 822 858 868 884 902 913 925 938 969 986 1013 1039 1049 1053 1061 1075 1086 1099 1110 1112 1106 1104 1089 1079 1070 1041 1016 986 987 1002 1000
1334 1330 1274 1240 1213 1193 1160 1148 1139 1111 1102 1093 1081 1052 1036 1014 978 948 919 894 851 830 820 782 771 786 803 797 789 771 735 714 710 699 653 626 604 578 573 571 571 571 571 571 571 576 611 647 716 743 769 803 816 832 845 867 876 888 910 917 928 939 967 983 1003 1032 1049 1056 1066 1088 1101 1109 1121 1123 1122 1117 1102 1093 1084 1054 1027 1006 1010 1030 1026
1376 1359 1289 1261 1236 1196 1181 1169 1159 1135 1120 1108 1077 1063 1046 1024 983 961 939 885 877 873 866 811 819 824 818 806 794 777 738 717 701 668 650 625 603 571 571 571 571 571 571 571 571 580 618 659 728 753 774 807 819 836 851 873 883 891 911 920 930 939 960 976 994 1032 1051 1064 1081 1101 1114 1122 1132 1136 1132 1127 1110 1099 1087 1067 1055 1054 1060 1068 1071
1396 1373 1329 1306 1287 1242 1224 1208 1173 1148 1133 1119 1086 1071 1053 1031 986 966 944 896 888 886 883 872 867 860 834 815 794 776 739 720 701 657 647 621 596 571 571 571 571 571 571 571 571 588 624 708 738 765 782 806 822 839 866 879 888 898 914 925 936 952 962 980 1004 1045 1061 1080 1118 1128 1145 1136 1149 1150 1143 1130 1119 1106 1098 1078 1075 1079 1081 1084 1090
1405 1387 1342 1320 1299 1255 1232 1217 1201 1160 1145 1131 1097 1078 1056 1031 989 969 950 908 898 895 890 881 875 866 837 815 790 767 729 716 700 666 643 619 592 571 571 571 571 571 571 571 571 582 617 698 728 767 791 815 833 852 880 890 892 899 919 930 940 957 967 984 1010 1048 1065 1084 1129 1145 1164 1176 1180 1172 1165 1147 1137 1121 1113 1090 1088 1090 1097 1105 1112
1413 1372 1352 1329 1306 1263 1240 1223 1185 1165 1147 1133 1103 1080 1058 1032 993 976 959 920 905 901 896 883 875 866 834 810 779 751 721 707 693 662 641 619 595 571 571 571 571 571 571 571 575 597 620 680 726 768 795 828 844 856 886 896 903 908 929 939 950 978 975 994 1015 1052 1070 1093 1139 1159 1179 1187 1189 1180 1173 1155 1148 1139 1132 1121 1120 1123 1128 1121 1126
1416 1377 1354 1335 1311 1272 1247 1228 1192 1170 1150 1134 1101 1080 1058 1013 996 978 959 919 902 897 890 882 868 851 802 800 767 731 716 702 687 650 635 614 571 571 571 571 571 571 571 571 584 610 645 705 742 776 817 838 855 868 890 897 909 925 936 948 961 985 995 1010 1048 1063 1087 1119 1152 1169 1184 1191 1190 1187 1181 1162 1153 1148 1144 1134 1132 1135 1145 1154 1164
1410 1381 1362 1343 1320 1277 1257 1237 1195 1176 1157 1136 1099 1078 1056 1014 997 978 959 918 897 891 884 877 856 836 781 763 748 726 704 686 672 642 627 605 571 571 571 571 571 571 571 571 587 608 641 712 755 787 830 852 870 885 900 905 912 930 941 957 971 991 1003 1017 1052 1068 1096 1132 1168 1181 1189 1199 1202 1201 1194 1171 1164 1160 1151 1149 1147 1149 1163 1168 1178
1321 1378 1366 1348 1328 1275 1255 1235 1191 1174 1155 1136 1094 1072 1051 1012 993 973 955 905 893 883 874 865 835 821 768 749 739 713 687 676 664 625 610 597 571 571 571 571 571 571 571 576 589 611 641 734 775 807 847 871 885 894 917 926 938 960 967 973 977 997 1008 1021 1052 1073 1105 1142 1174 1184 1193 1208 1216 1212 1203 1187 1185 1180 1178 1174 1175 1162 1176 1185 1194
1155 1237 1278 1343 1303 1271 1251 1232 1190 1173 1156 1113 1091 1069 1049 1012 992 970 918 894 879 857 835 815 818 783 758 741 732 700 680 672 642 627 607 588 571 571 571 571 571 571 574 600 611 620 653 749 793 826 867 887 896 906 931 943 954 974 980 985 989 1011 1021 1031 1063 1084 1112 1144 1174 1185 1195 1219 1225 1218 1207 1195 1191 1190 1191 1189 1189 1196 1211 1223 1231
1112 1151 1183 1218 1286 1261 1231 1217 1181 1171 1155 1111 1087 1067 1047 1009 988 967 909 883 862 836 807 796 784 756 740 724 715 687 673 663 636 617 598 579 571 571 571 571 571 571 583 609 627 653 720 781 823 843 887 897 911 930 947 957 968 986 994 999 1006 1016 1026 1036 1065 1088 1115 1156 1170 1180 1193 1223 1225 1218 1207 1204 1204 1204 1203 1202 1206 1220 1227 1240 1248
1077 1095 1115 1122 1215 1230 1185 1184 1176 1163 1145 1103 1084 1062 1041 1003 982 960 901 874 848 818 781 770 762 741 722 706 700 668 650 633 624 601 584 571 570 571 571 571 571 571 587 622 643 662 723 768 824 860 904 921 934 957 968 980 995 998 1006 1008 1013 1019 1029 1041 1070 1092 1115 1150 1165 1180 1193 1215 1213 1214 1218 1220 1221 1225 1214 1215 1223 1236 1244 1256 1266
1015 1047 1052 1053 1145 1183 1145 1159 1162 1150 1138 1099 1079 1055 1008 984 963 938 886 860 836 810 763 749 740 722 699 687 674 635 616 610 612 600 576 571 571 571 571 571 571 571 589 627 652 669 746 791 836 869 918 935 945 968 980 992 1007 1023 1025 1025 1026 1033 1040 1045 1074 1092 1111 1145 1161 1178 1191 1210 1211 1217 1222 1225 1228 1232 1238 1243 1250 1269 1278 1288 1281
975 961 952 957 995 1007 978 1061 1096 1116 1116 1087 1067 1042 993 973 953 927 878 852 826 773 749 725 709 688 673 666 647 625 609 604 606 600 581 571 571 571 571 571 571 571 630 662 685 717 783 809 830 905 930 947 959 977 989 1004 1027 1032 1034 1033 1033 1038 1044 1064 1078 1091 1101 1135 1156 1177 1204 1209 1212 1218 1225 1231 1235 1241 1248 1254 1260 1281 1290 1303 1313
928 923 915 915 922 922 906 916 959 973 1000 1015 1011 1025 981 963 941 917 870 847 824 766 746 725 701 683 669 660 639 620 609 604 612 610 591 571 571 571 571 571 571 571 629 670 698 736 821 851 870 904 943 967 979 998 1009 1016 1037 1040 1041 1039 1038 1043 1049 1064 1075 1089 1103 1136 1160 1178 1204 1209 1215 1223 1229 1241 1243 1252 1256 1264 1273 1295 1304 1315 1339
