data/MicaCreek/slope.asc
ncols 541
nrows 644
xllcorner -1620000
yllcorner 438000
cellsize 100
NODATA_value -9999
[rows 459 to 509 of 644, columns 0 to 95 of 541]
-9999 -9999 -9999 -9999 -9999 57 59 54 48 41 77 85 67 78 95 75 70 93 99 81 50 99 98 74 132 137 65 44 25 42 54 84 92 85 99 106 112 120 123 122 118 115 110 110 115 106 88 84 83 57 42 44 41 50 74 85 86 77 56 26 35 42 51 50 32 16 18 18 6 9 14 17 28 50 71 80 87 95 97 99 109 125 122 103 106 88 55 98 118 88 76 57 11 36 78 86
-9999 -9999 -9999 -9999 26 42 61 67 62 60 85 87 63 61 53 58 79 92 93 77 53 68 82 72 139 141 68 54 36 48 63 84 81 56 64 67 67 66 70 81 96 103 96 92 91 91 93 97 109 97 82 68 45 35 52 94 100 65 56 27 22 31 43 34 10 7 14 16 11 13 15 11 8 8 25 46 57 62 63 58 49 57 88 97 81 64 42 81 116 98 91 65 12 42 87 91
-9999 -9999 -9999 -9999 52 46 54 56 56 59 81 93 85 81 64 72 81 98 94 69 58 27 73 82 159 153 70 52 34 36 51 86 81 54 63 67 65 60 57 52 43 36 28 21 18 30 51 64 85 91 77 60 43 32 44 104 105 58 56 37 4 31 44 33 9 6 11 13 10 13 15 13 12 18 16 4 7 13 21 25 23 21 23 40 63 71 69 82 101 95 107 72 19 49 91 91
-9999 -9999 -9999 11 17 22 28 32 35 43 56 73 80 74 69 66 66 81 77 84 84 44 73 108 175 148 67 42 21 15 41 75 59 23 25 17 8 15 21 23 14 7 6 1 1 3 8 15 37 48 39 33 29 28 42 97 99 50 51 45 9 24 45 47 33 18 11 9 6 8 7 6 8 14 17 13 9 3 2 8 10 20 40 69 76 64 68 82 90 87 112 72 27 55 89 90
-9999 -9999 -9999 45 49 50 56 56 42 44 48 50 49 55 84 67 74 61 57 74 87 48 97 146 173 117 67 41 20 26 61 79 55 40 48 53 56 58 51 40 29 22 16 8 3 1 2 3 15 30 35 35 34 38 48 90 89 45 52 48 15 8 30 45 51 45 25 12 9 9 8 6 8 12 14 12 10 4 0 2 4 34 62 90 94 93 104 105 96 86 105 67 31 61 85 83
-9999 -9999 -9999 57 53 61 65 67 64 64 65 69 76 84 107 75 91 76 55 72 76 44 102 146 138 83 61 41 19 37 74 82 51 40 48 51 53 57 59 55 49 49 48 38 25 12 3 2 4 13 23 40 46 45 52 80 78 44 54 49 19 5 10 23 39 55 42 21 16 14 12 10 12 15 12 11 10 4 0 1 9 50 67 86 85 76 87 81 70 71 86 52 28 69 84 70
-9999 -9999 -9999 45 50 52 45 50 58 68 72 77 70 88 109 92 102 91 69 90 71 64 106 133 113 68 57 43 16 37 77 84 55 61 80 77 68 68 70 74 71 65 64 63 54 38 19 7 3 7 14 39 51 50 54 74 73 45 58 53 23 11 13 21 31 49 48 31 26 24 21 15 16 17 15 17 21 14 2 6 26 58 65 90 83 42 45 39 41 55 71 42 26 71 83 63
-9999 -9999 -9999 103 105 87 63 47 41 47 56 55 50 73 84 87 90 86 82 95 78 91 118 129 116 83 69 41 15 37 83 93 63 89 103 78 62 61 59 57 57 58 64 73 78 74 58 32 8 6 10 35 51 51 58 70 63 44 62 59 27 24 31 30 36 54 64 59 45 33 29 21 19 21 25 26 29 28 11 20 37 51 71 101 77 33 35 36 45 63 75 39 26 69 78 56
-9999 -9999 12 40 73 86 87 79 73 68 62 51 60 63 62 69 79 79 78 96 67 94 105 112 114 85 56 23 26 38 81 95 73 100 93 52 31 27 25 19 22 33 41 50 63 71 75 65 33 17 15 29 48 53 69 71 50 40 64 67 34 41 43 33 36 51 67 72 65 55 53 52 48 39 28 25 38 43 19 19 31 39 84 97 50 32 37 48 61 82 81 31 29 66 75 55
-9999 -9999 26 27 32 45 68 77 74 64 52 53 66 71 79 89 102 101 88 99 56 75 74 90 100 64 19 22 36 42 68 87 90 109 86 47 34 28 18 14 13 12 14 24 40 52 62 72 49 27 24 25 36 48 78 78 47 39 66 75 47 53 39 27 34 43 51 61 63 61 61 63 60 48 32 29 43 56 39 31 33 34 86 88 40 43 54 66 74 85 65 20 33 59 71 59
-9999 -9999 16 16 21 24 31 33 39 38 36 49 65 73 77 87 96 101 102 111 79 75 68 78 87 62 7 39 48 59 70 74 95 111 80 48 43 39 24 24 28 35 45 57 63 64 61 72 57 34 30 28 27 31 69 85 59 49 67 74 58 53 34 30 43 47 50 55 54 47 42 40 45 42 31 29 39 53 46 49 46 34 75 77 44 55 66 75 73 74 47 13 30 53 65 55
-9999 -9999 4 6 12 17 25 28 40 38 32 40 48 51 46 62 72 77 89 106 84 61 53 63 79 63 12 52 49 66 70 63 92 107 73 48 54 44 28 31 41 53 58 62 70 89 92 103 95 66 50 36 31 34 57 76 69 67 64 57 61 55 35 26 33 36 47 57 65 60 51 52 51 38 30 28 39 48 50 63 56 36 64 78 71 70 69 79 70 69 43 18 31 53 65 56
-9999 -9999 15 15 7 3 17 24 40 44 40 42 46 49 53 61 66 70 75 91 74 34 36 58 76 56 21 55 48 77 77 61 88 115 85 52 56 48 27 28 38 44 37 43 50 75 83 92 92 68 63 61 57 52 60 66 63 76 61 43 52 58 50 43 44 26 36 47 58 58 49 62 67 57 52 44 47 46 63 71 52 39 63 86 80 67 64 74 62 65 41 21 43 62 66 61
-9999 21 30 33 30 18 2 7 22 35 38 39 39 39 53 67 72 78 84 93 84 39 32 61 72 43 22 51 51 85 89 69 99 136 101 67 68 63 48 53 60 48 34 43 39 41 53 61 60 46 59 75 77 63 56 60 54 66 57 38 42 47 42 41 67 48 21 28 41 44 34 48 56 55 60 64 60 45 70 72 50 49 79 94 77 70 64 66 55 58 38 14 51 73 69 65
-9999 140 139 82 69 61 37 12 6 12 16 24 29 27 34 53 64 66 80 92 87 69 64 85 78 39 30 50 64 95 94 71 115 139 87 59 75 75 70 79 75 60 56 66 51 52 64 70 58 48 59 65 67 64 49 44 42 57 50 35 44 42 30 33 75 63 11 24 38 41 31 42 35 12 32 65 58 41 67 67 45 62 102 97 76 71 60 58 63 61 32 8 52 77 74 79
20 78 119 92 86 91 85 60 32 16 5 11 23 26 26 37 47 44 68 88 83 84 85 91 71 38 38 48 82 120 104 71 109 127 87 56 54 60 67 76 65 63 73 78 59 61 68 80 80 84 84 75 73 74 60 46 44 53 47 31 45 39 25 40 77 64 18 19 34 34 28 55 59 59 82 83 56 41 54 54 36 95 126 86 73 67 51 50 83 70 23 12 55 76 69 99
25 53 79 61 65 77 93 90 61 36 23 9 7 20 25 36 51 57 73 86 78 74 68 66 44 27 39 41 105 153 105 60 84 101 88 88 96 76 47 57 43 59 68 58 53 58 61 62 63 74 69 60 56 60 67 64 54 44 35 24 40 40 33 49 90 73 25 20 36 30 34 71 84 65 74 76 74 80 86 86 76 117 126 72 67 61 46 50 97 74 14 16 63 76 61 107
32 57 81 76 65 61 73 87 69 42 33 27 13 4 12 20 33 46 69 83 84 88 79 56 26 33 46 43 132 159 80 51 70 74 55 65 91 89 77 94 72 26 48 56 69 74 75 57 29 22 20 22 21 27 39 42 34 23 16 19 34 39 39 56 106 88 14 31 40 33 58 88 80 50 55 61 59 76 98 106 100 113 114 74 66 68 61 56 96 70 7 22 67 77 60 102
61 66 82 85 82 66 63 87 86 65 49 38 28 12 3 2 6 14 39 57 63 66 53 27 17 43 55 53 133 148 75 59 72 65 39 59 71 53 50 76 78 65 75 44 54 72 96 79 40 26 17 14 12 10 9 9 10 12 11 9 20 29 33 59 103 97 22 41 44 44 83 88 55 38 56 64 55 71 70 53 48 82 100 76 70 86 78 64 84 58 6 34 69 71 60 92
37 46 56 57 67 63 55 74 80 80 77 64 56 44 28 11 1 4 16 26 29 35 41 36 33 50 58 57 114 139 92 72 85 77 59 73 63 38 48 65 58 53 94 60 10 36 85 91 54 39 25 18 15 12 12 13 14 13 11 10 12 27 37 60 91 101 34 54 60 56 88 81 40 35 56 66 56 72 70 50 45 84 101 67 69 88 70 52 61 40 10 49 67 56 56 82
106 99 54 44 49 51 49 60 62 61 78 81 74 66 50 30 11 6 8 11 12 36 53 40 39 52 52 56 106 131 101 102 116 88 68 76 67 53 63 78 73 67 77 57 17 21 61 94 78 64 45 31 23 13 10 11 12 11 10 11 11 23 38 60 84 99 41 72 85 63 83 80 46 44 64 72 56 59 65 61 53 94 107 65 75 82 53 35 41 25 15 56 62 42 50 75
63 94 64 60 62 65 71 80 76 55 60 69 66 61 57 45 22 9 8 10 16 38 54 45 53 59 52 63 109 125 93 137 123 59 56 67 65 61 76 88 88 91 85 64 53 72 105 146 141 112 68 40 33 17 10 10 9 8 9 12 15 20 33 60 82 86 45 102 95 52 70 76 51 56 74 73 59 64 60 62 75 100 102 66 75 74 43 35 36 16 18 56 59 38 53 71
62 84 61 66 68 69 76 93 103 85 87 97 96 83 69 52 31 16 8 12 20 37 51 48 62 62 54 62 106 122 94 131 108 60 60 67 69 60 64 69 77 80 72 76 84 109 115 132 146 154 120 72 56 40 30 20 11 10 12 15 20 25 32 54 78 69 39 97 58 26 61 81 62 74 83 65 51 63 64 62 85 100 89 69 78 67 33 33 26 8 16 52 56 43 67 72
53 73 55 63 63 61 60 70 90 82 89 99 101 98 85 61 52 40 21 16 25 36 45 46 66 68 52 63 102 116 100 85 82 106 106 68 30 43 61 73 79 70 46 34 38 75 49 42 77 121 126 80 61 45 35 32 28 28 30 35 37 32 33 50 73 56 41 77 29 20 65 95 70 80 78 55 55 77 77 62 86 101 80 69 78 62 25 26 16 1 12 41 49 41 72 69
50 82 100 111 99 76 64 60 66 50 52 73 80 93 88 62 54 50 29 14 26 35 36 39 68 76 54 74 93 87 97 81 71 109 147 104 86 96 115 114 74 76 65 58 68 96 80 39 48 87 99 63 49 31 23 32 42 47 47 48 49 55 65 73 77 47 48 71 31 29 73 93 75 91 77 47 65 89 76 61 95 105 75 73 77 55 26 21 12 3 12 38 49 43 70 64
48 71 92 108 112 93 80 75 66 57 53 77 74 89 84 51 41 50 35 6 24 32 29 31 66 83 57 78 86 68 79 82 80 97 141 131 84 52 110 119 82 94 83 54 51 81 84 68 79 83 68 55 45 26 21 34 54 66 69 62 59 65 75 79 69 32 54 64 35 46 70 75 90 117 87 48 71 76 51 59 96 90 59 72 70 41 26 16 6 6 23 48 53 41 64 62
27 31 27 46 69 71 77 74 53 46 52 77 70 85 85 59 55 57 39 8 21 31 27 29 69 87 58 72 79 57 53 62 63 58 86 76 43 42 88 95 52 67 72 44 34 55 50 53 71 65 51 45 30 33 57 80 98 107 107 95 82 73 64 59 40 23 56 59 37 56 60 58 95 144 112 64 81 74 58 75 89 75 46 65 61 30 22 9 2 12 44 62 52 41 57 58
33 28 17 30 37 44 73 68 38 36 50 69 70 81 81 65 74 71 41 15 17 27 23 35 77 91 68 78 84 70 71 87 87 83 109 101 74 71 81 75 46 64 67 41 38 47 19 45 59 56 45 26 14 48 70 88 94 93 97 108 109 107 92 56 23 31 65 69 63 74 56 58 104 162 136 71 75 67 59 66 80 77 50 61 57 27 15 0 14 30 58 60 42 39 55 49
22 20 25 35 43 53 81 77 49 49 54 61 66 73 72 61 82 83 48 24 15 26 21 47 76 81 74 81 85 64 73 83 68 68 93 75 39 56 65 49 43 64 61 36 38 40 48 66 69 54 32 11 27 35 33 47 49 37 34 47 53 50 43 35 21 65 90 76 71 91 84 75 119 163 130 61 55 52 51 66 89 76 43 49 46 21 4 29 45 50 65 62 43 43 51 37
5 7 17 31 43 51 76 76 59 64 62 54 54 69 77 71 92 92 51 28 18 25 24 50 63 64 74 90 97 70 84 91 66 67 87 68 43 67 60 35 48 68 54 27 29 52 68 67 62 44 30 30 32 19 34 69 87 71 54 32 22 25 33 42 42 94 104 74 68 100 88 92 137 148 104 63 49 47 46 79 93 55 30 39 39 16 21 48 47 45 64 60 36 46 51 36
5 5 8 14 24 38 59 56 51 77 77 43 39 55 70 67 94 94 56 38 21 19 25 45 53 55 76 93 79 51 74 94 80 83 91 67 45 68 64 40 57 71 46 24 16 30 38 44 42 22 35 46 28 9 30 52 91 106 105 84 60 41 33 55 73 114 105 67 66 90 81 60 105 106 77 62 46 44 45 87 86 41 31 41 36 5 39 52 33 34 58 46 22 46 50 35
8 8 15 22 30 50 57 42 45 87 82 36 37 53 66 66 86 80 46 34 23 13 22 40 52 55 105 117 77 55 64 68 52 82 91 60 49 64 64 50 69 68 41 32 27 41 37 38 31 16 41 47 23 12 22 13 32 51 72 72 56 51 69 110 115 115 88 51 56 74 68 53 89 92 68 64 49 42 51 88 78 40 42 47 25 7 52 63 37 42 56 34 17 47 50 28
5 9 21 27 28 58 61 42 55 89 76 47 54 75 73 64 79 72 34 20 19 10 16 38 57 59 120 126 65 57 74 76 54 67 79 58 56 67 68 56 76 69 46 45 43 49 37 33 19 26 42 35 32 31 22 14 14 23 43 49 34 45 88 107 83 74 62 44 64 77 63 58 91 89 56 66 53 40 58 88 72 44 58 46 10 15 66 70 36 50 52 30 25 46 48 25
11 15 27 24 17 53 53 42 70 77 57 49 74 95 73 61 73 62 29 17 16 6 15 41 62 64 117 125 66 60 76 68 49 51 52 44 46 62 77 72 87 79 52 50 42 35 22 19 5 29 35 27 36 46 43 34 35 48 68 81 62 50 69 65 41 48 49 40 70 77 61 65 90 78 44 62 57 45 63 81 68 52 66 38 2 24 73 69 37 49 40 23 22 36 42 25
10 30 34 21 15 46 46 40 78 66 44 52 87 103 68 66 68 47 28 19 15 2 18 43 58 63 107 112 74 87 80 46 28 27 33 34 33 35 53 66 89 89 60 47 30 19 12 6 11 20 28 16 26 39 52 54 52 54 70 98 103 91 81 55 41 51 46 41 76 81 56 66 85 63 38 60 64 59 70 70 68 65 62 30 7 32 73 73 45 43 32 18 13 28 36 26
26 42 38 18 15 41 50 46 65 66 55 59 99 106 64 75 69 39 30 26 13 3 20 39 50 59 98 106 85 116 99 44 31 28 36 41 40 30 25 34 63 70 48 40 18 8 9 10 17 23 36 35 54 61 65 70 67 62 67 88 116 121 101 68 45 50 43 45 81 86 57 78 81 47 32 57 71 70 69 59 73 72 47 18 12 40 69 70 46 38 29 15 14 26 27 24
34 43 32 12 14 38 56 37 50 75 71 68 103 111 84 91 71 39 36 35 16 6 21 34 39 51 86 88 69 121 119 60 37 27 36 48 56 41 24 28 53 59 42 44 22 4 6 7 15 19 30 46 72 72 70 71 71 71 78 82 88 86 73 67 55 41 38 46 78 82 58 81 69 34 33 62 85 78 65 59 74 65 27 8 10 49 64 57 48 44 33 11 14 20 17 22
30 31 22 11 21 39 45 33 47 74 71 74 90 94 99 113 82 49 46 44 20 6 21 31 31 58 93 78 50 96 112 67 39 19 19 32 58 63 45 38 50 52 43 51 32 10 13 4 0 0 3 26 47 39 30 30 38 43 41 35 35 41 44 45 55 55 42 47 75 74 63 84 64 34 35 67 94 77 72 76 73 54 16 4 8 54 63 49 44 45 33 12 19 22 15 21
33 32 16 15 21 36 47 44 42 74 60 76 85 72 81 103 83 49 56 49 25 8 17 28 32 79 105 75 56 79 92 68 56 35 22 6 35 66 63 59 56 44 43 56 43 4 12 8 6 2 6 27 50 44 25 8 8 12 7 1 2 14 23 33 54 78 88 89 80 59 59 80 64 40 43 76 96 76 81 77 56 29 3 9 13 60 67 48 46 43 24 10 22 23 19 27
41 27 19 15 12 26 41 37 54 78 54 81 99 75 73 91 74 44 52 52 41 23 6 25 38 88 103 76 60 66 73 58 68 46 6 10 14 47 60 74 65 41 42 57 46 12 4 22 30 31 34 40 62 68 47 24 17 5 0 0 1 5 19 40 57 64 73 83 73 54 55 68 59 44 62 88 91 75 82 70 34 6 3 22 14 66 70 46 58 45 14 12 25 24 18 30
8 21 24 10 9 17 24 35 62 64 50 86 111 86 82 88 65 37 38 52 55 44 11 29 48 80 89 75 76 73 66 55 61 48 16 9 4 30 51 77 71 42 40 58 47 13 26 32 37 43 44 51 76 104 98 77 71 61 40 20 5 16 37 47 52 50 43 46 46 51 56 60 56 47 76 98 91 81 85 68 24 16 3 32 11 69 72 42 65 48 7 13 26 26 16 29
22 12 13 7 13 17 18 51 70 44 43 86 114 95 98 85 50 25 33 63 81 70 27 42 53 70 72 56 79 86 72 65 60 39 9 3 8 21 41 74 71 44 42 54 45 27 42 35 27 30 35 46 59 90 111 95 86 82 65 39 36 61 75 81 90 92 77 54 43 42 49 54 55 53 85 106 96 95 88 48 3 19 15 32 22 76 69 38 59 48 15 15 27 28 17 23
5 4 5 2 7 13 16 52 69 40 41 87 121 99 100 82 42 16 34 34 76 78 26 48 54 64 58 35 72 93 82 76 64 35 8 5 6 16 36 70 68 42 48 49 35 36 53 41 16 30 43 44 35 44 74 66 45 53 68 64 70 79 83 96 107 107 102 99 94 87 85 81 68 58 92 110 96 100 70 12 28 13 33 24 47 84 55 31 47 42 18 18 27 25 18 19
7 6 6 7 12 20 27 39 53 48 53 93 119 94 94 80 36 18 38 17 82 70 13 45 52 57 42 20 63 99 95 80 61 34 7 4 6 15 34 70 69 42 51 46 25 34 56 52 35 37 36 26 25 31 62 77 67 71 78 78 88 81 69 80 78 65 67 87 105 110 105 93 81 78 111 127 104 93 49 16 37 10 45 7 63 79 40 29 41 33 15 22 28 21 19 20
16 15 8 5 4 6 16 29 37 46 79 105 100 83 92 77 28 42 45 54 83 54 8 42 54 51 33 19 61 102 100 81 57 31 12 11 11 17 35 67 67 47 56 47 21 31 49 43 41 57 55 27 20 29 49 70 87 101 82 92 110 87 60 64 56 39 44 60 72 81 81 69 64 74 111 126 89 61 19 26 34 23 41 16 65 69 34 29 39 30 13 23 27 20 18 22
23 23 17 0 7 12 20 34 31 39 100 115 86 74 85 65 25 48 27 84 82 45 5 33 52 48 33 28 70 104 90 79 57 28 13 11 13 16 36 60 59 48 61 50 22 32 42 42 38 49 52 47 46 25 26 40 97 123 85 112 116 68 46 57 56 42 70 94 93 81 65 56 51 64 104 106 58 23 10 21 17 34 18 35 60 56 30 32 38 25 13 21 26 22 22 25
18 25 26 10 11 17 30 48 38 41 114 126 82 65 67 48 29 37 24 92 77 44 7 25 47 50 37 38 85 110 79 68 55 26 5 6 15 15 33 52 54 47 60 50 27 28 29 39 44 53 43 31 59 42 19 35 108 128 83 116 116 68 48 55 62 62 95 86 59 48 46 55 66 88 109 82 40 9 10 14 28 30 14 42 54 47 27 37 37 17 10 20 30 26 29 27
15 26 35 20 13 11 28 54 47 53 126 128 69 52 41 51 72 52 58 86 73 46 9 19 44 54 43 57 100 107 74 60 54 33 15 14 19 16 28 43 48 50 55 47 35 29 30 47 74 91 74 57 62 50 15 44 107 117 76 112 125 87 62 61 64 71 102 72 23 12 17 37 56 79 83 48 30 27 39 40 28 8 34 43 54 43 24 36 35 15 10 22 36 28 30 26
6 21 37 33 24 6 38 58 49 68 134 122 56 36 28 71 88 81 97 72 78 53 6 16 48 61 48 76 99 86 71 62 56 30 11 11 16 14 28 38 38 52 51 44 46 52 53 55 102 108 77 72 67 42 28 67 99 89 60 99 126 97 79 72 56 69 109 77 26 22 22 32 38 61 63 30 36 45 44 39 26 28 42 50 58 39 18 30 33 16 11 25 35 28 29 23
0 12 25 35 36 16 46 62 61 92 134 109 52 18 37 61 39 88 111 73 94 74 11 11 49 65 52 88 94 71 74 74 54 17 2 4 12 13 29 37 32 49 48 43 58 68 54 54 102 94 42 41 42 21 48 87 92 63 52 88 112 90 94 80 45 55 108 88 32 30 34 40 40 63 62 28 43 39 19 20 35 48 43 53 51 25 12 26 31 21 24 30 29 26 29 22
0 8 15 29 30 11 48 68 79 118 126 84 44 4 57 53 11 78 90 65 100 87 14 14 49 62 52 95 98 67 77 72 39 20 14 10 13 17 33 38 32 46 44 39 57 79 67 49 86 83 43 31 14 36 65 94 89 59 64 88 97 77 97 84 41 47 96 91 40 40 46 44 42 63 60 25 37 29 11 21 49 56 38 48 43 18 14 26 31 31 33 25 19 20 27 22
