data/MicaCreek/slope.asc
ncols 541
nrows 644
xllcorner -1620000
yllcorner 438000
cellsize 100
NODATA_value -9999
[rows 102 to 152 of 644, columns 96 to 191 of 541]
-9999 -9999 -9999 -9999 -9999 -9999 -9999 -9999 -9999 -9999 -9999 4 25 49 52 79 76 49 47 63 63 44 69 71 51 55 78 70 42 60 56 22 5 18 38 40 56 59 45 58 101 93 49 38 28 38 39 47 57 60 69 53 22 9 25 44 55 85 99 97 101 124 137 128 126 100 79 92 104 119 175 159 104 88 118 89 114 150 138 97 98 70 58 53 45 44 43 32 32 42 44 41 58 63 56 60
-9999 -9999 -9999 -9999 -9999 -9999 -9999 -9999 -9999 -9999 -9999 10 34 56 58 81 76 49 54 67 59 46 67 69 52 64 82 64 43 59 52 19 3 20 38 36 54 57 42 61 96 82 61 56 50 46 42 51 56 49 48 28 5 20 43 60 70 101 111 92 100 138 143 117 115 112 101 100 99 46 83 124 106 90 112 71 125 147 150 110 92 94 97 106 118 107 68 39 40 49 47 41 57 61 58 89
-9999 -9999 -9999 -9999 -9999 -9999 -9999 -9999 -9999 -9999 13 23 44 55 56 80 75 48 61 66 52 46 62 69 60 82 85 56 46 57 48 17 4 23 33 32 50 54 40 69 85 64 65 67 60 53 53 62 60 53 36 12 11 37 54 68 82 111 115 88 102 123 100 74 83 76 49 49 59 64 59 62 56 78 113 46 97 81 91 105 60 78 96 110 135 147 138 121 109 90 77 83 90 77 85 105
-9999 -9999 -9999 -9999 -9999 -9999 -9999 -9999 -9999 -9999 24 24 51 58 59 81 78 48 62 64 44 41 57 70 65 90 79 44 43 54 43 11 10 24 27 28 46 52 41 70 76 49 49 51 47 44 51 59 54 41 19 11 23 57 86 118 124 128 131 110 103 88 72 60 78 68 52 72 95 111 116 103 71 49 85 28 78 69 53 94 48 49 63 78 93 99 146 178 167 138 129 138 120 81 70 54
-9999 -9999 -9999 -9999 -9999 -9999 -9999 -9999 -9999 7 11 32 54 57 65 83 72 45 63 65 44 50 69 71 65 90 76 39 43 51 32 4 13 22 21 24 41 50 43 66 75 69 76 75 60 47 46 47 35 13 20 30 39 81 127 140 114 104 105 72 59 53 52 53 63 53 58 68 74 76 74 70 71 68 58 9 56 62 8 78 112 106 85 86 91 87 118 143 153 143 116 81 33 16 28 50
-9999 -9999 -9999 -9999 -9999 -9999 -9999 -9999 -9999 19 17 41 57 51 73 81 60 50 67 64 44 64 80 70 67 87 74 41 49 46 19 2 12 20 18 23 35 37 36 53 65 68 72 78 76 71 64 51 28 19 37 43 51 99 124 93 65 69 70 53 48 36 35 58 73 78 89 91 85 71 56 45 40 36 29 17 42 60 57 57 93 110 95 80 91 111 122 99 81 56 17 27 60 58 45 39
-9999 -9999 -9999 -9999 -9999 -9999 -9999 -9999 19 27 38 61 72 63 81 81 57 57 69 59 42 68 78 64 64 78 68 38 47 37 9 0 9 16 20 31 36 28 25 33 36 35 36 46 56 58 51 38 26 42 48 44 51 87 94 74 84 75 51 41 49 44 33 45 64 83 90 82 67 50 37 15 7 7 4 5 19 52 85 69 43 18 54 59 92 117 72 16 74 82 55 68 83 77 76 74
-9999 -9999 -9999 -9999 -9999 -9999 -9999 4 12 27 44 66 70 58 77 80 57 53 63 57 42 67 80 63 55 65 60 33 42 31 4 0 6 11 17 35 40 27 24 31 34 33 32 30 27 24 21 21 32 55 54 40 44 73 84 78 101 103 87 76 76 64 42 44 54 57 50 44 44 37 39 21 6 5 1 0 1 40 72 62 64 71 40 51 91 95 17 77 88 70 36 63 72 50 58 68
-9999 -9999 -9999 -9999 -9999 -9999 -9999 8 12 23 40 61 54 44 70 72 45 48 63 55 38 67 81 62 61 68 52 29 40 27 1 1 3 6 12 28 35 29 25 28 32 35 37 36 36 38 34 30 36 55 58 49 53 65 69 66 88 102 99 89 81 70 56 63 74 69 54 49 49 39 49 39 10 14 7 1 0 33 59 39 41 81 79 40 57 57 54 88 78 56 40 60 56 10 4 27
-9999 -9999 -9999 -9999 -9999 -9999 -9999 13 31 33 58 69 49 44 68 64 39 53 60 42 38 71 79 58 70 66 39 28 36 21 0 1 3 9 19 24 21 17 13 14 18 24 32 35 36 38 34 32 38 52 60 55 65 72 65 57 65 72 71 82 77 56 59 66 69 64 59 60 53 46 60 59 24 22 24 11 10 46 69 50 65 91 80 20 30 64 62 88 75 56 52 55 39 2 11 33
-9999 -9999 -9999 -9999 -9999 -9999 5 30 46 35 57 60 42 50 69 62 43 57 54 39 47 76 76 54 70 58 28 26 29 15 1 2 7 18 27 29 28 26 20 11 3 7 16 20 20 25 27 23 30 43 52 52 68 79 72 67 70 70 71 102 94 57 52 54 50 47 58 61 48 44 68 75 47 38 57 64 69 88 98 75 82 96 50 22 49 57 52 79 78 46 47 39 22 7 17 30
-9999 -9999 -9999 -9999 -9999 -9999 11 39 43 32 52 59 42 57 74 61 44 56 59 53 67 85 78 62 68 51 25 24 22 9 0 4 13 24 30 33 30 27 28 32 32 26 15 8 2 20 29 22 23 31 33 36 58 62 60 66 62 57 60 100 106 84 83 77 59 54 67 64 44 50 85 89 57 49 59 70 81 99 110 101 108 81 20 71 65 61 54 71 79 35 34 33 29 29 37 46
-9999 -9999 -9999 -9999 -9999 11 31 49 40 34 50 57 46 70 71 46 40 56 63 56 73 84 73 62 57 40 24 25 16 4 0 8 20 25 33 36 25 20 23 29 35 38 33 26 21 10 18 23 31 38 35 35 55 53 44 64 57 38 39 74 86 78 74 53 36 43 73 75 59 77 97 82 60 57 44 38 58 91 99 93 80 29 72 88 65 65 74 89 89 65 75 76 63 51 44 42
-9999 -9999 -9999 -9999 -9999 22 32 50 40 39 56 64 51 72 71 39 36 55 60 50 72 79 62 50 43 32 22 21 10 2 0 16 28 24 37 39 24 23 27 26 26 30 32 28 27 26 16 6 16 30 38 41 54 56 49 71 69 40 35 56 60 41 35 37 41 51 86 90 63 89 98 73 69 75 60 59 67 96 82 48 3 53 81 90 57 50 70 90 88 79 82 67 52 32 39 56
-9999 -9999 -9999 -9999 -9999 10 35 48 36 38 61 64 51 67 65 42 45 65 64 59 87 84 54 40 37 29 18 16 7 1 2 22 31 21 39 42 26 28 41 50 58 62 59 46 39 39 36 30 23 15 18 32 48 52 49 69 73 50 44 58 61 45 55 57 48 53 84 84 52 88 91 58 57 70 28 29 33 84 53 64 88 89 92 94 65 43 56 68 72 62 36 19 28 30 57 79
-9999 -9999 -9999 -9999 1 12 45 53 38 44 64 57 41 61 64 50 63 77 71 69 89 72 40 36 37 28 15 12 4 0 7 26 29 22 42 44 26 37 59 69 73 80 86 84 76 66 59 54 42 23 7 15 33 37 40 62 68 52 46 53 55 49 74 73 45 48 73 75 58 90 92 62 64 70 30 49 48 92 88 108 109 109 112 90 73 65 84 94 77 42 22 38 43 55 83 112
-9999 -9999 -9999 -9999 6 12 50 59 40 59 78 64 50 62 66 53 70 74 64 64 72 54 30 37 35 20 10 7 3 0 13 26 25 26 46 46 27 48 67 60 49 51 67 82 82 70 60 57 54 41 27 18 16 25 34 56 61 44 47 55 50 48 77 82 55 64 75 71 67 93 96 64 76 70 32 51 41 75 64 83 80 89 92 75 77 78 86 73 39 19 50 66 68 94 137 142
-9999 -9999 -9999 -9999 9 15 49 60 42 66 73 51 49 61 65 54 72 73 58 60 62 47 27 35 29 11 7 5 2 0 13 25 27 31 47 46 29 60 70 46 35 33 42 51 60 61 51 45 50 49 41 34 18 7 21 47 56 49 60 69 59 55 76 78 55 75 84 71 66 87 97 69 81 73 55 66 63 86 97 112 101 88 81 77 83 71 53 14 24 39 74 91 83 119 146 76
-9999 -9999 -9999 11 16 26 43 50 44 69 70 46 47 60 60 51 72 74 55 60 59 42 28 34 27 9 6 5 1 0 10 24 30 36 46 43 34 65 65 37 37 37 30 30 46 67 68 59 53 45 41 40 37 27 12 26 39 40 55 65 58 59 70 69 67 89 103 87 76 81 92 81 87 68 54 80 92 106 116 118 113 111 113 121 116 87 42 23 40 59 96 106 82 116 96 27
-9999 -9999 -9999 16 10 24 37 41 46 67 67 44 62 69 51 44 68 72 53 60 52 30 25 30 21 7 6 3 1 1 8 23 30 41 44 37 40 68 66 39 48 35 5 5 20 46 72 85 86 79 77 70 55 42 34 9 20 23 46 58 50 61 55 43 52 81 105 100 103 98 96 101 115 90 55 74 82 82 86 81 89 97 113 117 97 74 64 70 69 102 138 136 109 99 34 72
-9999 -9999 -9999 5 4 23 39 41 48 68 68 44 68 72 50 48 71 71 50 58 46 24 26 28 18 6 4 2 0 1 6 20 29 44 47 40 45 73 71 44 57 42 14 9 20 22 38 68 86 87 82 84 83 80 76 43 5 19 47 60 49 61 46 21 26 61 83 82 104 106 93 95 120 121 93 85 81 78 81 72 80 66 75 65 43 50 103 108 73 110 129 104 74 35 30 80
-9999 -9999 -9999 12 13 26 48 47 50 67 68 47 71 74 53 54 75 71 49 58 48 31 31 29 16 5 3 0 0 2 4 15 22 38 44 40 47 77 79 54 66 55 33 25 28 31 22 23 49 58 58 63 70 76 92 80 15 9 43 62 56 66 55 38 30 52 68 60 83 91 81 81 98 107 96 89 82 83 80 98 106 93 86 58 40 54 123 124 69 103 105 62 36 28 54 65
-9999 -9999 13 19 25 39 58 52 57 70 64 48 71 72 50 60 78 67 48 56 47 30 30 24 10 4 3 1 1 2 3 11 16 29 33 30 39 66 70 60 71 67 49 45 41 39 35 24 38 61 64 55 42 36 82 99 30 5 29 48 51 61 55 48 49 57 71 73 91 99 85 82 82 71 65 69 73 75 69 91 98 83 68 45 42 61 116 119 90 117 106 54 39 30 46 60
-9999 -9999 24 23 30 43 57 50 62 68 56 50 73 75 54 73 80 56 43 48 42 27 26 15 5 2 2 2 1 1 2 9 14 26 29 24 42 57 52 52 65 64 51 57 55 48 51 56 42 37 69 87 87 74 101 120 55 10 20 32 37 48 41 35 48 57 64 70 85 95 89 97 97 93 108 120 117 89 71 67 58 46 35 41 44 73 100 100 98 118 103 66 57 41 57 77
-9999 -9999 15 16 18 36 49 44 62 63 48 49 76 83 61 79 78 49 38 44 43 29 22 9 1 0 2 1 2 1 1 5 11 25 27 21 41 55 54 57 70 72 59 62 63 53 54 75 71 33 41 84 107 103 123 140 81 24 12 23 35 50 43 25 30 40 40 45 62 71 70 95 105 114 125 129 124 112 97 78 60 52 48 54 48 77 96 101 105 102 79 57 58 41 67 81
16 27 18 32 50 62 55 41 62 63 45 54 81 81 60 77 72 41 36 46 44 28 17 5 0 1 2 1 2 0 1 2 5 19 22 17 29 39 41 46 54 63 64 69 77 74 71 84 80 59 59 37 55 75 123 143 93 44 7 11 21 43 40 24 28 35 35 41 52 51 46 65 77 83 83 78 72 83 82 62 47 37 44 59 59 84 107 114 116 101 64 38 44 23 63 81
31 43 35 50 71 74 60 51 68 70 53 73 82 66 58 76 64 30 37 48 39 22 8 1 0 0 1 1 1 1 3 6 9 12 18 15 21 24 22 32 35 37 45 56 65 68 80 90 79 74 89 76 21 44 122 145 107 64 21 8 18 32 29 19 22 30 33 46 51 45 46 60 77 75 61 52 43 38 35 31 23 18 29 44 54 85 115 113 128 120 77 49 41 47 73 92
34 49 43 46 59 54 53 56 71 71 57 79 75 56 63 81 67 32 40 47 30 12 1 0 0 0 0 0 0 4 9 14 14 11 14 13 19 23 19 29 32 27 26 34 39 41 75 84 68 69 90 93 56 6 89 155 147 113 60 25 16 21 22 20 21 23 28 45 50 42 39 44 50 52 44 34 25 19 20 17 12 12 14 24 33 70 103 97 119 124 88 54 37 62 81 98
41 54 45 48 62 50 50 54 63 63 51 74 73 60 68 80 63 30 40 46 21 5 1 1 0 0 0 0 3 13 22 24 21 20 14 6 16 22 19 27 30 29 30 37 41 37 67 76 57 55 83 87 58 47 11 109 146 149 102 47 39 32 21 10 12 10 16 39 43 28 19 9 4 7 14 13 11 11 36 60 69 63 43 32 31 61 85 84 116 124 86 42 37 64 83 95
50 56 40 42 61 54 28 44 75 73 55 70 74 59 66 73 49 21 39 39 10 0 2 1 1 1 5 14 32 54 55 42 29 23 18 13 14 16 18 23 17 13 20 32 42 38 60 73 64 66 86 84 61 63 43 39 99 135 105 50 49 49 42 34 30 27 25 46 57 45 44 42 30 21 18 22 30 41 68 89 77 72 61 57 54 65 79 77 110 118 80 58 65 76 87 78
52 52 34 36 50 51 37 60 75 54 55 75 76 64 72 64 33 22 39 30 1 2 1 0 1 4 18 33 57 80 81 77 63 51 46 46 42 35 38 44 41 34 21 20 34 32 50 61 58 73 85 81 71 76 68 13 64 133 122 70 43 39 37 34 33 37 45 68 80 70 78 80 72 61 69 91 96 92 91 82 46 43 32 38 52 68 76 68 82 94 79 80 87 94 90 69
49 54 37 33 49 51 38 66 75 45 44 67 69 58 65 49 24 26 34 22 0 2 0 1 1 17 38 47 70 86 73 77 75 65 60 59 59 58 61 63 61 63 53 19 26 25 37 45 43 64 72 66 64 75 73 45 15 113 182 187 153 106 80 61 48 48 48 65 72 58 73 77 87 85 104 123 116 107 112 105 81 74 52 23 39 54 53 42 54 69 64 65 75 81 68 52
48 57 38 37 56 53 39 57 60 47 63 77 62 48 55 42 23 26 25 13 0 2 1 1 20 58 76 73 88 89 53 48 55 53 51 49 52 61 67 64 54 51 63 55 33 18 27 37 42 59 62 52 55 68 61 48 54 47 115 172 179 137 116 126 125 117 118 131 116 83 82 69 75 76 88 79 63 71 101 107 98 97 80 31 34 49 37 36 54 75 74 67 66 53 37 31
48 57 38 48 59 48 43 53 51 42 74 87 59 47 50 38 22 22 17 7 1 1 1 4 53 87 79 72 86 80 58 68 83 84 69 58 54 54 52 45 36 32 47 61 49 23 12 30 38 56 62 54 63 68 51 49 72 66 38 47 116 123 95 119 145 133 120 128 118 114 124 123 129 117 92 64 49 56 87 82 75 95 85 57 15 37 42 40 41 57 71 72 66 47 29 19
49 55 38 54 59 47 47 53 51 42 74 84 56 48 48 37 21 21 13 4 0 0 1 17 78 86 46 47 68 66 55 66 81 94 94 88 87 85 80 67 52 44 44 44 40 34 11 23 31 51 58 49 70 67 46 47 73 77 59 61 107 149 96 79 95 107 70 60 61 92 131 137 137 122 91 77 75 82 112 110 95 115 87 69 31 12 20 23 10 10 27 34 28 22 12 1
55 54 42 60 64 49 51 52 45 37 69 83 57 52 50 33 21 20 10 2 0 2 17 54 94 72 33 50 66 57 45 38 42 60 80 86 85 85 79 72 66 60 57 56 49 47 33 21 21 48 58 44 70 70 49 53 81 88 65 85 74 143 172 137 111 135 142 75 66 72 97 86 84 90 63 61 69 79 111 105 97 148 133 118 86 56 45 32 15 6 0 1 9 17 17 17
49 45 44 69 71 54 54 45 37 37 67 80 58 59 49 26 21 18 7 0 0 8 41 80 75 39 32 63 73 60 54 46 44 46 52 56 52 45 37 37 50 54 53 56 49 50 57 58 43 47 57 42 66 75 54 66 93 84 58 80 51 41 103 114 76 93 136 116 76 74 98 81 71 98 67 48 46 60 92 84 64 131 153 145 105 67 70 66 49 37 29 31 33 31 32 32
47 40 46 73 72 47 40 31 33 40 66 78 60 63 47 23 20 13 4 0 1 16 57 75 39 25 41 71 77 57 50 46 46 49 55 62 64 54 40 28 33 37 49 44 36 33 52 60 53 40 48 38 67 82 61 85 92 66 51 60 56 49 32 43 78 76 71 113 79 67 86 74 49 101 94 68 63 67 81 79 43 71 104 138 102 37 40 46 56 61 63 68 69 67 69 70
63 56 56 73 69 35 27 25 34 42 67 78 60 63 46 22 17 9 2 0 4 26 61 61 32 34 44 74 83 51 42 44 36 29 35 45 53 58 61 58 55 54 69 68 57 42 40 32 32 25 43 39 75 86 61 82 69 54 62 65 63 55 68 53 63 79 81 108 92 54 66 65 50 69 87 47 42 46 61 70 38 46 78 129 109 35 18 19 37 54 63 69 70 73 77 79
70 59 67 80 69 42 30 24 32 48 70 74 61 61 42 19 13 6 1 0 6 34 56 47 36 42 45 78 84 47 44 46 29 10 17 25 29 38 50 56 53 53 64 79 95 95 72 53 41 43 48 50 78 75 54 65 52 50 64 66 59 50 78 93 61 36 18 49 79 77 53 60 62 33 73 23 16 31 49 63 22 47 79 104 90 38 25 31 32 38 50 53 52 54 57 56
66 52 69 76 61 46 33 20 30 59 72 66 63 58 37 16 13 6 0 1 7 34 49 44 42 47 53 81 78 48 52 45 26 21 30 31 22 27 29 28 23 32 30 33 60 80 78 71 40 35 27 48 73 64 56 47 29 27 41 49 45 44 67 82 70 66 57 39 9 48 65 81 78 54 81 47 26 37 48 47 23 69 75 83 65 30 25 32 24 26 42 58 74 90 90 77
75 53 70 64 45 36 29 26 33 64 71 61 61 53 32 12 10 8 3 1 5 26 42 49 49 48 58 79 69 49 61 54 37 35 48 43 14 6 21 26 23 31 24 5 21 22 59 78 39 17 16 55 79 67 57 30 11 17 39 50 47 49 68 74 59 55 48 45 53 43 50 81 80 66 86 62 58 79 76 41 37 55 53 65 55 26 19 32 27 27 49 64 78 92 92 84
75 59 73 67 52 48 46 47 46 61 68 58 61 50 26 8 5 12 12 2 3 13 31 51 56 52 67 77 55 39 53 48 33 36 52 41 28 29 21 14 28 34 26 16 33 34 59 91 50 18 29 71 90 64 43 12 1 10 29 42 43 47 68 69 53 58 52 45 53 76 67 53 55 39 78 55 65 89 78 60 67 68 73 77 75 57 42 45 38 40 58 61 54 58 49 56
58 54 68 65 51 53 55 66 65 62 63 55 64 46 16 4 7 10 18 3 1 5 19 45 53 52 80 79 47 39 51 50 42 54 59 25 18 33 34 5 25 41 40 37 51 45 56 104 58 36 57 90 92 57 31 4 2 4 22 36 37 43 61 54 36 43 42 41 54 78 80 66 74 22 79 58 51 57 35 47 66 85 100 95 102 96 65 47 42 57 73 64 53 66 47 43
53 49 59 59 44 49 44 49 49 47 52 50 58 35 8 12 15 12 21 5 1 3 15 40 51 50 80 75 39 29 38 38 36 70 71 32 24 37 40 19 17 41 54 60 65 41 56 108 54 54 68 89 79 45 21 13 4 3 19 32 34 50 58 40 28 31 32 31 53 68 68 72 105 60 82 94 69 56 45 50 62 69 91 80 84 86 58 30 32 53 64 53 46 62 44 38
74 63 69 64 42 46 40 26 25 30 42 43 46 22 15 21 16 21 21 6 0 4 14 45 62 58 77 69 40 29 24 18 15 56 70 42 33 47 50 28 20 23 38 54 55 35 75 107 37 57 68 80 64 34 24 27 18 8 17 22 28 55 61 42 36 38 34 30 51 58 50 64 118 104 36 75 73 73 66 63 79 94 113 94 96 113 85 32 24 52 46 27 30 52 46 33
61 64 72 58 37 48 44 34 39 40 39 39 32 10 18 12 15 28 18 4 1 5 21 63 76 67 80 68 45 34 22 14 11 38 55 37 32 54 55 34 25 13 13 21 3 60 98 99 26 64 92 92 58 34 29 36 39 29 15 9 19 45 56 40 40 42 30 30 51 55 47 70 117 107 45 6 26 32 30 45 72 89 115 98 96 127 113 55 54 63 51 30 36 56 51 34
50 52 56 44 38 50 42 32 35 36 33 33 12 17 21 15 31 28 13 2 2 6 41 79 77 70 81 70 42 29 18 15 17 29 38 27 44 64 49 36 29 11 3 19 41 77 83 74 18 63 126 101 44 33 30 38 50 54 36 10 15 40 50 42 47 40 23 29 50 54 46 84 111 92 79 63 58 63 59 53 47 45 92 88 68 121 111 56 80 86 62 44 58 72 56 44
57 59 47 27 30 40 31 18 18 16 19 18 9 28 20 36 40 19 6 0 3 11 58 87 74 68 75 58 25 19 17 17 20 28 30 20 53 68 42 36 30 9 16 27 34 45 64 78 41 46 136 105 41 34 7 10 14 27 43 34 7 34 51 51 50 35 26 30 50 55 42 79 96 83 82 73 76 78 90 95 77 42 41 38 45 124 108 47 74 81 76 66 83 100 92 76
53 56 43 29 37 41 27 14 12 11 10 5 27 31 16 54 44 9 1 1 8 24 81 110 90 88 89 60 32 29 29 27 22 25 30 29 58 65 38 37 27 1 19 21 15 15 44 83 72 22 103 112 92 78 35 28 30 22 16 33 21 19 55 65 59 44 39 40 54 57 44 66 69 56 61 48 37 38 75 93 91 93 85 69 54 88 86 45 62 66 69 78 86 101 80 63
43 53 46 40 47 39 19 9 9 10 7 11 34 23 21 63 43 4 1 4 17 41 107 127 90 95 88 60 53 65 76 78 78 68 44 38 60 62 39 45 35 26 29 24 8 1 14 54 74 29 49 93 120 135 82 38 34 33 25 22 29 14 42 66 70 57 46 50 61 52 46 62 56 52 65 50 33 31 59 75 68 68 68 74 84 64 46 9 41 65 38 15 49 76 33 51
