data/MicaCreek/slope.asc
ncols 541
nrows 644
xllcorner -1620000
yllcorner 438000
cellsize 100
NODATA_value -9999
[rows 255 to 305 of 644, columns 96 to 191 of 541]
79 78 49 40 16 0 0 3 12 25 45 50 46 50 90 88 65 66 65 55 44 54 57 47 79 100 90 92 91 56 34 59 67 40 21 33 60 76 71 62 60 66 100 101 49 3 60 69 34 33 39 4 18 48 36 10 17 18 23 33 35 36 49 73 88 77 76 94 83 58 58 66 78 89 97 95 87 92 85 67 71 103 90 54 60 54 18 11 31 45 58 72 81 80 89 120
77 75 45 40 18 0 0 1 8 19 48 52 40 46 75 75 55 65 64 48 41 56 56 44 83 87 61 56 78 54 19 33 28 31 19 36 36 54 82 80 55 44 82 102 65 13 53 61 42 45 36 10 19 44 20 14 19 18 25 43 50 52 54 68 83 72 79 92 73 50 46 53 60 72 90 96 94 96 84 73 86 102 72 51 52 41 6 28 42 39 41 52 58 57 77 120
72 70 44 42 22 2 2 1 5 13 44 53 37 41 64 61 48 71 64 43 42 62 59 46 83 85 63 56 69 46 41 37 26 33 23 32 14 32 87 97 65 46 78 99 54 21 61 60 47 54 35 16 24 31 12 15 14 15 27 47 64 64 58 66 79 62 80 93 80 69 73 77 72 67 58 55 61 65 55 56 76 77 51 42 36 24 15 41 44 35 38 54 58 56 71 107
66 60 43 46 27 4 3 1 3 10 37 48 42 46 67 67 60 79 64 43 55 73 59 50 89 89 61 49 43 33 48 44 43 47 38 24 1 31 90 107 78 62 78 77 32 42 69 55 52 59 36 25 27 25 16 27 32 34 42 46 53 54 59 73 75 58 78 88 73 72 79 67 59 61 58 55 60 59 46 43 51 42 24 27 22 13 23 46 48 35 36 49 48 48 77 109
61 48 42 48 32 6 3 1 3 9 27 32 32 51 65 58 65 87 69 45 76 81 51 49 88 84 50 42 27 35 40 34 31 36 25 17 27 49 94 102 68 61 63 50 26 44 54 37 48 48 23 15 18 15 13 44 56 66 68 58 56 59 63 66 58 48 68 77 55 51 47 30 27 37 40 38 47 40 26 22 23 22 26 38 28 20 31 51 52 38 40 47 43 43 75 92
62 45 43 52 39 12 8 2 4 9 21 23 21 52 63 51 61 94 80 46 84 85 49 52 83 74 40 39 38 47 36 18 15 25 16 26 44 49 79 80 49 69 77 57 43 47 47 34 44 37 13 6 6 8 13 58 63 42 42 33 31 35 38 38 38 44 70 72 43 44 34 16 15 23 26 20 32 24 9 13 21 24 29 49 57 60 71 83 77 61 56 54 42 41 70 75
58 41 44 52 38 19 14 5 3 9 18 21 23 50 61 51 65 96 79 48 86 87 55 62 74 55 29 41 61 55 38 25 22 29 19 25 49 57 68 60 41 61 73 61 58 49 36 23 30 31 25 24 24 27 30 69 75 37 19 7 0 4 13 18 25 42 67 54 26 41 37 19 16 22 26 19 24 24 25 27 28 28 35 51 70 80 85 89 82 73 78 80 71 64 78 73
54 36 50 53 30 21 19 11 2 7 13 17 25 52 62 53 79 89 65 63 96 82 52 70 64 41 30 44 48 38 35 30 27 30 29 35 51 70 71 55 45 58 68 57 53 39 17 9 20 28 29 29 33 41 49 82 89 64 49 34 21 12 15 16 22 51 63 34 26 46 44 25 22 20 23 33 45 51 53 53 51 46 54 67 77 72 69 72 61 61 79 83 80 83 88 75
53 36 45 45 33 26 21 13 3 4 8 12 23 52 62 54 87 84 57 77 101 74 50 73 64 47 38 40 22 28 33 32 26 26 33 42 49 70 78 62 54 61 73 68 58 44 22 3 8 15 18 23 38 45 48 76 83 66 60 50 41 34 29 22 20 51 54 31 31 50 48 27 26 24 35 51 63 68 66 67 81 94 103 101 92 83 80 74 63 65 69 59 55 63 67 62
44 27 30 35 38 33 25 15 4 2 6 10 22 51 62 52 88 85 57 74 92 76 50 65 59 50 52 53 47 50 56 54 39 29 31 42 42 57 69 58 51 52 59 59 55 54 41 22 7 9 18 38 54 50 45 68 64 43 46 46 51 64 65 45 30 46 61 55 46 61 59 53 58 51 52 60 65 67 63 60 74 87 87 75 69 71 80 83 95 108 101 83 77 73 64 59
34 40 41 38 38 39 30 14 4 1 2 6 19 50 60 54 90 88 63 79 84 65 39 54 53 42 51 52 52 53 58 67 63 53 49 56 56 67 70 51 47 41 41 47 50 49 48 42 22 0 9 43 50 35 49 68 55 44 45 45 66 82 91 64 56 57 59 58 54 59 63 77 91 111 131 131 111 91 81 64 45 27 24 28 37 44 56 71 93 103 98 87 82 77 56 31
47 43 46 47 40 46 35 10 4 2 0 3 21 46 54 55 90 91 71 94 79 42 39 54 54 44 43 38 38 39 42 52 56 55 51 57 59 78 83 64 66 62 60 63 61 46 42 57 34 17 24 62 48 18 57 59 42 45 50 75 114 120 131 91 70 62 59 53 60 52 50 62 96 150 170 146 110 79 76 70 51 34 33 39 33 26 33 46 61 58 49 64 64 51 32 24
43 40 50 51 42 59 50 19 9 4 0 1 21 42 48 50 84 92 73 98 92 64 64 77 86 90 84 70 60 50 44 45 34 36 38 39 43 68 81 69 68 65 62 71 79 61 55 75 59 44 36 79 63 15 55 51 34 36 45 86 100 99 127 98 99 103 105 98 96 75 56 60 118 142 112 90 87 54 55 59 60 58 55 44 29 13 25 44 56 60 45 38 50 53 66 45
35 41 48 40 32 53 57 30 16 8 0 1 18 40 46 50 76 82 66 82 82 61 62 75 87 91 84 71 69 67 57 57 54 53 49 39 40 56 63 56 56 51 47 58 70 58 53 71 55 42 46 90 78 26 64 62 40 37 36 58 43 52 89 65 91 107 120 123 117 85 55 72 151 136 101 105 98 61 53 49 44 46 48 36 36 21 33 52 56 59 48 24 19 74 84 45
37 51 49 30 27 45 50 29 20 14 3 1 15 38 44 55 68 67 65 79 78 49 41 43 47 46 48 48 51 66 64 60 62 63 60 51 51 59 64 70 73 59 44 58 61 42 39 60 37 12 53 100 88 41 60 73 49 50 47 42 26 34 68 64 71 77 78 89 110 83 41 102 178 111 91 120 120 93 79 71 66 65 58 45 45 36 51 66 59 61 47 4 54 87 74 43
42 61 54 32 32 46 47 29 24 20 7 0 14 35 39 56 62 57 64 79 82 65 56 45 37 36 44 46 39 53 57 47 44 53 53 50 56 58 56 63 80 81 64 75 75 46 40 58 37 2 56 100 91 64 36 66 38 40 41 34 23 29 67 95 84 62 51 63 103 82 38 134 163 66 68 111 127 106 92 94 95 79 65 62 64 71 93 93 66 62 42 40 66 66 53 50
39 62 61 37 34 41 41 31 30 25 10 2 10 28 37 54 55 46 50 68 69 61 60 42 20 13 25 36 40 51 59 56 53 54 44 37 48 49 42 42 61 72 63 84 89 61 52 55 40 25 65 94 91 73 27 55 22 18 19 18 19 31 43 38 47 69 45 48 86 77 66 127 116 23 17 66 99 88 67 78 79 54 49 52 54 70 101 84 65 62 26 58 77 74 60 63
34 60 65 40 40 37 25 26 36 29 11 4 6 20 31 53 51 28 32 52 47 33 47 45 21 15 12 9 18 30 41 47 54 58 47 43 51 56 50 42 47 50 47 89 100 70 64 58 41 29 58 67 78 80 59 51 8 22 32 25 23 29 4 49 69 57 40 46 62 43 22 74 87 72 68 45 46 76 82 67 69 47 36 29 22 55 81 55 59 50 39 65 81 88 68 64
42 66 69 43 45 36 26 28 41 31 10 5 4 20 37 66 65 41 48 61 53 48 61 50 24 22 20 20 16 12 12 17 39 49 38 36 41 44 44 50 51 43 47 90 108 83 86 78 49 40 55 61 83 105 84 62 47 41 2 15 21 59 89 96 72 34 36 64 69 54 52 79 84 63 66 65 28 30 59 71 69 58 45 31 29 70 80 49 51 38 67 65 78 88 69 62
53 69 71 60 63 48 33 34 47 35 10 5 3 22 43 75 67 40 63 81 81 81 81 66 55 58 54 49 42 32 20 17 29 34 21 21 30 28 25 51 51 33 39 74 102 94 108 104 70 62 68 54 52 73 54 41 57 69 45 55 74 106 114 97 82 89 90 106 100 78 62 73 85 59 40 38 45 40 21 51 59 65 59 43 41 72 73 43 38 53 79 70 75 84 79 80
57 64 61 55 66 55 37 45 54 34 10 4 3 20 51 84 69 44 76 87 76 79 81 72 72 77 71 66 59 60 60 59 58 50 40 39 33 21 21 49 47 23 28 50 69 77 105 110 74 61 68 58 53 71 67 51 60 59 32 57 70 77 62 68 79 96 105 104 86 51 37 58 81 70 56 50 53 60 43 17 41 55 52 40 43 69 74 60 48 69 78 70 80 82 70 83
74 69 52 47 64 62 41 60 61 28 10 2 2 18 62 86 62 49 90 92 59 69 69 62 63 68 71 80 83 86 94 91 78 68 62 50 27 11 16 44 48 30 31 40 48 54 85 97 64 55 56 50 50 63 71 54 76 66 42 54 66 82 72 66 62 49 36 41 42 16 5 30 60 65 59 52 55 60 59 36 28 48 41 5 42 75 71 54 28 72 74 70 84 75 53 67
83 79 58 55 70 67 46 70 66 28 13 5 0 15 66 82 58 56 97 99 47 56 49 35 51 74 94 108 101 90 87 79 67 61 55 44 30 12 5 31 47 43 44 47 52 58 84 97 70 63 55 39 33 41 57 51 81 73 46 44 63 80 54 36 25 18 13 20 33 18 9 16 42 57 49 31 34 49 54 47 40 54 56 42 60 55 49 58 42 38 65 94 97 57 42 54
76 69 47 49 65 62 47 73 68 31 17 7 2 12 63 80 57 63 95 89 52 64 61 33 46 78 76 74 95 113 117 109 104 107 87 63 51 29 21 13 25 31 33 39 47 54 79 90 73 75 73 62 52 47 51 53 80 70 24 29 58 72 38 13 3 0 2 10 33 34 21 17 43 73 76 39 24 43 43 28 27 47 54 37 79 89 82 83 75 34 35 106 107 65 60 73
82 67 40 54 64 55 46 71 66 32 21 8 1 7 59 81 60 78 86 66 55 68 66 44 65 83 54 28 64 103 109 110 114 133 149 144 122 86 62 39 20 21 17 25 35 49 71 62 52 63 69 65 57 52 53 58 89 91 49 32 51 53 44 45 34 28 26 23 31 42 43 32 23 59 93 64 20 33 25 29 41 50 50 29 48 64 58 54 62 58 21 74 97 74 66 76
74 63 44 68 75 54 49 68 63 34 25 10 1 3 52 79 62 87 83 58 59 74 71 55 84 88 52 44 66 64 52 65 76 90 111 140 135 104 78 53 25 16 10 19 34 64 69 39 33 39 46 46 42 42 47 55 82 93 64 34 28 31 45 63 64 57 50 33 22 29 44 44 34 20 76 86 57 35 21 37 53 64 65 57 59 68 62 61 59 57 48 33 61 56 58 58
63 66 43 76 86 56 53 66 60 38 31 13 1 0 42 71 59 85 81 55 59 74 72 57 90 93 65 63 94 85 19 51 67 54 32 75 92 68 75 61 24 9 4 11 27 70 75 46 38 35 44 49 44 34 33 38 65 81 62 41 10 11 27 34 39 8 9 30 33 35 49 54 45 32 60 96 96 83 60 52 55 61 61 52 48 52 50 70 72 67 71 50 21 47 65 48
63 61 38 78 85 56 62 66 54 39 36 18 1 4 33 56 59 85 79 54 56 67 63 50 79 83 63 66 96 98 45 52 71 59 48 81 107 77 86 83 39 18 1 5 14 54 67 51 42 32 37 47 50 41 34 36 61 87 77 62 33 13 18 23 57 50 51 39 41 48 63 60 45 49 64 108 125 120 101 79 63 53 39 22 32 35 27 54 66 58 61 63 34 25 69 68
77 62 45 74 79 54 75 70 45 39 39 21 2 6 24 39 53 82 76 55 66 70 55 48 71 72 51 73 90 84 74 82 56 51 57 82 123 101 97 103 74 53 21 2 8 40 55 47 42 30 30 36 44 41 28 25 41 73 83 78 56 34 26 35 60 44 43 58 52 58 66 45 39 65 71 94 116 122 120 117 105 84 62 43 44 40 27 36 50 39 35 48 51 15 40 52
86 63 53 73 78 57 85 74 39 39 43 23 2 5 19 31 43 78 76 50 70 74 53 48 76 76 49 77 84 70 80 109 76 30 42 48 91 87 87 89 72 72 44 7 3 31 48 37 30 29 34 34 38 39 22 10 15 43 64 72 59 43 31 35 59 50 55 73 83 80 74 61 70 87 67 57 78 95 99 105 100 83 69 59 58 54 45 46 55 49 47 50 50 43 21 21
80 55 56 71 70 63 89 72 38 44 47 21 2 4 17 28 44 76 69 43 66 72 51 54 84 76 48 74 79 60 83 118 91 46 42 47 77 80 82 74 54 73 56 10 5 32 52 31 11 14 27 36 47 51 35 16 11 30 54 64 49 39 26 51 77 72 78 76 72 86 99 100 101 97 77 64 69 78 80 71 65 58 52 56 55 48 44 46 54 53 63 62 53 52 41 36
73 46 63 71 56 65 90 69 38 56 53 16 2 3 15 26 55 72 54 45 68 73 52 80 97 67 49 75 82 61 103 119 77 54 42 65 99 105 101 83 67 85 63 14 13 40 54 24 4 2 9 16 33 47 42 22 8 23 53 61 42 38 19 69 87 78 74 57 37 62 84 78 74 73 64 61 72 80 91 94 90 81 66 64 56 36 29 33 43 47 62 65 55 51 39 30
67 39 63 68 50 66 92 69 37 64 58 14 2 1 13 23 57 67 47 47 72 77 58 104 100 51 45 76 84 61 105 105 63 60 58 39 91 116 114 85 77 92 63 31 34 48 43 13 1 2 5 16 28 34 42 32 16 22 61 63 32 31 19 78 74 60 50 29 20 60 71 45 48 48 39 35 52 65 74 83 86 86 84 88 88 73 62 53 48 48 62 62 51 49 36 30
63 37 54 58 47 64 93 74 40 64 58 20 7 3 11 20 50 59 41 43 73 82 68 110 96 44 44 80 87 59 95 97 63 63 75 26 45 98 114 85 85 83 53 42 46 55 38 19 16 22 25 34 38 36 46 40 28 35 72 64 28 21 29 75 60 56 42 18 26 70 74 42 44 41 32 26 24 29 31 43 57 65 76 87 96 92 85 77 70 69 82 80 69 69 54 40
52 35 50 51 41 63 89 73 44 58 54 26 12 2 9 17 46 57 40 49 77 84 76 102 88 48 55 86 80 53 87 92 65 70 65 36 57 88 102 84 88 70 40 43 55 56 38 30 34 42 44 47 50 54 69 67 61 66 72 48 17 12 36 65 54 62 56 36 49 79 62 31 40 37 22 22 13 7 8 21 36 47 55 60 65 68 67 67 68 69 83 83 69 78 79 76
41 37 49 48 36 67 84 63 48 54 50 31 15 1 6 14 41 57 44 69 90 81 74 89 84 54 74 85 59 48 81 88 67 83 55 36 66 83 75 59 87 84 75 84 78 50 33 33 42 46 46 51 60 70 76 67 66 69 62 45 38 33 47 60 50 57 56 57 82 76 41 27 38 41 35 40 37 29 19 4 11 28 45 57 67 74 68 58 54 52 66 72 63 70 81 87
36 37 48 44 31 68 85 61 54 57 53 37 18 3 2 10 38 55 48 90 101 74 62 76 80 59 84 80 50 55 81 86 74 102 65 24 45 58 50 35 67 84 85 84 72 61 68 90 91 78 72 80 86 70 50 41 47 47 45 48 48 39 53 59 57 53 46 61 103 87 44 31 32 48 58 59 58 54 44 29 10 8 23 40 56 76 88 90 95 98 97 93 83 73 66 63
35 41 46 35 31 65 82 61 58 58 51 43 21 7 3 7 35 52 53 99 104 67 55 62 70 67 89 79 57 68 84 82 84 122 96 16 60 76 51 29 36 42 39 33 38 54 79 95 89 77 90 116 106 75 54 66 69 46 40 38 24 25 41 46 59 54 41 50 100 102 59 43 40 58 73 92 110 99 69 55 31 7 1 16 31 51 75 88 95 105 110 107 108 108 103 100
56 57 45 30 33 66 80 57 69 58 40 44 27 11 5 13 32 44 52 98 105 65 63 60 55 63 84 70 43 63 73 62 74 127 120 54 29 91 83 61 50 38 21 15 24 38 51 49 42 45 87 102 75 55 49 85 76 62 64 48 27 35 38 36 55 49 27 29 83 105 67 48 47 53 56 81 105 133 117 101 76 51 34 23 21 31 43 50 52 65 79 86 94 100 106 110
69 76 68 48 43 73 85 59 72 61 38 43 31 14 4 15 26 33 44 92 103 63 71 70 52 59 79 68 40 61 64 47 57 114 118 76 41 67 98 65 52 43 35 46 63 79 79 61 45 45 91 63 48 38 30 74 40 48 67 49 45 52 52 48 65 48 9 15 69 100 70 42 35 36 31 51 40 84 106 105 83 75 73 56 23 18 31 45 51 59 66 67 68 69 74 78
56 72 76 59 52 73 83 67 73 65 46 45 40 23 3 16 23 27 37 88 95 52 69 72 51 53 75 72 53 71 70 51 53 104 110 70 87 13 88 56 45 42 61 74 86 99 88 66 58 70 93 44 44 40 24 64 30 39 38 48 59 65 64 45 50 28 6 7 49 89 86 64 35 30 29 45 23 40 73 78 59 76 102 94 52 39 20 13 26 49 70 82 90 96 91 77
38 51 65 55 62 74 70 67 76 66 48 44 49 34 2 17 23 26 46 89 83 50 67 68 49 54 68 62 54 78 78 56 63 96 91 71 106 23 83 62 44 44 63 57 69 77 62 55 51 66 70 32 39 41 36 60 42 59 41 67 74 72 64 40 39 25 5 6 22 55 71 66 33 27 35 50 35 47 75 90 93 83 99 110 82 67 47 29 18 31 55 66 72 76 80 83
28 47 57 46 67 76 63 65 79 66 42 45 53 37 11 14 26 28 64 86 62 48 63 63 38 58 68 49 50 78 87 67 85 94 69 75 113 36 68 65 56 57 57 57 77 74 56 53 36 42 29 23 32 41 64 71 54 58 38 72 101 89 75 58 49 38 17 5 16 29 46 52 30 27 43 48 35 48 75 97 95 84 91 108 115 113 88 52 46 36 13 19 26 30 41 59
31 49 50 37 61 69 59 64 84 77 44 53 57 33 17 10 26 28 72 83 50 46 64 64 39 69 77 49 47 75 94 75 92 90 68 89 109 38 55 67 71 58 46 57 73 59 46 58 54 48 31 29 33 40 60 54 38 41 35 49 99 106 96 76 61 49 27 19 20 19 32 46 35 34 46 38 27 45 67 69 68 79 84 87 97 105 110 99 88 66 34 19 6 14 22 26
40 51 42 33 55 63 52 57 76 81 57 65 63 34 28 10 21 26 75 88 48 49 66 61 44 75 75 43 47 71 86 75 93 94 69 85 98 39 48 75 75 49 52 72 64 44 38 47 46 37 25 30 44 56 57 45 40 43 42 34 73 87 87 71 66 59 32 31 29 17 21 38 48 49 54 51 53 71 70 70 63 65 64 63 78 83 91 108 118 92 56 45 38 27 11 3
46 49 40 34 57 62 44 63 72 67 63 73 66 38 36 16 16 24 76 88 47 62 71 51 46 75 72 42 58 73 72 68 89 94 72 93 97 49 31 46 79 73 78 84 59 39 31 26 18 21 11 18 39 53 49 41 38 42 53 56 89 106 100 92 84 68 41 37 33 21 22 37 47 43 48 50 57 72 64 86 82 78 69 64 75 75 62 70 108 96 55 47 48 50 43 33
44 48 44 37 56 63 58 81 88 63 65 75 62 37 43 21 14 23 69 80 50 75 77 48 46 72 68 39 70 85 67 62 82 85 64 92 93 67 67 50 68 89 81 76 56 44 42 36 20 24 25 31 37 36 32 28 20 31 62 68 97 117 99 112 115 104 98 83 62 45 34 32 30 24 34 40 54 64 45 71 77 76 63 56 71 68 47 46 88 100 65 52 48 48 51 52
40 41 38 35 40 43 40 72 90 63 69 74 54 42 48 22 13 25 57 69 56 78 76 50 49 72 65 37 79 93 61 55 77 80 64 87 85 67 81 96 58 79 75 62 45 38 43 43 27 26 36 44 44 46 43 30 23 42 78 66 76 105 69 89 104 108 109 101 80 78 70 46 33 27 40 53 77 68 41 57 57 60 51 47 80 77 42 38 55 81 88 83 70 61 67 83
44 45 36 35 30 25 23 63 85 64 81 75 47 45 47 21 11 29 48 59 63 82 74 49 56 71 58 43 88 91 50 52 70 67 63 88 87 69 94 125 69 62 69 40 32 25 32 37 30 29 41 42 38 39 27 25 26 39 73 45 55 89 71 73 72 71 85 74 55 66 65 49 29 28 56 86 113 77 73 66 65 74 66 54 89 79 41 42 32 36 68 81 64 46 58 85
48 50 36 37 34 28 24 63 84 62 84 75 44 47 45 19 11 31 40 46 61 86 80 54 66 68 51 53 91 83 43 60 68 51 55 89 91 68 109 128 78 43 52 57 46 34 33 34 34 29 24 6 13 27 20 10 9 35 81 59 32 51 63 69 68 67 93 69 41 35 48 45 19 28 69 105 111 60 84 68 68 76 69 63 90 71 48 58 37 26 32 65 51 20 40 55
45 49 37 39 40 34 33 71 84 57 78 72 44 47 44 20 9 32 37 36 52 83 81 57 73 70 54 62 86 74 42 66 71 49 52 89 92 66 112 122 89 70 14 48 41 31 21 18 30 17 18 41 45 48 38 36 48 61 96 81 42 30 32 46 61 63 87 75 47 47 61 53 34 37 74 99 84 33 78 53 65 85 76 63 69 58 53 69 62 44 36 67 49 38 48 54
