data/MicaCreek/slope.asc
ncols 541
nrows 644
xllcorner -1620000
yllcorner 438000
cellsize 100
NODATA_value -9999
[rows 51 to 101 of 644, columns 192 to 287 of 541]
44 50 52 51 49 43 32 45 42 27 38 41 43 49 53 48 41 35 32 35 37 42 47 47 49 54 57 48 43 29 30 40 48 58 79 97 94 76 69 65 55 46 42 37 30 19 3 7 16 27 33 30 35 50 45 39 43 41 42 76 108 76 38 57 61 46 49 71 69 32 14 11 17 31 44 44 42 59 56 39 44 49 48 44 43 36 36 42 45 52 54 48 45 40 40 56
39 46 43 43 44 42 44 50 49 36 54 55 49 44 41 36 32 32 30 33 39 44 46 42 45 55 60 60 61 52 54 51 45 47 58 66 59 42 48 51 45 39 33 28 16 19 43 58 67 84 100 94 78 74 56 42 42 44 56 102 105 58 43 66 64 43 55 67 52 25 11 12 18 39 48 43 45 61 59 37 41 44 42 43 47 56 44 44 50 48 45 27 8 22 59 52
31 31 27 30 29 27 35 46 51 43 59 68 70 70 71 65 62 57 44 36 36 39 38 30 34 44 52 59 68 65 60 51 51 61 66 70 63 48 48 44 28 21 11 10 31 70 89 99 111 131 146 148 154 155 140 112 89 84 84 110 82 44 50 77 69 42 56 56 33 20 16 19 27 57 71 74 80 77 58 31 37 36 34 39 48 69 58 25 4 18 42 68 69 59 51 41
42 43 35 31 29 25 25 37 45 33 38 51 64 71 77 78 73 72 66 59 57 59 55 46 42 37 38 44 51 50 44 42 47 56 57 60 57 45 45 36 14 3 41 63 70 103 107 102 108 119 118 116 140 154 156 151 117 107 107 120 98 86 87 90 75 54 62 55 36 30 36 47 59 86 95 89 88 77 52 32 34 31 26 30 53 74 54 35 62 82 99 106 92 90 56 13
56 52 45 45 51 52 56 63 54 35 32 37 40 43 49 56 57 64 70 64 56 55 53 57 62 58 55 54 57 61 53 45 37 38 42 48 42 31 28 12 8 40 94 99 105 138 145 145 154 143 107 88 92 90 89 109 83 92 105 103 87 78 69 57 49 34 48 53 42 47 61 71 74 87 80 58 58 46 39 34 28 25 19 26 56 69 38 68 112 124 115 94 71 71 75 48
55 47 43 51 59 58 63 64 50 39 35 35 38 44 48 47 49 54 53 47 47 42 37 47 60 61 56 55 57 66 69 64 60 62 68 59 39 27 6 20 33 80 120 105 107 136 142 127 138 140 131 127 136 147 155 161 108 77 77 71 49 27 17 22 34 35 55 58 35 47 62 61 58 69 62 38 50 44 23 24 13 14 16 36 53 49 29 97 123 110 96 85 75 72 90 112
64 52 46 48 48 41 43 37 27 27 29 30 32 36 43 48 51 59 61 62 71 58 43 43 47 46 42 45 44 44 50 54 58 64 65 47 28 7 35 60 74 109 122 90 77 99 101 64 85 91 114 131 143 155 156 189 187 161 142 120 91 49 12 16 29 35 71 69 32 49 54 45 44 53 46 23 39 41 31 51 52 47 41 50 52 47 27 113 108 59 60 63 56 52 67 105
61 64 69 68 57 44 36 23 13 10 11 15 16 15 20 29 35 42 47 52 71 73 64 62 64 68 67 55 38 27 26 30 34 41 34 16 16 32 73 81 81 116 134 107 99 111 96 59 81 82 48 65 84 71 37 92 142 162 135 105 94 80 44 17 33 63 98 70 31 50 53 39 41 45 33 17 30 31 61 84 76 72 81 102 110 104 95 157 115 59 55 41 28 32 54 58
38 47 50 44 33 23 15 7 4 4 3 3 5 6 5 5 8 14 18 25 46 57 59 60 61 63 66 62 48 38 37 38 38 37 20 21 26 60 85 69 64 114 141 106 94 85 55 25 52 85 77 81 87 89 63 14 29 41 36 40 50 71 58 44 61 103 108 58 40 56 54 36 40 36 18 15 25 28 69 57 47 52 72 93 100 90 101 152 93 68 65 57 50 56 72 56
26 15 6 0 1 0 1 0 1 2 3 5 6 3 2 2 5 8 10 15 28 33 34 40 37 28 35 48 51 45 39 37 40 33 26 51 51 85 96 72 71 121 125 45 23 35 45 53 68 93 105 119 124 127 116 85 52 19 16 13 31 61 58 57 74 103 81 35 41 51 40 24 34 27 12 13 19 58 91 68 59 53 55 53 84 47 80 111 57 55 59 60 60 59 64 61
8 1 2 3 1 1 0 4 8 10 10 14 15 12 5 1 3 3 3 5 14 21 27 39 42 28 26 33 37 33 31 30 28 21 58 68 55 92 94 59 55 99 88 57 73 68 61 65 67 72 77 84 77 79 92 95 78 58 62 64 52 30 19 42 76 94 68 34 35 33 20 16 31 26 11 12 26 81 87 65 77 82 75 79 103 62 98 107 61 42 42 48 58 48 59 54
8 6 12 17 19 24 41 59 69 62 41 28 22 19 14 8 6 7 5 2 3 6 10 27 44 45 46 50 54 54 51 35 18 39 65 64 49 82 73 30 38 77 75 80 87 92 85 79 81 89 88 83 71 65 72 76 56 52 68 77 82 69 43 48 71 63 40 18 24 10 14 25 37 27 11 16 58 86 71 52 63 72 64 84 105 87 115 112 78 66 65 60 64 46 63 42
12 16 30 37 36 51 88 105 111 114 109 88 68 58 53 42 25 17 13 8 2 1 2 11 23 33 39 42 46 50 49 37 30 54 60 53 56 75 64 39 49 68 67 68 65 73 71 65 69 77 87 96 88 80 90 88 91 86 77 69 64 66 63 78 89 76 74 61 41 39 46 49 52 49 50 63 96 88 72 53 37 37 41 68 81 60 99 98 71 65 66 66 77 60 74 53
45 46 51 48 45 71 103 93 90 97 111 105 93 89 84 77 62 44 34 28 21 13 5 5 8 8 15 16 13 17 35 45 37 61 61 42 47 68 68 56 66 85 89 71 53 46 41 39 40 44 59 82 93 86 92 94 108 111 97 80 74 79 79 87 90 83 84 85 76 66 59 65 63 68 73 77 94 77 75 66 60 64 71 86 81 33 83 80 46 41 45 52 78 68 75 57
67 84 107 109 110 131 135 96 69 56 61 69 73 85 86 83 71 54 47 44 37 29 22 12 7 6 11 14 12 16 34 42 39 61 63 42 47 64 68 59 62 70 74 69 59 58 61 60 51 45 43 57 79 77 74 62 63 75 72 61 57 64 82 104 118 119 121 123 118 83 61 70 49 45 53 60 77 58 74 76 72 69 73 99 108 69 97 88 55 50 46 45 67 70 66 50
60 90 115 112 115 128 117 94 94 86 83 84 83 86 84 78 69 52 50 49 40 32 33 26 18 16 11 4 11 22 33 42 51 71 69 44 43 50 53 52 49 42 42 56 52 48 56 56 52 51 51 61 85 94 93 70 49 39 33 26 25 33 50 73 94 102 112 119 128 112 83 89 69 62 63 60 76 56 77 70 50 45 47 75 101 67 93 83 54 48 52 60 78 92 85 71
57 85 82 60 61 74 77 81 103 105 95 88 68 63 75 94 111 116 116 103 74 44 40 36 31 28 24 19 9 10 27 40 51 77 84 68 68 66 59 55 50 41 32 44 41 32 35 38 41 42 45 49 67 83 95 82 63 58 45 30 25 26 25 24 38 49 59 68 86 93 78 88 77 59 60 71 93 76 86 83 64 53 45 64 86 45 77 71 46 42 51 56 66 78 82 80
58 94 92 83 94 93 90 87 71 70 64 60 46 56 78 99 111 113 116 129 135 126 114 95 77 60 40 28 25 20 7 11 23 52 70 68 72 67 51 44 51 57 53 60 62 57 47 44 40 31 30 25 34 50 71 68 58 65 54 29 24 27 31 36 44 53 58 58 67 72 57 68 62 44 50 75 99 80 83 90 74 83 80 91 107 99 90 69 47 43 43 39 43 49 47 49
52 90 90 72 94 111 113 99 73 77 78 82 74 71 70 70 69 62 66 89 124 144 147 136 117 103 92 93 92 80 59 34 12 21 34 38 53 55 41 40 46 56 60 63 64 57 50 50 43 37 38 43 46 49 55 46 40 60 60 31 23 25 31 37 43 49 57 65 76 81 69 80 85 69 61 76 88 62 69 81 61 74 78 87 97 103 94 81 72 69 70 66 58 43 27 22
47 77 83 52 72 87 91 81 71 81 83 96 101 97 97 105 117 109 88 69 67 76 95 110 114 123 128 132 133 129 107 72 45 22 11 22 47 59 52 49 44 41 45 46 39 33 45 52 40 41 49 50 48 57 53 43 44 65 72 43 29 24 25 29 32 33 42 58 76 74 69 74 93 108 108 104 102 88 86 79 57 44 49 55 60 70 81 90 89 85 82 73 57 37 19 35
58 66 68 58 91 75 44 47 52 70 60 64 88 110 124 129 123 117 108 89 81 83 92 100 94 97 94 85 83 95 102 87 75 47 25 16 20 33 31 35 42 45 49 55 41 25 47 52 34 38 35 29 37 54 54 40 38 57 73 55 51 53 54 52 45 37 39 48 69 58 59 57 74 98 108 104 101 94 92 91 80 71 77 83 87 80 79 78 71 63 54 44 34 27 22 60
53 53 53 59 98 77 38 58 59 78 65 60 78 93 94 83 74 78 91 87 81 78 79 87 83 78 76 67 59 71 82 77 84 70 48 47 52 48 34 24 15 8 18 47 46 32 51 55 44 41 33 26 29 44 46 30 26 44 54 50 54 59 58 50 45 43 53 64 85 86 87 71 65 64 72 85 85 78 82 89 83 77 80 85 92 92 90 84 73 61 49 35 30 35 42 77
39 42 43 49 91 88 50 71 60 94 107 95 98 99 86 77 71 71 73 65 55 52 49 57 67 70 67 58 58 72 80 81 95 107 103 96 87 77 70 79 95 93 62 17 34 33 48 50 39 40 41 30 28 42 51 43 40 41 41 43 44 43 39 38 37 44 52 58 76 85 98 98 105 111 120 125 106 81 73 60 48 50 53 50 57 70 73 67 57 45 35 42 51 54 61 89
51 44 38 38 83 97 63 71 60 69 104 94 82 79 88 114 116 110 107 101 88 70 53 46 46 50 50 47 57 67 74 80 87 96 101 96 85 82 88 102 110 106 93 41 18 24 35 37 29 40 44 36 33 41 54 59 67 70 74 79 81 71 55 49 46 42 42 39 46 49 67 92 112 117 117 110 104 91 74 61 55 59 61 50 42 39 38 34 28 28 31 63 68 53 57 81
52 52 53 52 86 112 74 70 73 57 62 78 71 64 70 108 133 131 126 116 112 107 81 64 64 71 73 61 61 63 58 60 61 58 56 57 55 57 65 70 55 51 98 71 4 15 30 38 35 44 47 37 32 35 44 52 66 77 80 80 80 81 80 79 80 79 73 62 54 51 62 74 75 67 63 60 67 76 67 57 52 55 65 67 62 53 39 23 30 38 40 68 65 43 48 74
38 45 53 62 100 134 102 94 86 62 62 104 119 86 65 69 98 114 110 100 95 104 83 63 66 77 90 87 84 86 85 89 85 69 58 59 54 47 43 38 16 44 86 71 27 5 14 31 38 49 61 64 65 61 53 45 48 53 53 50 49 58 71 80 83 84 80 79 83 92 100 101 93 78 63 54 49 46 42 37 34 37 48 60 61 51 37 33 41 43 43 59 57 43 53 72
38 40 43 60 108 133 99 93 92 68 60 80 99 116 106 99 113 140 128 90 78 87 64 40 44 57 74 85 88 85 83 90 98 96 89 87 83 70 54 29 27 51 58 61 49 32 12 7 17 31 48 59 64 69 74 74 78 81 81 72 57 51 53 56 56 54 53 65 81 91 91 87 80 75 69 64 60 57 54 44 33 32 35 36 36 39 40 47 46 39 40 50 51 46 65 70
89 107 101 87 104 107 65 58 62 55 55 61 51 77 107 108 113 132 133 79 81 102 114 106 94 77 71 72 74 65 56 60 73 86 89 86 81 68 48 32 44 48 50 74 80 63 34 16 12 7 5 15 18 28 44 55 58 60 65 68 65 63 68 70 65 54 45 48 53 50 47 42 38 40 46 47 45 45 44 39 33 29 27 28 36 49 48 56 52 38 39 48 49 46 70 74
156 160 136 103 83 74 50 63 67 45 48 54 49 46 52 70 61 112 135 84 103 127 151 153 144 129 115 107 105 101 91 75 63 61 59 54 55 55 51 37 48 56 56 64 80 86 72 62 57 55 48 25 15 15 11 6 4 6 10 24 34 35 37 40 43 41 35 32 28 24 21 18 15 14 12 9 8 13 17 21 23 19 15 17 27 48 57 69 62 39 40 42 38 39 60 64
143 116 112 112 85 59 59 68 57 60 71 77 75 74 70 58 35 106 114 124 126 119 127 135 137 135 125 115 109 108 114 120 125 122 108 83 61 58 56 34 28 30 32 37 54 76 91 94 85 86 109 132 119 81 53 38 22 9 8 15 17 13 13 12 10 13 14 8 4 6 7 7 7 16 29 38 44 37 18 6 4 3 2 7 14 28 46 73 70 45 54 47 30 32 51 60
136 111 136 155 139 96 85 85 67 69 112 107 95 91 76 49 54 93 120 152 168 155 142 143 128 95 71 76 68 54 65 80 90 88 90 79 62 63 60 42 19 16 28 38 47 65 89 100 95 95 127 165 167 123 77 64 48 32 27 31 35 33 30 24 18 13 13 18 18 21 24 24 27 48 65 69 69 69 70 62 46 29 20 16 11 16 34 68 69 48 69 59 38 44 57 64
139 118 160 199 229 227 212 169 116 98 124 104 67 68 56 38 46 39 26 50 73 75 39 45 88 86 56 65 48 21 27 30 45 58 68 63 52 56 66 51 13 23 41 63 87 110 123 131 131 114 112 97 121 123 72 74 77 67 52 44 41 38 42 47 47 40 36 40 43 43 40 42 55 89 104 96 79 69 75 75 62 42 27 20 16 10 28 63 69 52 76 67 41 41 55 62
128 115 139 150 186 217 214 183 152 131 119 99 74 72 50 37 78 78 71 72 72 92 78 108 131 106 83 95 89 91 109 119 120 108 79 50 46 60 74 46 4 38 59 74 97 109 105 104 113 107 96 63 96 113 79 83 91 87 76 62 43 32 39 51 56 49 42 50 57 59 67 86 121 164 171 158 129 80 53 50 48 35 22 16 15 10 22 57 65 57 78 69 47 51 59 55
82 74 78 58 33 54 73 103 117 104 88 78 56 29 35 79 126 95 87 94 82 89 71 92 100 80 72 84 89 105 125 124 118 106 91 79 77 82 63 12 27 50 73 62 64 63 57 56 65 70 65 43 85 72 95 121 128 136 138 122 90 53 45 45 45 53 63 68 59 57 72 93 130 151 138 139 161 123 77 73 72 57 34 20 17 13 26 50 54 55 74 70 52 66 64 47
97 52 71 90 86 67 40 43 70 66 50 28 30 70 85 102 131 93 82 104 111 114 96 103 109 91 77 91 101 88 79 65 60 61 71 85 86 61 7 45 59 70 81 68 77 85 81 69 58 49 35 46 81 58 82 94 106 122 136 143 148 142 123 100 87 106 140 141 111 76 64 68 97 97 77 72 124 136 82 83 88 77 53 40 34 26 29 41 44 52 68 68 53 75 67 38
77 73 84 91 91 96 97 44 37 57 35 42 91 112 97 87 119 88 52 77 108 110 92 96 108 92 97 121 113 83 68 54 47 45 44 41 30 9 45 71 77 82 79 73 91 100 104 109 83 58 39 49 65 48 45 32 45 62 79 97 114 131 128 115 100 117 151 164 154 115 106 120 122 96 82 54 75 110 70 74 82 65 48 39 36 30 30 41 43 56 68 64 56 80 71 40
45 40 42 50 47 83 103 71 43 46 92 96 107 105 102 94 111 96 55 66 75 66 59 74 91 77 99 111 79 53 41 30 24 18 6 7 26 53 81 94 90 76 63 62 87 91 61 78 75 42 34 46 38 14 26 37 55 82 84 73 56 57 58 68 66 88 123 103 125 102 106 126 133 133 134 95 99 105 98 100 99 56 37 30 26 23 26 43 45 65 70 61 62 83 71 39
40 31 39 52 58 101 110 82 52 81 145 98 84 78 75 73 90 96 66 80 84 84 91 87 78 69 89 79 35 21 16 13 9 9 23 38 62 95 121 128 127 121 100 67 77 83 16 63 72 37 40 47 28 6 30 48 64 91 84 89 74 89 105 102 85 81 123 68 108 85 68 82 102 121 128 106 122 97 95 128 118 59 51 46 41 32 30 46 45 67 72 64 70 83 67 36
37 39 67 86 89 119 122 83 11 131 157 79 62 67 51 45 74 94 74 85 87 84 89 88 80 75 74 54 29 29 20 15 19 29 40 51 78 110 117 112 120 110 103 62 55 57 23 69 65 40 43 38 16 13 37 60 70 80 52 81 74 89 104 112 108 104 120 85 116 140 97 85 116 102 76 65 105 63 69 126 107 56 55 50 52 65 75 80 78 100 98 80 87 87 61 38
44 79 101 82 67 111 122 56 75 167 132 67 61 73 52 51 78 89 73 74 67 53 55 61 66 59 37 27 37 47 55 70 82 95 106 98 98 106 81 75 92 37 72 31 16 37 47 70 51 18 48 50 39 44 57 73 75 84 60 85 79 64 51 75 90 101 95 86 85 140 126 97 133 132 132 132 146 85 94 118 77 47 47 39 40 68 91 97 101 119 109 95 120 122 102 85
57 95 88 48 51 119 119 15 120 169 102 61 66 74 52 65 88 87 77 80 68 47 47 42 28 15 9 25 35 54 86 108 119 132 135 124 117 122 112 110 72 9 66 46 38 52 57 52 13 35 59 71 57 56 69 80 82 118 116 136 144 121 67 54 62 58 57 66 63 74 109 89 132 139 125 134 183 124 120 110 65 56 61 47 39 52 59 63 70 91 85 78 113 110 99 106
59 103 100 72 76 102 93 47 112 159 101 64 71 71 50 77 91 79 72 77 59 37 34 19 3 33 58 61 63 77 90 97 104 108 102 102 114 122 113 90 40 60 67 55 29 28 31 16 22 47 39 59 49 48 70 92 95 140 134 130 140 149 148 129 110 80 75 63 74 51 89 66 108 109 73 75 169 131 136 112 55 54 72 84 89 81 62 45 46 71 67 45 85 81 36 36
63 120 124 68 41 47 82 75 84 134 113 90 87 68 53 84 89 63 61 63 40 18 14 4 31 80 103 113 124 138 144 141 129 109 98 101 104 81 41 22 83 79 47 30 13 8 5 31 56 62 64 95 100 84 85 95 79 114 108 52 74 101 150 181 177 125 88 79 91 79 101 97 102 86 30 92 126 100 138 121 55 52 60 74 79 61 36 17 28 59 64 56 88 96 78 61
72 117 97 58 70 68 71 69 55 105 122 124 104 77 76 95 90 58 51 44 24 13 12 25 53 100 96 94 116 137 143 137 132 130 127 114 74 22 46 72 80 47 24 17 13 11 19 55 69 69 87 108 124 104 84 78 60 86 95 57 52 74 88 114 162 176 137 117 122 110 109 111 97 53 62 126 99 65 106 114 74 63 46 21 4 11 12 2 21 44 54 63 91 104 108 104
59 91 92 82 70 54 52 55 39 84 124 146 120 73 74 82 71 35 29 30 32 31 35 57 77 100 82 52 66 88 94 96 95 86 64 36 63 87 64 49 35 17 18 19 18 12 29 61 59 54 76 67 80 89 66 61 57 80 95 82 88 107 107 92 117 173 184 155 120 76 53 52 37 20 119 115 58 47 58 74 68 66 55 24 14 14 7 0 13 29 36 42 62 71 77 95
56 69 64 52 53 43 32 36 22 74 124 155 132 61 56 59 43 20 20 25 30 31 49 77 85 94 83 61 71 88 77 62 39 37 54 79 103 75 18 7 11 14 15 18 20 20 38 60 55 61 74 63 48 83 74 61 75 104 115 99 124 115 104 83 75 97 135 129 67 20 23 17 15 52 124 98 31 26 32 35 36 66 73 32 17 7 1 2 4 14 25 33 47 56 60 73
52 54 43 39 43 35 20 27 15 70 130 164 133 59 53 41 24 19 17 17 19 22 58 74 72 83 77 58 73 84 53 12 62 91 65 67 66 32 12 9 8 10 13 15 19 30 44 55 53 74 76 54 51 73 131 155 145 133 122 101 109 72 42 51 53 58 60 96 99 47 37 29 23 44 107 92 47 46 36 21 23 72 80 34 20 7 0 4 5 5 8 14 25 36 45 62
96 90 54 45 39 28 18 24 16 64 136 174 135 54 42 29 19 19 17 19 27 56 80 69 64 71 66 55 80 71 14 37 87 75 26 34 39 21 13 11 9 10 15 20 30 43 50 53 53 75 68 43 53 71 91 112 98 68 60 51 55 78 82 49 32 26 26 125 113 37 21 11 10 24 82 85 65 80 75 66 67 97 98 51 31 11 3 5 10 13 16 16 12 12 21 35
149 121 94 67 42 21 10 18 19 52 119 185 153 53 35 23 12 13 15 21 37 76 85 72 70 76 76 70 79 27 46 64 66 42 15 30 34 14 10 12 12 15 26 44 62 77 98 117 99 61 54 40 47 82 78 42 30 28 49 63 73 104 115 109 94 59 57 130 96 31 14 5 6 14 57 58 33 55 68 68 72 108 123 93 70 46 38 34 31 25 19 17 15 14 13 20
115 75 79 79 46 21 5 11 28 40 86 176 169 69 38 22 9 10 17 24 37 72 74 62 79 96 92 77 34 42 71 49 33 21 20 40 40 9 6 11 16 25 46 64 69 77 98 109 91 57 26 37 46 74 84 69 57 41 36 41 57 51 48 76 92 68 62 123 72 26 14 10 12 15 44 45 18 27 29 20 28 69 102 111 105 79 63 53 42 36 34 32 32 36 40 36
121 112 31 48 35 15 10 16 28 38 85 155 145 82 50 34 27 36 48 49 41 72 75 57 92 108 82 39 35 67 43 21 12 13 20 47 57 37 30 37 42 46 67 71 64 59 58 47 11 45 7 29 43 61 76 72 65 65 59 64 66 46 40 64 79 56 59 102 45 26 18 14 12 17 32 34 21 25 27 17 23 44 63 81 97 90 76 59 41 40 44 44 45 50 55 57
