data/MicaCreek/Fire1/saz.asc
ncols 54
nrows 58
xllcorner -1620000
yllcorner 438000
cellsize 100
NODATA_value -9999
222 214 236 243 231 222 203 193 238 271 283 289 269 249 220 221 244 255 256 260 254 246 249 260 11 14 1 22 38 15 10 18 7 342 329 322 305 269 252 95 88 89 79 69 57 27 281 274 291 341 14 256 254 241
213 214 233 231 214 219 235 267 283 280 278 269 239 221 208 210 236 241 230 241 244 245 250 257 294 3 2 25 43 19 8 20 10 346 340 342 341 318 281 116 99 93 83 55 29 27 0 269 260 257 43 290 264 236
197 209 222 219 222 254 279 296 297 288 271 209 208 222 226 242 258 248 228 240 247 251 260 264 260 272 331 14 36 25 8 22 14 334 333 344 347 346 79 122 115 109 105 25 11 24 17 334 252 229 291 328 311 295
184 212 234 242 254 263 261 255 258 245 202 185 218 246 250 266 277 274 263 264 265 264 267 266 248 235 259 320 33 17 7 18 10 336 336 352 357 25 86 104 105 100 91 301 333 24 15 18 24 250 254 283 325 339
185 232 264 271 250 235 229 221 224 205 184 204 249 263 263 267 270 276 280 278 276 272 261 248 229 233 244 238 -1 349 2 16 12 337 333 356 18 63 88 90 90 88 60 300 301 19 0 28 36 356 258 236 240 275
204 234 235 210 208 223 229 220 221 208 204 256 269 261 245 255 256 248 256 267 262 243 233 225 210 217 230 224 207 231 263 5 16 334 318 352 53 80 85 79 77 78 39 302 318 353 353 16 32 30 24 220 219 226
224 227 213 198 213 230 221 204 212 216 227 257 263 249 226 245 249 236 246 253 240 215 217 218 205 215 221 208 201 221 225 209 218 295 287 306 84 82 73 75 81 79 47 278 285 320 344 3 20 33 40 30 272 271
226 219 214 210 234 236 207 192 220 240 243 248 238 210 205 233 237 227 243 246 225 207 221 227 214 223 218 209 214 227 220 201 212 227 221 204 104 93 91 87 87 78 55 268 244 236 262 320 18 40 43 25 345 307
263 225 220 221 238 234 197 198 248 256 242 241 226 202 210 237 241 235 242 229 201 196 213 222 217 222 225 230 233 231 221 206 223 226 214 214 121 99 104 95 85 66 44 352 252 236 245 251 327 53 47 21 353 320
349 357 319 245 233 221 198 220 253 248 227 233 224 216 248 267 267 258 246 220 196 207 222 224 215 217 223 220 219 225 223 213 233 238 228 233 119 88 83 88 85 67 53 42 324 261 253 245 229 46 43 17 350 328
352 4 9 12 261 227 223 240 242 226 213 220 214 213 242 260 261 250 239 222 213 238 243 233 225 228 228 216 221 227 218 210 226 227 217 236 150 81 77 80 79 70 69 45 345 326 289 274 260 256 23 3 342 328
350 4 19 24 25 320 259 245 231 219 216 222 220 224 246 249 234 215 217 220 220 239 243 244 248 249 242 226 233 229 215 213 226 228 223 242 244 65 58 64 64 54 48 3 344 349 318 308 332 337 306 317 320 314
344 0 12 19 31 23 322 237 227 226 233 239 238 243 254 248 218 214 237 244 244 258 265 264 258 247 228 218 233 235 226 226 240 244 239 248 248 41 50 61 58 33 25 357 345 354 341 329 355 36 321 258 260 254
312 336 0 18 32 32 33 6 252 227 232 232 232 238 247 241 220 253 275 280 269 265 263 254 240 225 216 222 233 229 215 222 237 237 235 247 247 232 97 87 64 16 24 7 337 345 345 337 13 63 80 237 222 213
291 297 330 15 32 43 47 12 350 357 267 238 236 238 249 252 252 265 265 261 253 252 247 224 211 210 224 240 246 236 220 241 250 241 238 247 245 227 125 93 47 1 43 40 310 317 334 336 43 73 64 302 250 211
303 306 324 349 21 45 39 4 3 15 8 305 258 248 257 262 260 256 247 227 215 224 218 199 207 230 251 260 269 278 284 276 276 270 256 252 242 226 142 69 3 355 54 58 300 303 329 357 61 72 40 349 359 3
317 318 327 332 8 29 18 6 11 17 29 30 272 273 274 263 243 250 245 221 210 217 216 214 246 265 266 263 265 263 266 269 265 258 260 254 239 229 217 45 343 21 85 80 291 283 299 27 42 23 5 5 18 9
317 319 322 325 348 9 12 17 22 24 44 48 329 272 262 243 239 253 248 219 231 255 271 283 281 271 250 249 247 235 228 239 237 223 232 233 226 227 238 285 329 90 98 81 292 264 254 73 345 339 350 14 31 17
310 317 314 319 331 348 19 41 40 43 57 53 23 275 246 233 242 249 247 237 261 269 270 268 258 241 224 237 237 229 227 240 243 230 235 232 227 231 245 262 304 67 61 34 0 276 273 312 305 301 318 21 48 42
295 306 302 307 324 343 16 40 44 55 66 59 39 328 275 265 268 271 270 272 270 253 230 225 219 212 207 224 232 232 249 268 267 256 258 257 249 243 248 246 236 68 48 32 20 329 316 329 315 308 311 30 75 81
280 289 289 293 306 327 12 41 37 45 52 38 29 12 316 285 282 282 273 256 247 228 214 219 215 213 215 230 240 239 257 273 279 266 264 263 257 256 257 243 222 217 30 33 27 344 326 326 311 302 298 82 91 80
275 282 278 282 293 306 4 38 32 45 47 32 29 31 4 275 256 242 224 227 233 230 229 240 239 239 244 258 266 264 266 270 278 277 262 243 218 231 236 220 213 232 259 40 44 3 305 298 287 273 259 101 88 54
292 317 302 299 308 317 359 35 44 61 58 44 37 45 46 274 245 238 229 229 228 223 222 236 249 261 268 274 279 285 278 270 250 233 226 211 205 227 227 213 218 231 228 195 60 14 332 278 267 269 273 75 71 37
305 319 303 296 301 311 354 27 33 46 47 37 43 56 53 21 280 265 256 245 234 228 225 241 253 256 259 263 256 242 239 221 203 208 207 213 237 259 254 245 246 246 238 225 266 347 11 335 296 281 253 101 76 40
292 283 271 268 267 277 322 25 33 49 47 33 43 46 35 21 342 277 252 245 244 246 246 256 257 242 243 246 235 218 214 204 204 220 227 243 257 263 266 261 264 266 260 254 264 285 25 0 280 202 196 184 54 20
262 259 264 264 262 265 273 41 59 65 51 31 43 41 29 23 25 345 235 230 234 236 235 248 250 238 248 251 237 220 224 231 236 248 254 264 267 267 268 260 251 245 235 223 230 222 180 165 171 179 191 234 295 4
276 290 297 296 289 275 270 342 48 55 37 31 50 47 35 36 49 54 248 238 241 234 233 245 242 235 256 263 257 255 264 266 265 266 267 266 265 263 259 237 234 234 221 201 209 204 185 178 177 184 205 249 266 323
297 296 299 306 304 289 284 308 26 39 26 34 42 34 31 45 55 53 37 281 259 243 255 268 267 266 271 273 278 293 303 305 298 275 257 240 244 250 240 209 223 235 216 182 198 205 192 198 205 201 247 266 244 177
304 291 285 289 291 289 294 305 3 40 40 39 39 39 43 56 57 48 38 353 267 248 269 282 293 288 279 278 284 285 293 308 303 263 229 217 226 221 200 188 199 212 200 176 201 229 227 230 235 241 276 274 192 160
310 302 300 308 307 297 300 313 346 53 58 46 59 73 74 71 66 52 43 40 21 245 262 268 271 273 277 281 289 279 268 241 214 212 211 215 226 210 180 184 201 214 200 199 244 270 281 289 275 283 284 262 134 141
307 303 307 319 317 308 309 322 354 51 59 77 99 99 93 87 79 65 67 77 83 250 258 257 253 266 273 268 254 245 223 198 194 203 216 226 231 198 169 196 235 239 213 238 264 278 291 320 326 315 306 145 138 150
298 291 295 308 304 305 314 321 13 71 84 100 116 124 106 82 66 48 59 73 73 267 259 255 246 255 255 237 224 221 209 196 202 214 217 209 201 184 176 227 250 248 252 273 276 276 275 291 314 311 29 117 132 147
296 280 272 270 275 283 300 309 54 85 94 98 106 125 87 55 53 43 55 56 42 26 254 239 233 246 244 230 228 231 224 199 217 222 204 191 193 201 215 261 275 294 315 311 317 334 295 277 283 284 100 105 114 126
313 303 290 273 267 267 269 273 87 90 93 94 93 77 21 68 70 51 55 54 43 48 249 232 232 241 240 226 221 219 210 194 208 210 190 188 218 246 264 282 294 309 315 309 312 349 323 304 305 289 109 104 102 105
311 317 328 322 289 276 273 277 82 88 89 83 63 12 22 51 43 30 48 60 55 63 68 251 242 243 237 214 212 209 201 192 191 194 188 208 248 265 273 277 277 275 270 258 234 217 268 279 279 112 100 88 70 63
304 310 334 337 313 298 296 307 63 80 81 72 40 15 36 32 18 32 58 66 54 62 67 273 253 252 243 215 214 211 196 190 190 198 206 247 272 290 293 277 257 229 223 221 217 215 235 241 239 109 68 54 49 46
283 286 309 324 317 317 325 346 61 75 72 65 42 41 53 32 29 65 81 77 57 65 66 5 267 256 244 218 223 226 213 219 263 291 300 290 296 310 304 276 247 217 212 216 217 216 237 243 235 236 56 55 52 46
269 267 276 296 305 312 324 11 57 59 64 59 29 35 38 33 58 90 98 90 63 67 61 31 308 275 259 244 265 286 317 330 329 332 335 301 298 324 329 288 251 223 222 233 232 238 251 240 224 220 162 123 115 110
291 285 284 282 284 285 287 32 65 61 70 60 14 25 35 53 73 79 70 50 50 57 53 45 329 294 293 293 293 303 325 331 327 328 340 299 283 306 338 347 359 356 297 283 276 271 269 258 252 213 154 148 143 149
292 293 301 291 290 295 289 31 78 83 85 70 3 25 62 83 81 58 38 32 30 32 46 45 352 303 299 296 291 298 319 328 320 292 296 283 270 268 295 335 11 8 349 335 334 317 307 312 303 113 128 143 134 137
293 296 302 296 299 313 311 70 95 99 96 81 344 74 98 92 58 38 33 37 37 45 52 40 9 326 316 312 307 309 321 340 359 333 291 280 269 255 257 263 350 358 350 343 342 333 330 341 14 119 134 157 151 142
286 293 287 281 286 302 333 91 100 100 96 83 309 89 78 39 16 20 35 47 63 71 50 36 22 333 320 310 307 312 315 336 6 13 339 287 263 244 248 246 242 279 319 333 330 322 326 18 107 124 135 160 161 155
266 271 278 277 277 282 22 90 95 98 96 73 328 58 30 9 7 25 45 48 53 43 21 33 34 331 305 291 285 291 295 308 353 26 18 317 264 244 250 244 221 232 249 274 295 300 312 85 103 111 124 134 137 143
268 267 273 277 281 288 93 108 116 114 110 310 329 18 6 0 6 47 66 58 51 38 28 45 40 344 292 269 256 249 257 271 303 38 38 11 321 289 262 248 221 239 243 233 238 240 208 119 98 95 99 104 109 116
281 280 283 286 290 300 94 108 118 110 95 305 321 348 0 7 35 84 89 78 65 53 50 60 44 2 310 262 243 235 243 256 263 3 26 24 3 339 285 263 253 263 257 236 230 219 199 135 98 88 68 79 94 95
293 282 281 286 286 287 96 96 88 76 20 303 303 321 1 30 71 91 87 69 63 57 52 55 33 7 0 292 266 255 259 262 262 284 3 29 15 348 338 337 323 283 257 228 232 227 220 127 89 77 47 61 73 71
307 288 275 276 279 284 91 86 59 48 7 311 294 292 7 71 84 86 75 60 51 40 28 25 8 5 11 359 314 288 275 269 269 274 309 16 13 342 342 5 0 308 257 226 239 243 249 91 78 67 32 49 60 58
322 302 277 275 281 340 70 54 18 20 6 336 320 305 111 103 94 91 81 55 44 28 9 359 356 8 21 20 344 324 298 280 278 284 304 350 8 345 338 29 38 0 262 231 251 259 262 216 72 48 26 57 74 76
344 318 281 270 260 274 48 41 15 19 7 334 340 68 133 127 108 98 84 61 57 23 350 335 344 13 37 34 341 327 302 283 279 281 290 324 354 7 14 21 39 31 9 300 268 269 252 168 124 70 62 85 93 102
2 350 301 273 247 257 4 48 29 37 8 313 64 111 130 132 117 106 106 111 97 334 330 327 342 14 38 36 355 315 273 274 272 268 266 273 306 29 48 4 24 23 11 2 322 287 182 150 164 170 129 95 89 93
6 6 323 302 295 290 329 31 29 41 10 312 107 114 123 123 114 111 125 127 -1 300 305 308 333 16 34 34 20 8 304 281 271 264 260 253 254 106 80 336 354 16 9 4 5 80 148 150 167 176 166 124 89 80
4 14 336 322 318 299 318 31 49 53 30 98 118 129 142 139 127 120 124 355 328 316 301 295 312 11 38 42 26 7 337 304 278 266 262 256 258 261 65 343 313 355 10 18 66 104 128 140 161 173 172 168 114 82
349 9 352 332 325 297 295 69 80 74 79 106 113 125 147 143 136 126 345 326 337 346 322 303 308 2 59 63 29 356 347 336 306 274 265 261 262 261 59 353 301 279 89 97 99 96 99 110 132 158 158 186 170 93
323 1 355 341 343 328 321 107 104 113 121 108 102 103 123 118 120 310 313 315 334 355 334 309 308 2 58 54 15 340 345 355 341 297 277 274 263 214 168 198 185 175 173 149 138 126 88 79 87 115 128 177 199 129
272 298 328 331 338 358 62 103 112 126 132 114 107 100 98 99 68 305 302 310 337 358 339 324 322 9 60 49 1 334 343 1 0 333 305 289 263 171 186 185 167 165 166 149 151 174 124 73 64 76 110 154 192 172
228 244 253 244 249 95 85 91 95 103 113 100 94 76 55 43 354 320 304 313 351 355 342 334 341 35 73 53 333 321 333 358 10 350 321 294 159 151 187 179 170 172 159 143 150 197 199 101 73 83 100 128 182 188
214 228 225 211 225 201 102 93 90 89 78 74 67 44 39 25 343 316 291 295 342 346 346 348 6 56 75 28 309 303 309 340 18 2 338 141 133 142 186 176 169 179 161 149 163 193 212 197 103 94 93 101 153 184
220 227 225 209 220 214 124 104 100 89 58 68 63 38 34 23 342 305 275 270 287 309 328 354 35 64 59 356 321 306 293 307 15 20 68 120 123 129 187 171 157 177 161 146 166 195 214 207 152 114 97 98 125 163