data/MicaCreek/Fire1/slope.asc
ncols 54
nrows 58
xllcorner -1620000
yllcorner 438000
cellsize 100
NODATA_value -9999
30 28 36 43 38 48 50 38 33 57 61 46 66 64 42 44 67 61 38 62 57 49 64 29 37 65 62 64 78 66 72 79 70 64 58 45 36 61 50 47 131 118 73 57 41 20 22 49 48 23 7 29 35 21
27 31 41 43 41 43 34 27 42 67 62 32 45 63 61 59 84 80 49 66 63 49 61 58 36 43 56 61 71 52 49 58 62 65 67 64 58 52 27 48 129 110 55 49 55 51 22 47 54 10 12 21 31 17
27 34 46 48 40 43 48 43 52 63 46 27 43 52 47 45 71 72 53 68 72 55 59 67 49 18 29 57 86 65 49 48 41 49 61 62 59 45 22 81 123 98 37 20 49 70 64 36 34 33 15 27 23 11
27 33 39 37 40 53 54 42 50 47 48 56 50 48 38 59 70 51 39 60 71 56 65 63 42 37 41 27 66 87 91 84 73 82 93 85 71 49 70 99 101 73 21 16 26 44 59 58 23 28 40 25 25 30
38 37 43 33 35 53 64 60 68 62 60 50 61 54 35 71 75 44 40 60 70 52 62 58 40 43 58 43 0 44 80 101 98 97 110 108 89 76 96 103 92 60 15 24 24 17 28 49 58 27 29 41 31 23
49 52 56 49 52 57 59 56 64 53 37 48 68 52 36 73 81 49 48 62 63 46 58 64 58 62 70 57 45 51 29 38 68 77 92 74 92 111 96 99 96 66 12 32 41 45 50 52 65 53 16 26 51 53
47 55 61 61 61 61 55 61 76 66 47 69 66 41 37 74 86 55 64 67 55 51 61 66 61 70 81 77 71 78 74 48 16 43 58 11 92 121 89 101 102 68 15 34 42 33 43 59 78 83 63 23 23 50
42 48 49 43 54 58 48 57 72 72 51 74 71 55 55 83 95 69 79 71 47 46 55 56 43 53 66 68 65 73 75 73 75 73 63 45 79 117 74 102 106 59 25 22 43 40 33 33 50 76 83 62 51 71
19 25 39 40 54 53 37 36 64 76 49 66 66 59 59 81 88 71 85 75 66 69 75 73 52 48 48 46 50 60 60 53 68 79 69 61 64 115 70 94 97 52 34 15 20 40 56 44 2 41 68 65 65 71
44 31 17 20 47 54 43 37 68 71 52 63 56 43 51 74 73 59 67 62 61 59 64 73 67 61 56 53 58 61 55 45 58 63 51 54 38 100 73 87 81 44 31 17 6 24 51 51 24 8 44 50 54 64
55 60 53 30 12 35 33 38 63 69 67 74 69 63 80 88 66 53 53 44 36 43 46 49 54 58 55 49 55 61 58 54 66 70 61 68 11 84 81 91 75 40 30 17 21 27 39 42 22 13 14 35 50 65
56 53 54 54 38 12 26 31 46 56 61 69 64 61 94 102 69 65 72 59 42 50 47 38 39 46 44 35 45 51 51 53 65 68 59 79 33 62 92 107 85 51 41 33 43 40 43 51 32 16 10 23 41 48
43 50 62 69 70 43 15 17 30 39 47 53 51 54 90 94 67 67 68 55 40 49 47 35 35 39 40 40 46 42 35 39 55 58 49 76 61 15 80 123 96 66 70 62 65 69 72 70 48 32 3 26 31 30
27 38 54 67 79 72 41 8 15 24 45 54 57 61 88 86 54 66 76 47 37 51 49 31 33 35 39 42 49 46 39 43 57 61 54 74 71 31 44 108 72 64 78 59 57 65 69 62 43 51 15 24 34 43
29 32 27 40 63 75 64 39 35 21 19 40 53 61 87 79 47 84 83 41 32 50 51 34 38 42 41 38 42 38 31 41 48 50 56 74 70 46 43 87 39 49 63 38 35 38 35 30 29 61 31 12 10 21
37 43 37 44 63 85 77 65 62 53 34 19 36 50 89 85 49 79 83 55 46 59 65 60 53 42 41 40 40 31 19 41 45 33 44 68 65 49 21 55 47 56 78 48 33 41 34 24 30 56 38 36 32 25
53 53 47 50 59 97 115 109 91 80 65 27 24 49 88 77 50 72 73 53 53 59 60 49 50 48 39 43 44 32 20 41 42 28 37 54 55 49 24 17 39 29 81 44 29 41 24 14 29 60 89 84 56 37
54 49 46 45 45 74 101 100 87 77 80 57 17 54 76 61 59 73 61 40 44 44 39 41 56 46 33 46 47 36 32 44 47 38 46 52 53 56 44 27 24 45 80 28 19 36 25 2 22 63 98 110 98 58
48 42 41 43 47 49 52 62 60 58 75 68 32 36 59 58 67 80 60 31 48 52 43 43 46 40 34 51 50 38 35 43 43 31 41 47 46 54 63 56 18 60 76 43 18 29 27 11 32 59 62 70 100 63
43 32 37 51 55 56 61 73 62 59 69 59 41 22 36 46 65 77 56 33 49 45 47 55 56 57 53 61 62 44 37 42 35 24 31 35 32 41 68 72 36 29 66 62 48 40 38 34 55 72 62 38 91 64
43 26 41 58 51 47 52 77 78 83 84 68 63 43 30 47 75 74 44 35 42 39 43 55 55 54 51 58 66 52 55 51 27 21 31 33 26 34 57 61 55 26 29 61 55 42 41 43 58 59 41 32 93 61
45 24 47 63 51 46 36 63 75 94 94 74 69 58 25 36 68 70 52 48 45 35 28 36 37 36 37 52 61 48 66 59 24 18 27 30 30 44 55 57 62 64 30 33 45 22 25 32 41 38 29 42 79 46
54 37 62 77 67 63 46 55 56 78 78 58 55 60 38 14 51 63 52 50 51 44 38 40 40 35 36 60 64 48 65 55 23 19 24 31 34 46 52 49 54 76 72 26 20 29 21 24 36 32 27 38 66 35
63 46 65 75 67 69 61 74 78 94 90 72 61 58 49 22 32 48 39 38 40 43 41 47 49 39 41 62 62 49 63 63 57 47 35 28 25 34 33 27 34 54 62 44 23 36 42 29 36 27 24 23 50 28
44 29 51 65 60 73 49 68 79 96 90 78 85 75 63 55 33 33 34 33 33 33 33 49 52 37 48 62 58 58 70 74 72 65 40 27 29 36 30 23 32 42 45 39 51 31 25 23 14 24 41 28 20 40
32 27 48 63 61 86 56 26 51 77 73 68 91 89 73 65 47 9 29 36 39 37 36 55 53 32 47 56 44 41 48 43 40 58 49 31 30 37 31 18 31 41 44 48 68 61 37 36 45 49 46 44 33 46
31 39 60 64 58 81 64 16 53 75 67 67 81 77 66 59 54 33 7 29 38 36 37 55 57 39 51 53 32 25 36 40 33 55 55 34 29 36 32 16 26 39 40 49 77 92 86 72 51 38 36 63 64 10
39 57 72 62 57 72 64 38 52 84 77 76 88 90 84 76 62 48 22 18 29 27 38 50 46 40 57 53 31 38 49 42 33 48 49 39 36 35 32 22 26 33 29 34 53 70 65 54 39 25 29 65 60 56
43 59 67 51 50 70 67 47 34 64 65 64 77 80 76 86 71 53 42 18 16 23 51 60 44 43 57 53 35 50 51 33 23 29 38 49 56 48 48 55 59 59 46 38 32 36 28 30 33 21 45 55 32 74
48 66 74 60 59 78 71 46 29 45 53 46 57 63 55 75 71 46 42 29 2 21 62 68 39 40 58 55 36 49 45 22 20 27 33 40 57 54 59 69 69 69 56 40 31 31 27 20 27 33 53 30 47 63
52 77 84 69 73 87 70 50 36 50 53 47 60 62 49 62 62 39 33 32 13 14 62 73 44 48 60 50 34 41 45 45 43 39 33 30 40 42 53 46 47 44 34 42 48 35 41 39 46 57 41 27 87 92
52 79 79 55 70 80 61 50 33 52 52 77 79 54 40 48 54 46 48 41 18 6 53 70 51 60 60 44 43 44 42 41 41 40 39 41 50 54 45 42 53 37 23 49 55 35 48 45 45 54 14 81 105 90
50 72 69 44 70 73 49 38 27 62 60 98 84 33 17 37 52 46 59 56 34 13 34 64 64 72 60 41 39 38 28 23 30 35 38 49 55 43 25 44 60 48 53 80 78 47 43 52 42 37 44 113 90 57
61 69 56 41 73 78 47 26 28 68 68 103 81 14 10 26 38 34 54 60 44 30 6 44 66 84 67 42 42 46 43 34 35 40 39 38 35 36 29 62 83 71 71 81 64 38 45 61 48 15 73 115 76 48
73 79 62 48 67 74 49 27 28 70 72 92 74 45 35 33 37 41 54 61 43 40 16 20 45 80 75 50 50 51 53 55 59 66 62 48 44 40 39 76 83 54 51 51 44 26 35 49 33 14 81 88 67 57
79 77 59 57 67 69 52 32 35 73 74 72 63 58 54 45 47 49 56 61 44 50 32 9 29 62 65 44 47 45 43 48 50 49 43 54 63 47 47 69 69 55 66 66 55 48 59 57 41 10 68 81 79 73
71 66 41 48 72 83 75 47 49 71 77 60 38 35 44 37 32 42 57 51 37 55 44 8 19 48 54 37 39 36 23 15 15 24 32 75 86 56 43 46 46 45 60 75 70 57 68 63 46 22 36 69 75 72
66 66 43 53 78 82 72 52 69 70 85 63 40 47 50 43 37 54 60 35 26 51 50 22 16 37 37 26 34 38 32 41 56 65 60 86 97 56 34 26 26 25 33 50 58 55 65 59 52 50 40 59 58 50
65 66 49 66 76 59 48 26 68 64 87 61 39 54 60 52 49 62 56 37 29 43 53 35 18 36 30 30 51 62 55 59 63 59 49 69 89 47 58 73 54 23 21 37 41 55 59 39 39 30 61 82 86 79
65 66 53 75 78 54 51 18 64 59 81 47 24 34 54 65 43 54 63 63 55 54 62 51 28 34 29 35 64 74 58 49 34 25 20 50 74 55 70 78 89 86 82 82 72 71 63 44 37 21 70 66 66 58
71 66 57 82 85 61 46 22 69 65 74 30 15 24 63 61 32 40 50 59 56 49 54 54 40 36 38 58 88 87 68 55 38 20 25 48 55 58 91 62 30 69 88 87 83 86 81 58 16 78 106 83 70 56
78 57 52 80 82 57 27 46 71 67 64 18 7 37 54 52 61 62 57 52 51 45 36 47 41 39 51 78 96 77 65 60 68 59 34 40 39 47 90 86 42 33 41 49 54 65 65 36 73 131 108 69 63 62
86 50 51 82 83 54 9 64 71 67 54 9 9 35 50 65 77 80 73 57 65 60 49 50 42 32 46 68 77 56 52 60 65 77 48 23 25 31 77 87 64 72 56 31 38 55 36 45 130 132 62 28 38 52
87 55 58 87 86 53 21 84 80 69 43 6 23 37 49 57 59 70 78 49 55 56 49 48 41 27 34 55 65 60 55 69 40 55 58 32 21 18 58 69 51 79 80 50 50 56 38 61 143 119 35 24 40 43
81 57 72 98 91 46 57 104 70 55 20 28 47 67 82 70 48 74 74 38 35 36 37 45 34 24 20 39 52 65 76 84 56 27 70 67 38 25 40 49 33 69 71 46 52 59 54 55 126 106 34 33 45 38
68 54 89 103 81 25 88 100 47 43 17 40 61 77 77 71 73 90 60 36 30 29 33 46 35 31 24 23 34 44 79 90 65 45 49 79 67 69 83 66 43 56 51 41 48 41 33 27 102 91 41 50 53 37
50 46 97 104 68 9 94 87 39 47 34 44 67 69 25 60 98 92 48 35 33 32 37 55 70 75 66 44 31 38 74 89 67 68 42 65 87 99 107 88 55 34 27 30 47 39 28 7 84 82 48 66 71 46
39 39 94 110 63 12 83 88 67 77 75 78 80 48 16 59 101 87 37 28 32 32 36 54 72 78 74 60 50 56 67 82 73 82 81 76 93 82 55 45 42 14 10 17 45 46 28 3 58 74 64 74 79 47
40 35 84 105 59 19 55 86 71 71 70 82 60 15 49 66 93 77 26 19 23 20 29 43 49 53 61 52 45 45 50 72 75 96 97 69 89 91 54 41 55 37 15 6 44 51 21 21 31 28 43 83 86 53
76 61 72 78 53 49 23 65 48 44 34 46 21 63 63 67 79 59 21 16 13 15 38 59 64 61 68 59 31 14 38 67 70 99 99 65 56 60 61 34 59 72 64 56 50 39 15 44 49 43 42 84 89 61
79 70 63 58 45 79 61 83 75 61 32 19 56 81 62 58 61 47 23 16 0 25 41 64 64 67 79 74 52 35 42 63 61 92 97 77 70 20 54 18 36 65 77 78 55 7 51 72 69 71 67 63 75 69
53 60 60 61 61 99 77 74 78 64 34 27 97 101 75 62 55 40 17 4 25 35 48 70 55 51 74 73 58 56 54 51 49 82 91 73 76 1 45 23 36 44 56 49 49 57 64 68 65 70 74 58 43 66
69 83 73 68 65 89 56 44 73 51 35 75 119 98 60 52 42 21 12 48 68 64 63 73 55 32 57 59 38 47 55 46 39 70 83 71 78 20 27 24 28 11 7 31 64 69 65 55 40 33 39 41 28 49
61 71 90 107 107 85 23 51 74 55 55 93 117 81 30 31 21 6 41 78 76 66 61 64 50 30 60 61 41 49 58 55 46 57 74 70 66 33 27 16 26 50 63 79 83 56 56 60 38 19 33 35 38 35
42 33 61 80 79 61 44 66 84 72 63 95 107 67 26 25 9 27 74 98 67 54 59 63 52 32 56 54 50 76 89 89 79 68 70 67 34 40 54 53 60 63 71 93 90 55 26 55 52 34 51 51 65 56
47 60 55 39 41 6 66 79 88 67 45 87 87 46 36 29 29 56 113 111 70 65 70 72 58 40 55 32 46 78 78 79 81 65 59 40 29 73 76 78 80 71 70 82 67 54 39 26 50 54 76 64 61 64
65 80 78 63 69 35 62 81 90 68 35 79 83 48 46 42 43 62 110 91 59 87 105 97 68 63 62 22 50 61 52 47 57 51 33 10 69 85 74 76 82 83 85 97 86 80 74 33 44 62 88 72 34 51
57 73 77 65 80 62 53 81 86 56 28 67 78 53 50 44 37 43 89 87 47 61 70 66 62 81 68 46 58 48 45 40 40 40 25 53 80 73 49 53 69 76 83 95 80 78 91 77 53 56 88 81 44 46