data/Revelstoke/Fire1/elevation.asc
ncols 100
nrows 44
xllcorner -1620000
yllcorner 438000
cellsize 100
NODATA_value -9999
[rows 0 to 38 of 44, columns 0 to 86 of 100]
1846 1849 1859 1841 1824 1819 1810 1808 1819 1841 1861 1871 1869 1855 1854 1858 1846 1868 1864 1873 1912 1932 1952 1962 1969 1976 1974 1983 1987 1990 2037 2022 2008 1995 1988 1975 1953 1925 1902 1911 1905 1855 1821 1791 1766 1715 1665 1620 1589 1467 1406 1343 1268 1256 1229 1195 1119 1059 1008 919 881 850 793 711 680 656 615 594 595 604 633 662 718 822 892 947 995 1060 1130 1158 1283 1357 1407 1471 1562 1570 1570
1795 1805 1819 1816 1802 1794 1787 1794 1791 1795 1795 1805 1809 1803 1823 1819 1813 1841 1839 1848 1875 1895 1912 1924 1930 1935 1940 1957 1960 1960 1965 1975 1967 1958 1943 1928 1931 1901 1897 1912 1903 1857 1829 1799 1772 1718 1671 1633 1546 1495 1432 1365 1232 1197 1174 1111 1091 1042 987 896 866 849 750 716 684 656 618 597 598 616 653 672 702 797 844 892 932 1024 1079 1143 1254 1306 1372 1469 1553 1563 1561
1767 1779 1797 1790 1778 1766 1767 1771 1763 1763 1768 1774 1776 1778 1770 1762 1769 1778 1791 1799 1800 1857 1874 1888 1879 1892 1909 1932 1943 1950 1944 1937 1934 1935 1917 1904 1882 1849 1878 1903 1894 1844 1832 1808 1775 1716 1676 1641 1554 1502 1440 1388 1249 1201 1170 1089 1057 1024 989 916 868 835 744 701 685 657 611 592 596 636 660 685 712 807 859 913 1014 1052 1078 1111 1199 1262 1331 1503 1554 1558 1555
1722 1724 1729 1724 1716 1738 1742 1736 1732 1735 1737 1740 1738 1748 1739 1734 1743 1752 1765 1765 1763 1770 1782 1800 1803 1827 1831 1900 1916 1930 1915 1907 1902 1905 1894 1875 1844 1829 1867 1890 1886 1827 1804 1783 1766 1700 1667 1641 1562 1523 1462 1385 1254 1199 1168 1102 1070 1043 1015 927 865 828 748 706 667 647 603 589 585 633 657 677 701 795 860 924 1026 1080 1121 1153 1220 1263 1334 1493 1548 1555 1553
1684 1687 1701 1690 1682 1676 1678 1671 1663 1687 1693 1695 1714 1712 1708 1705 1718 1729 1739 1735 1735 1740 1749 1762 1779 1795 1792 1828 1839 1847 1856 1858 1851 1874 1858 1826 1796 1811 1854 1873 1867 1816 1788 1772 1727 1692 1661 1637 1560 1519 1468 1371 1312 1255 1196 1115 1090 1057 972 923 870 811 711 684 659 637 589 583 583 627 654 687 728 829 891 944 1042 1069 1112 1169 1265 1313 1359 1483 1543 1555 1558
1638 1649 1671 1657 1647 1643 1645 1632 1631 1660 1666 1671 1667 1661 1656 1655 1677 1688 1718 1717 1715 1718 1720 1730 1751 1760 1756 1781 1790 1796 1812 1820 1819 1818 1780 1736 1710 1790 1840 1857 1849 1813 1788 1760 1712 1682 1657 1634 1557 1518 1483 1385 1332 1278 1211 1110 1077 1043 963 915 862 815 712 673 646 600 582 584 590 626 653 695 800 849 896 943 1061 1123 1168 1220 1339 1403 1461 1514 1553 1561 1561
1536 1556 1630 1618 1608 1603 1593 1576 1587 1626 1636 1646 1645 1636 1628 1629 1646 1663 1672 1672 1667 1667 1664 1673 1721 1725 1742 1738 1750 1753 1769 1775 1780 1782 1739 1694 1677 1775 1821 1833 1827 1793 1771 1754 1697 1660 1648 1630 1555 1521 1495 1406 1353 1300 1237 1118 1074 1034 956 902 849 799 703 668 641 598 585 583 594 626 661 708 812 868 933 985 1089 1135 1204 1357 1426 1474 1506 1534 1557 1558 1550
1474 1493 1529 1535 1530 1520 1516 1497 1506 1590 1606 1618 1618 1607 1596 1599 1614 1632 1647 1647 1645 1644 1639 1647 1654 1652 1667 1672 1679 1689 1740 1739 1746 1712 1684 1650 1645 1751 1792 1807 1798 1777 1753 1735 1682 1648 1629 1581 1551 1533 1510 1437 1379 1331 1264 1133 1088 1041 953 899 843 794 701 661 635 595 586 577 581 622 668 738 857 918 962 1018 1134 1189 1233 1409 1472 1503 1520 1534 1544 1539 1539
1413 1464 1488 1496 1492 1487 1482 1464 1474 1515 1540 1551 1547 1544 1526 1560 1580 1598 1616 1622 1618 1622 1609 1618 1623 1616 1640 1643 1648 1657 1658 1654 1648 1607 1579 1563 1619 1733 1758 1776 1772 1757 1742 1717 1660 1632 1614 1573 1547 1533 1504 1445 1403 1359 1247 1199 1146 1090 970 917 858 753 711 666 632 594 587 579 581 609 675 738 889 953 1009 1076 1225 1282 1350 1443 1474 1503 1516 1533 1539 1529 1520
1368 1417 1439 1448 1451 1449 1444 1432 1457 1477 1496 1504 1506 1504 1488 1480 1508 1536 1547 1561 1562 1590 1566 1582 1588 1587 1609 1614 1617 1618 1617 1610 1592 1558 1530 1541 1581 1692 1711 1726 1736 1744 1720 1698 1638 1614 1600 1568 1543 1525 1503 1453 1420 1384 1269 1208 1154 1095 996 933 861 750 711 670 634 590 585 580 574 605 674 724 891 973 1039 1205 1247 1310 1396 1463 1490 1507 1518 1531 1533 1521 1507
1289 1317 1333 1344 1353 1363 1404 1399 1413 1433 1446 1450 1465 1464 1446 1442 1479 1504 1515 1529 1531 1538 1523 1507 1519 1523 1542 1580 1578 1580 1588 1578 1558 1506 1488 1523 1616 1663 1689 1697 1718 1723 1693 1623 1603 1588 1578 1557 1536 1515 1496 1457 1426 1392 1280 1215 1148 1085 979 918 846 745 703 671 643 592 580 576 570 617 698 763 918 986 1049 1203 1252 1335 1412 1468 1487 1501 1514 1525 1522 1506 1483
1260 1272 1284 1299 1309 1317 1319 1313 1327 1331 1334 1339 1414 1421 1407 1405 1455 1474 1482 1495 1503 1510 1499 1485 1481 1489 1501 1503 1506 1524 1518 1511 1488 1422 1458 1494 1578 1623 1658 1661 1691 1693 1661 1604 1585 1574 1573 1557 1531 1502 1468 1453 1429 1395 1288 1206 1138 1018 958 918 895 778 720 676 641 589 575 572 570 624 691 752 897 970 1042 1157 1226 1317 1407 1470 1483 1494 1509 1516 1506 1489 1470
1239 1242 1248 1259 1268 1271 1277 1275 1283 1284 1282 1291 1298 1311 1313 1338 1368 1386 1443 1458 1467 1472 1474 1472 1462 1461 1464 1465 1467 1482 1478 1468 1447 1393 1420 1440 1505 1540 1567 1574 1659 1649 1620 1581 1572 1571 1575 1548 1521 1493 1458 1440 1423 1391 1315 1256 1203 1106 1064 1009 952 798 736 683 609 590 573 570 582 630 687 786 874 947 1023 1149 1221 1292 1442 1464 1472 1484 1481 1497 1492 1475 1457
1214 1202 1213 1231 1232 1236 1240 1236 1246 1244 1240 1244 1252 1262 1265 1290 1313 1337 1373 1388 1398 1405 1417 1426 1447 1441 1437 1432 1425 1428 1422 1410 1385 1366 1387 1410 1476 1506 1521 1535 1550 1552 1544 1534 1542 1548 1561 1532 1509 1485 1445 1429 1408 1379 1332 1295 1247 1150 1103 1032 976 827 765 712 624 602 584 564 589 627 665 764 841 911 1003 1129 1200 1258 1424 1451 1471 1480 1479 1470 1465 1446 1438
1223 1184 1197 1208 1203 1196 1188 1191 1189 1213 1208 1206 1213 1223 1226 1241 1257 1279 1327 1349 1365 1374 1380 1388 1397 1379 1383 1377 1370 1346 1328 1365 1347 1336 1354 1377 1445 1480 1483 1507 1506 1508 1504 1507 1523 1526 1509 1493 1481 1461 1417 1397 1391 1346 1324 1281 1241 1158 1097 1029 961 825 772 720 642 616 593 568 576 610 649 733 780 850 961 1075 1159 1269 1426 1436 1465 1477 1471 1465 1461 1443 1432
1213 1194 1181 1179 1176 1176 1174 1176 1175 1175 1173 1165 1165 1170 1183 1206 1217 1233 1275 1301 1321 1340 1347 1351 1362 1356 1357 1351 1346 1314 1294 1294 1302 1291 1304 1322 1373 1434 1448 1475 1476 1478 1471 1486 1500 1496 1485 1475 1462 1440 1403 1387 1369 1340 1323 1269 1190 1078 1023 1024 883 820 749 711 652 623 596 562 572 591 627 716 763 805 950 1029 1109 1211 1338 1349 1451 1463 1455 1457 1458 1438 1427
1227 1216 1201 1199 1195 1184 1170 1165 1165 1161 1158 1149 1151 1157 1168 1163 1158 1160 1187 1194 1201 1301 1302 1304 1313 1339 1337 1331 1308 1290 1273 1277 1283 1269 1283 1296 1335 1347 1369 1385 1392 1388 1393 1458 1459 1455 1451 1450 1440 1421 1387 1376 1361 1335 1316 1278 1235 1108 1039 969 861 848 807 761 661 626 599 561 569 582 613 697 734 770 897 966 1057 1156 1272 1291 1397 1428 1429 1435 1438 1435 1425
1296 1282 1271 1257 1228 1218 1191 1158 1153 1150 1145 1140 1135 1141 1150 1147 1144 1140 1149 1151 1155 1180 1187 1199 1211 1237 1249 1254 1273 1262 1245 1256 1256 1250 1268 1279 1295 1311 1324 1338 1347 1353 1369 1373 1382 1389 1405 1407 1394 1402 1378 1366 1357 1330 1304 1266 1234 1139 1081 1017 913 880 836 774 706 661 621 562 562 570 587 661 695 739 852 929 1014 1086 1188 1234 1342 1411 1417 1419 1423 1428 1418
1348 1328 1314 1278 1260 1246 1231 1213 1209 1207 1188 1158 1145 1135 1138 1137 1135 1132 1126 1123 1124 1135 1149 1156 1163 1181 1195 1202 1202 1191 1180 1189 1191 1214 1245 1258 1264 1281 1284 1296 1301 1307 1327 1332 1341 1355 1368 1370 1370 1363 1365 1365 1359 1323 1293 1273 1183 1127 1077 1024 947 898 858 802 746 695 650 576 557 563 571 607 648 680 770 832 907 1021 1120 1192 1265 1388 1407 1414 1411 1412 1406
1410 1381 1361 1318 1300 1283 1266 1244 1246 1238 1195 1174 1159 1149 1126 1122 1120 1111 1110 1113 1109 1108 1112 1113 1120 1132 1148 1156 1164 1165 1154 1159 1163 1190 1198 1219 1214 1201 1201 1197 1252 1258 1281 1291 1296 1310 1327 1333 1339 1338 1335 1348 1344 1310 1292 1268 1206 1159 1126 1082 1022 987 918 844 791 737 693 607 569 555 561 581 615 644 740 791 873 975 1031 1082 1132 1268 1361 1401 1397 1398 1396
1509 1502 1487 1372 1351 1325 1306 1285 1278 1270 1230 1207 1185 1164 1143 1134 1131 1122 1121 1134 1147 1168 1164 1146 1124 1097 1104 1116 1131 1140 1136 1136 1140 1160 1165 1194 1186 1167 1166 1158 1161 1170 1201 1216 1233 1251 1306 1311 1312 1313 1317 1328 1325 1293 1281 1264 1214 1178 1146 1119 1046 1012 976 909 874 836 795 683 605 571 551 561 585 620 699 752 816 945 982 1021 1076 1236 1337 1356 1371 1373 1369
1535 1529 1517 1477 1452 1427 1410 1405 1394 1313 1273 1248 1218 1192 1159 1153 1147 1135 1136 1145 1160 1180 1184 1179 1148 1138 1122 1107 1069 1075 1082 1103 1120 1121 1132 1156 1148 1130 1129 1127 1129 1139 1163 1178 1201 1232 1250 1267 1275 1275 1279 1279 1277 1283 1281 1270 1221 1183 1158 1100 1066 1029 994 932 895 868 836 725 666 614 556 549 558 582 665 706 761 911 948 977 1012 1174 1273 1315 1350 1359 1356
1563 1536 1523 1500 1487 1477 1455 1445 1429 1409 1352 1310 1272 1218 1198 1190 1163 1154 1152 1152 1165 1188 1193 1194 1184 1171 1148 1128 1090 1070 1057 1061 1068 1066 1073 1071 1073 1098 1088 1087 1092 1112 1130 1143 1161 1193 1212 1228 1241 1257 1263 1257 1247 1245 1238 1238 1208 1196 1171 1108 1082 1051 1016 955 922 893 827 767 699 636 572 552 551 581 605 643 681 794 846 870 897 1070 1167 1221 1328 1335 1339
1610 1561 1532 1513 1504 1498 1484 1467 1440 1418 1362 1325 1287 1235 1228 1220 1213 1204 1201 1206 1221 1223 1204 1204 1198 1191 1174 1129 1107 1089 1063 1037 1039 1033 1048 1058 1051 1043 1032 1036 1045 1051 1054 1107 1118 1148 1168 1188 1199 1238 1240 1231 1214 1209 1206 1205 1198 1201 1185 1131 1103 1078 1063 1000 962 909 863 813 747 676 592 560 548 558 583 619 651 735 786 825 896 941 978 1051 1246 1302 1305
1711 1686 1645 1592 1581 1556 1502 1482 1459 1433 1376 1341 1309 1277 1272 1259 1258 1248 1242 1252 1255 1258 1265 1263 1251 1236 1219 1182 1128 1107 1085 1037 1029 1023 1023 1032 1037 1042 1024 1023 1031 1029 1031 1041 1051 1082 1095 1105 1158 1168 1208 1199 1185 1177 1169 1165 1184 1196 1191 1143 1114 1093 1063 1010 973 938 883 862 822 772 655 581 559 546 564 599 627 684 728 770 843 874 926 993 1201 1287 1295
1736 1727 1676 1658 1638 1612 1539 1504 1475 1440 1388 1372 1349 1324 1317 1300 1300 1287 1287 1294 1296 1304 1314 1312 1290 1272 1255 1212 1186 1160 1135 1090 1081 1066 1018 1009 1009 1013 1008 1012 1024 1017 1021 1024 1028 1056 1066 1072 1119 1128 1124 1121 1108 1096 1089 1102 1162 1184 1186 1147 1115 1095 1036 1013 978 945 886 860 851 747 695 648 604 556 545 550 581 637 693 727 790 831 883 983 1245 1276 1278
1752 1747 1723 1708 1678 1658 1609 1545 1494 1412 1389 1373 1366 1384 1383 1387 1381 1361 1369 1343 1357 1360 1359 1336 1331 1315 1292 1249 1224 1194 1167 1120 1103 1086 1055 1041 1029 1022 1005 991 987 990 1000 1006 1007 1032 1039 1044 1086 1092 1081 1082 1071 1063 1057 1073 1098 1114 1140 1135 1115 1090 1039 1016 983 953 894 859 848 792 739 682 633 567 550 543 588 616 639 657 727 767 806 992 1226 1269 1272
1763 1765 1759 1751 1731 1706 1643 1572 1515 1439 1405 1395 1395 1432 1443 1447 1441 1405 1416 1446 1459 1447 1432 1391 1376 1346 1323 1291 1263 1235 1169 1153 1129 1109 1079 1063 1050 1033 1019 1001 998 1002 985 972 973 993 995 1018 1050 1045 1043 1044 1036 1024 1025 1049 1070 1083 1099 1114 1096 1085 1033 1010 985 963 909 873 836 818 780 723 671 577 553 543 565 590 615 637 703 731 778 905 1005 1086 1232
1756 1748 1743 1739 1726 1701 1610 1540 1502 1459 1435 1439 1444 1491 1501 1511 1476 1445 1466 1483 1474 1461 1449 1407 1392 1381 1367 1332 1313 1286 1243 1188 1160 1134 1104 1083 1068 1043 1025 1015 1024 1021 1003 983 949 961 965 979 984 985 984 984 985 1004 1018 1035 1046 1058 1079 1079 1062 1066 1027 1008 983 963 923 890 852 795 781 783 761 645 582 544 554 570 593 617 678 714 756 899 1019 1118 1193
1756 1737 1712 1706 1698 1644 1593 1535 1490 1468 1494 1511 1579 1594 1602 1597 1516 1499 1510 1500 1480 1465 1451 1422 1410 1398 1389 1360 1340 1316 1261 1229 1204 1184 1148 1128 1106 1058 1032 1035 1039 1032 1018 998 957 947 939 942 940 950 947 971 978 987 993 998 1003 1009 1033 1051 1039 1047 1020 997 976 944 930 907 865 806 776 769 735 690 612 560 541 549 564 609 644 692 729 895 1011 1125 1219
1741 1733 1674 1673 1672 1624 1580 1535 1491 1491 1533 1564 1622 1629 1622 1610 1578 1567 1555 1534 1530 1526 1467 1459 1445 1431 1415 1404 1387 1360 1287 1261 1237 1196 1180 1158 1138 1083 1092 1093 1093 1075 1064 1051 988 976 961 939 922 917 912 943 962 969 975 978 981 991 1013 1015 1008 1003 1011 989 969 934 925 910 879 819 783 754 722 683 625 576 540 542 548 588 612 646 688 847 944 1033 1199
1716 1706 1669 1664 1648 1582 1565 1537 1506 1530 1584 1630 1669 1667 1656 1637 1605 1598 1597 1589 1601 1601 1588 1571 1551 1539 1518 1496 1431 1392 1328 1301 1270 1236 1221 1202 1176 1121 1124 1121 1114 1104 1095 1081 1052 1032 1019 984 973 963 925 912 934 949 961 962 963 972 992 989 984 987 999 986 972 927 916 901 883 840 808 764 705 673 632 591 540 539 538 566 585 619 665 795 877 963 1175
1694 1676 1671 1659 1645 1601 1603 1609 1624 1648 1701 1752 1783 1726 1717 1687 1653 1645 1648 1672 1677 1666 1649 1612 1594 1582 1551 1529 1509 1479 1400 1369 1355 1324 1310 1249 1210 1160 1160 1155 1144 1139 1133 1124 1092 1072 1056 1010 991 977 969 942 910 895 926 930 948 956 972 964 966 980 988 986 978 927 907 893 857 835 809 774 717 687 665 605 575 562 541 553 571 602 649 750 860 973 1143
1695 1694 1701 1674 1644 1635 1644 1653 1681 1730 1769 1808 1836 1842 1836 1809 1808 1817 1815 1737 1734 1721 1660 1643 1628 1621 1602 1580 1549 1479 1430 1405 1388 1355 1340 1298 1235 1223 1214 1210 1208 1176 1172 1168 1128 1114 1100 1041 1012 1003 993 960 924 888 912 920 927 931 933 931 939 959 967 984 979 938 907 886 848 825 803 775 724 707 689 630 597 570 553 535 547 578 657 709 838 946 1082
1781 1786 1801 1778 1693 1677 1711 1726 1785 1821 1830 1849 1878 1896 1890 1854 1840 1845 1861 1828 1808 1793 1771 1752 1732 1654 1621 1606 1580 1505 1464 1441 1420 1383 1352 1312 1235 1255 1240 1244 1234 1226 1214 1182 1167 1155 1142 1063 1045 1043 1028 986 957 908 879 891 905 916 928 924 929 947 953 947 944 924 893 867 822 812 796 774 739 725 708 659 618 581 559 537 544 582 643 691 771 852 991
1842 1832 1857 1856 1821 1833 1858 1875 1880 1902 1871 1884 1941 1969 1978 1941 1908 1905 1897 1852 1831 1811 1792 1777 1755 1738 1670 1633 1605 1552 1523 1501 1447 1395 1361 1315 1269 1280 1266 1275 1262 1242 1225 1194 1179 1167 1152 1132 1123 1105 1068 1046 1020 955 893 862 860 912 926 921 918 934 938 933 934 912 886 860 814 802 791 784 759 741 734 694 653 604 566 538 541 576 637 686 735 820 1004
1892 1880 1913 1926 1911 1912 1909 1915 1934 1965 1995 2035 2042 2035 2019 1969 1959 1937 1897 1874 1851 1831 1805 1788 1762 1753 1715 1683 1636 1572 1550 1522 1494 1408 1368 1319 1346 1358 1316 1308 1283 1264 1243 1205 1191 1185 1183 1152 1140 1123 1084 1062 1045 1025 966 932 904 859 892 906 915 921 922 923 924 901 878 852 823 811 793 771 759 743 736 719 692 646 560 537 535 572 623 671 738 904 1018
1895 1939 1964 1945 1928 1927 1924 1942 1993 2024 2041 2047 2042 2031 2010 1977 1964 1950 1906 1884 1857 1837 1817 1810 1780 1753 1746 1718 1673 1600 1575 1547 1464 1422 1373 1322 1376 1381 1376 1344 1334 1310 1287 1259 1223 1212 1206 1168 1154 1139 1102 1079 1060 1044 985 957 929 852 848 872 898 908 906 906 891 886 871 863 836 818 798 767 753 740 736 717 695 659 565 536 536 561 630 683 745 925 1009
1912 1940 1937 1935 1948 1969 1990 1978 2042 2061 2068 2060 2050 2040 2021 1983 1971 1958 1917 1891 1861 1838 1808 1794 1776 1755 1747 1717 1679 1624 1594 1565 1476 1430 1379 1336 1392 1401 1392 1372 1352 1331 1309 1284 1267 1252 1218 1199 1181 1169 1117 1099 1077 1030 1010 982 949 889 847 839 908 909 911 912 901 896 884 869 840 828 811 762 754 736 722 705 682 648 568 540 532 558 637 686 747 896 988
