data/Revelstoke/Fire1/saz.asc
ncols 100
nrows 44
xllcorner -1620000
yllcorner 438000
cellsize 100
NODATA_value -9999
203 198 181 156 161 161 162 187 210 210 198 184 172 175 184 174 190 197 187 216 219 207 201 200 193 182 182 187 185 192 186 163 158 163 161 152 134 122 141 -1 90 94 90 85 82 75 65 66 82 84 84 96 117 146 140 125 109 104 104 110 118 105 101 97 92 91 91 101 292 281 266 251 257 260 255 248 248 246 239 252 255 246 246 255 260 239 239 255 247 214 155 131 134 130 134 135 132 121 121 134 
203 197 185 157 155 164 178 184 186 190 189 186 177 181 183 175 191 195 187 201 209 208 201 190 186 189 198 202 189 195 188 174 167 162 157 161 151 153 205 211 100 94 82 76 83 86 82 87 91 82 73 81 94 128 128 130 128 111 98 94 100 101 102 101 89 89 92 95 289 293 296 285 269 263 254 259 269 264 248 249 245 234 252 268 270 208 223 247 228 202 154 127 127 114 118 129 129 118 118 134 
200 195 185 169 170 177 182 176 176 184 188 186 183 180 174 178 192 195 190 188 201 202 193 185 185 192 204 212 201 182 170 172 174 163 149 151 148 175 229 212 110 110 118 106 97 96 93 86 82 77 77 83 84 86 92 96 100 88 79 80 88 95 93 98 104 100 100 122 263 275 278 273 270 271 278 287 295 303 295 273 260 252 263 270 271 207 220 231 212 187 160 149 146 118 113 118 120 117 113 120 
196 189 182 170 178 185 179 174 180 187 185 185 187 177 168 184 200 203 193 180 193 196 192 189 192 193 206 210 193 182 172 172 181 174 151 146 150 208 244 211 114 112 132 130 114 107 103 92 87 80 84 85 76 61 73 75 62 74 89 90 91 98 101 108 113 107 107 132 255 262 264 273 276 278 283 280 280 286 295 294 295 293 275 268 259 241 200 217 209 163 149 163 167 139 130 132 125 126 126 120 
198 194 183 163 174 182 176 172 188 197 186 188 186 176 174 188 199 203 194 176 184 193 199 203 207 192 205 205 189 186 183 177 184 174 155 155 177 228 243 202 118 105 110 116 114 109 101 94 92 89 86 81 65 57 72 81 84 96 102 99 94 96 102 116 118 116 117 139 269 267 270 291 295 292 287 279 282 296 298 297 307 321 301 284 278 300 47 160 197 147 133 155 165 144 133 133 119 121 135 128 
193 200 193 162 168 175 170 172 201 210 192 188 177 171 175 192 203 205 195 176 180 184 188 204 207 190 198 201 190 192 192 183 183 163 147 152 203 244 240 193 127 111 111 106 108 115 109 94 91 85 80 77 69 70 78 86 100 99 98 100 100 95 94 103 109 111 114 290 277 273 276 284 290 293 291 285 287 304 310 311 316 326 318 302 293 296 107 109 148 144 136 145 155 141 127 124 111 112 129 129 
194 204 197 172 172 174 170 176 205 215 198 188 168 162 173 197 209 207 193 176 177 178 184 204 199 188 189 188 188 196 199 186 177 154 140 145 231 251 232 187 140 125 127 111 108 121 129 111 97 77 75 72 64 66 76 80 82 90 94 98 100 97 95 100 97 94 93 227 260 269 281 283 289 300 302 294 293 301 296 303 317 319 312 292 258 171 164 144 133 138 147 154 158 157 150 140 118 114 124 128 
203 211 199 178 173 173 167 175 212 216 195 185 174 167 178 199 207 206 195 178 176 172 182 201 189 188 191 185 189 200 195 181 170 159 157 168 237 250 223 187 149 131 128 115 111 122 124 116 103 82 80 74 63 70 77 68 53 70 80 83 91 97 93 91 95 94 93 159 253 264 275 281 290 305 306 298 306 322 302 293 300 298 287 265 204 161 167 158 139 128 138 150 150 154 163 156 129 124 133 131 
211 218 201 183 174 172 162 177 221 215 195 184 176 169 180 197 201 199 192 182 184 175 177 193 181 194 202 188 190 193 184 175 163 156 163 191 243 244 210 190 168 143 128 115 114 127 114 103 102 100 90 80 66 75 78 65 58 71 75 74 87 95 92 84 89 93 93 94 257 264 267 270 277 294 304 304 307 316 305 296 290 278 268 257 163 138 155 158 138 124 121 124 125 134 156 158 138 133 137 123 
204 204 191 184 181 183 176 185 213 209 196 186 181 166 171 196 207 201 194 187 190 178 172 187 183 191 201 191 184 183 175 163 148 145 169 237 259 245 206 198 191 153 134 131 131 140 125 109 108 108 94 83 72 78 80 81 88 89 88 90 92 93 93 87 85 90 110 122 262 273 278 276 277 283 286 291 293 288 288 287 285 273 262 240 146 132 149 162 142 134 136 131 121 125 142 146 144 144 141 118 
199 198 190 187 185 191 185 184 194 190 186 192 194 169 165 205 225 209 200 194 193 176 163 179 185 191 200 190 183 184 176 163 147 152 195 248 257 241 210 206 206 155 128 131 142 147 130 108 107 116 111 95 83 85 86 90 101 107 105 94 83 80 81 84 86 91 116 129 271 276 278 275 272 270 266 261 261 270 273 273 261 248 243 202 143 132 145 161 138 130 135 139 126 125 139 138 150 166 169 128 
199 199 196 194 190 191 183 183 188 184 183 196 197 178 177 202 209 201 202 196 191 177 157 163 183 194 194 186 187 186 174 164 143 158 212 232 229 211 196 203 207 156 127 122 139 145 109 101 106 112 118 112 95 86 80 72 75 74 58 44 61 70 71 86 99 101 107 122 278 273 271 269 262 255 259 257 255 263 271 271 243 227 216 186 141 128 140 156 126 122 124 130 121 120 129 123 136 167 181 153 
178 189 197 196 188 186 180 184 187 179 183 195 193 183 186 201 201 204 205 192 188 184 179 177 179 184 183 179 188 184 171 162 142 164 216 228 226 207 194 204 199 168 151 149 168 186 133 112 112 107 112 122 111 91 73 54 55 49 37 42 67 74 68 78 87 84 76 303 277 269 266 265 256 250 258 261 256 261 266 259 238 216 197 181 150 140 154 167 143 130 128 128 122 119 117 108 118 151 168 159 
127 174 205 196 182 181 179 183 187 181 180 187 192 188 195 204 202 211 208 194 190 188 188 191 181 174 177 174 176 175 176 169 151 176 214 234 238 215 201 204 192 174 166 173 189 187 159 139 132 119 124 139 127 109 90 75 74 72 73 80 85 83 73 75 72 57 66 348 261 255 254 250 239 241 251 251 249 262 263 244 247 225 162 165 143 135 152 162 146 139 142 132 130 135 136 119 120 143 144 150 
87 119 206 187 174 174 177 182 190 186 175 182 189 189 196 202 201 212 213 202 199 195 192 194 180 172 176 171 163 162 180 181 163 183 205 223 228 211 204 201 184 177 177 197 198 173 158 151 143 125 125 143 128 116 106 107 110 115 119 109 103 99 95 88 79 67 77 99 247 245 252 249 236 244 250 245 244 254 244 217 234 197 152 151 111 106 123 140 126 129 142 127 123 134 138 118 115 136 138 148 
67 58 36 155 138 138 162 178 187 182 169 175 188 194 200 195 192 204 203 193 200 203 187 189 187 180 173 162 147 141 172 188 171 182 204 219 221 204 196 192 181 178 192 207 188 168 160 155 141 122 119 130 116 106 96 92 95 103 121 115 107 92 71 73 77 78 86 98 247 246 254 253 240 249 249 240 240 242 225 217 230 192 174 182 144 113 114 132 129 122 126 116 115 123 126 110 108 122 125 130 
41 17 12 11 17 30 59 131 168 166 157 163 190 208 199 182 182 197 196 187 203 201 183 185 191 189 179 173 159 146 164 192 171 184 216 225 217 201 195 190 182 182 200 201 182 178 177 168 157 133 121 126 108 105 101 87 77 72 69 83 79 53 52 62 66 59 73 84 242 241 250 245 230 246 245 238 240 239 225 226 235 209 185 190 175 135 113 121 134 144 143 125 123 132 129 117 107 105 106 106 
39 13 15 23 24 27 36 27 8 14 35 59 152 206 190 166 167 192 192 184 204 198 185 186 192 192 184 182 175 164 175 186 180 198 217 214 209 201 198 193 187 192 201 193 186 189 187 174 170 156 134 121 99 102 105 104 98 87 72 70 62 51 63 67 59 50 64 74 220 229 240 233 220 236 236 228 230 233 228 230 239 234 205 195 189 163 128 112 120 144 150 130 128 145 135 132 126 120 116 125 
44 19 28 36 27 24 28 16 4 17 37 42 37 63 165 169 164 169 178 180 193 197 192 190 196 197 191 187 179 168 177 186 192 208 209 196 190 187 186 192 192 195 196 189 193 198 192 181 176 172 172 165 112 105 101 95 93 82 66 61 51 41 52 57 53 50 60 65 57 222 234 229 220 234 234 227 233 235 225 219 226 226 215 202 181 171 142 110 105 117 130 123 124 142 130 130 135 127 117 130 
30 12 26 34 22 23 26 17 6 35 50 41 36 48 66 100 118 126 217 331 338 335 350 167 184 192 194 191 186 170 174 189 207 211 206 194 173 176 179 192 194 192 195 189 192 203 202 187 181 177 191 187 131 116 111 89 76 58 48 50 46 39 46 45 38 33 44 52 47 51 227 231 228 242 243 238 245 241 221 213 228 236 229 205 182 176 160 130 118 120 118 119 125 134 121 120 129 121 114 122 
20 10 31 32 16 15 13 8 13 35 39 32 35 44 41 18 25 22 341 331 334 347 8 24 43 69 198 184 184 182 182 193 204 201 206 196 159 165 174 186 192 196 199 194 200 214 210 190 183 182 190 185 155 134 112 88 81 71 69 74 68 57 57 50 36 31 47 54 46 47 73 224 225 240 240 232 244 244 224 220 241 248 235 210 198 180 163 139 126 131 125 124 134 141 130 127 137 114 110 111 
30 31 49 35 17 15 10 7 21 33 30 29 36 43 31 19 28 18 345 314 297 313 8 33 32 23 26 78 145 179 188 196 191 188 195 186 172 172 174 179 192 209 209 205 215 218 206 194 189 188 185 177 171 168 158 114 93 76 79 84 71 61 67 65 52 56 70 65 54 58 66 208 233 241 232 220 234 230 206 203 230 237 220 215 220 188 165 135 121 127 121 121 132 140 132 135 152 118 114 120 
37 48 60 49 27 25 22 24 39 45 44 42 51 49 23 19 21 9 358 344 331 339 4 26 29 30 45 60 59 64 154 188 184 185 191 182 181 178 175 183 192 197 202 206 211 211 203 199 203 205 178 163 170 175 173 150 117 75 72 70 57 50 55 54 48 63 69 62 58 65 67 60 249 240 228 220 232 226 205 205 229 225 206 215 224 197 183 157 131 130 118 116 124 127 128 139 151 122 122 138 
27 24 24 21 13 26 38 46 56 72 74 67 63 45 15 14 12 7 359 350 347 359 5 7 15 23 40 52 51 49 69 122 173 185 199 186 182 170 169 188 192 189 202 203 201 203 196 199 206 205 183 158 162 171 174 172 171 94 75 69 56 50 60 61 57 62 57 48 46 51 56 53 45 231 235 236 240 233 217 226 232 216 208 229 239 219 188 168 151 148 131 126 136 123 121 141 144 118 118 137 
19 24 26 18 14 33 47 49 58 72 70 53 45 26 12 10 8 9 357 350 353 356 0 7 16 20 35 44 37 31 44 40 18 40 169 187 183 159 155 204 197 182 205 201 203 205 193 206 211 199 186 168 168 172 177 194 216 199 89 81 74 85 94 87 75 73 68 51 52 61 58 44 39 45 227 223 230 231 222 227 225 219 233 258 265 254 178 159 155 150 132 126 140 122 120 143 148 123 121 135 
12 41 39 24 23 40 46 46 70 89 82 51 30 12 7 5 7 6 0 357 353 353 0 15 22 24 39 44 34 29 40 35 18 37 47 35 177 149 149 189 185 182 197 195 217 217 196 220 218 188 180 172 168 171 181 207 214 197 151 105 92 95 97 90 81 82 84 80 79 75 59 46 51 62 195 226 238 234 220 222 223 217 241 266 271 260 162 140 138 133 121 113 122 114 115 135 143 120 120 135 
4 33 28 23 27 40 51 56 72 82 73 41 357 352 0 2 11 6 358 357 355 0 11 20 21 28 40 41 35 44 55 46 33 46 41 23 22 41 71 132 182 186 183 182 205 206 194 219 213 177 175 172 164 168 191 217 210 199 186 144 115 98 93 90 83 79 78 80 79 63 52 53 63 71 71 259 252 234 216 226 228 219 243 250 233 207 206 161 139 132 123 110 107 102 102 116 127 115 110 120 
42 62 46 42 46 69 85 90 83 69 35 7 337 337 353 3 23 11 346 350 0 10 28 33 27 32 36 36 31 42 47 40 37 45 45 34 40 51 55 30 356 18 80 144 192 198 195 209 196 177 178 176 173 179 207 223 213 210 203 168 148 115 101 98 89 80 74 70 81 79 58 42 51 57 53 270 239 227 225 243 244 236 252 248 232 228 234 202 136 131 134 136 131 118 117 128 121 110 106 108 
123 146 159 155 133 115 109 108 99 63 7 349 340 344 354 14 34 8 340 352 34 54 67 61 38 31 37 37 32 43 46 39 33 36 36 29 41 58 52 7 356 29 48 69 125 192 193 196 186 180 182 184 189 203 212 208 199 203 203 172 164 133 107 104 104 96 78 67 76 89 80 51 60 59 55 59 230 223 229 243 243 239 258 266 272 275 269 236 135 124 132 145 140 127 124 142 134 119 113 107 
119 124 149 169 139 119 106 97 88 6 338 333 335 349 359 29 35 5 358 17 23 35 53 42 26 25 34 34 31 50 57 42 35 39 34 28 45 47 14 357 3 21 28 46 51 35 138 172 180 180 194 212 212 209 199 193 192 205 206 177 172 160 123 111 110 109 91 74 75 77 90 120 100 81 71 69 128 218 235 241 234 230 252 257 251 254 259 237 142 118 120 130 127 122 121 138 139 136 128 113 
144 122 129 167 130 118 109 91 59 324 321 320 326 358 16 45 35 9 11 11 4 17 20 11 11 11 14 21 30 50 53 37 43 42 31 30 47 37 0 0 10 18 18 37 34 16 23 31 25 58 193 217 209 204 196 189 197 218 210 176 172 180 145 106 99 105 114 92 79 71 69 91 104 96 82 76 81 218 239 236 227 229 248 248 235 243 248 205 162 136 134 145 135 129 130 137 129 133 143 118 
147 131 115 129 108 99 60 31 2 335 331 334 349 11 17 32 28 7 3 358 358 10 15 13 11 13 16 25 31 41 40 25 26 21 20 31 46 34 358 8 16 17 17 32 30 18 28 32 19 27 32 288 196 198 197 190 201 218 201 171 180 206 172 100 88 95 118 114 99 83 72 80 87 81 72 69 56 23 252 237 232 241 252 250 246 257 255 207 170 136 126 140 138 137 147 152 137 135 154 136 
115 98 57 69 76 42 1 357 347 337 332 335 358 11 11 15 8 0 2 1 1 17 32 31 20 24 29 31 36 48 44 23 24 21 28 43 46 26 3 7 13 13 11 27 32 22 39 48 35 30 36 49 104 194 209 199 205 205 188 176 198 213 200 129 84 85 98 111 112 107 93 84 76 55 59 62 47 40 40 229 232 249 256 254 257 261 253 220 195 114 94 103 113 122 142 151 139 134 144 144 
20 358 7 30 39 4 347 341 334 334 331 327 348 5 12 13 2 357 10 15 7 22 26 16 19 30 32 32 55 68 54 32 37 42 51 65 54 16 6 5 15 16 13 32 32 19 44 53 29 17 37 54 60 73 214 204 203 199 185 182 212 216 201 181 122 101 106 112 116 119 103 88 73 47 59 61 56 61 72 184 243 259 260 253 247 244 240 227 208 165 120 105 93 92 101 120 122 120 123 125 
18 353 1 23 19 354 349 346 339 345 345 327 332 353 14 21 6 353 24 31 17 24 21 15 26 37 38 41 58 55 35 30 46 59 70 78 57 4 10 5 23 25 36 49 36 26 49 42 14 15 32 37 42 54 106 189 207 226 210 180 228 223 190 176 145 117 113 111 117 127 104 79 61 39 53 57 55 61 71 77 266 265 261 252 242 245 251 246 218 170 139 107 86 86 90 105 118 120 119 116 
33 350 349 16 11 354 350 348 342 351 354 341 341 353 17 27 14 10 41 53 43 46 46 48 47 45 42 39 55 52 34 38 56 69 78 66 14 4 12 10 32 41 59 62 45 34 44 32 16 30 41 34 38 45 41 31 250 223 206 185 221 216 180 171 135 112 107 99 93 92 95 85 71 51 53 53 50 60 76 95 259 262 260 258 267 275 274 266 240 167 141 141 109 102 104 110 125 138 134 125 
41 341 343 10 9 355 347 335 333 343 346 344 350 9 52 55 33 51 68 64 57 58 53 54 59 58 48 43 57 58 45 61 76 79 80 45 342 8 20 19 28 31 40 42 29 17 37 46 40 58 60 50 44 49 44 31 49 163 204 204 214 201 180 173 148 124 107 86 71 63 85 102 103 93 77 66 61 72 82 95 258 263 265 269 278 281 275 252 223 186 153 148 134 127 125 117 122 139 135 138 
359 311 335 38 6 352 351 325 321 333 336 346 48 80 84 78 62 72 73 72 76 81 82 78 79 70 60 63 68 62 49 74 86 84 80 1 304 8 30 29 29 33 36 36 26 20 43 47 33 53 59 49 58 73 65 51 65 77 196 224 239 211 181 145 128 104 78 71 68 62 78 91 103 110 115 107 97 89 87 84 260 267 273 276 271 267 259 242 218 195 160 140 137 136 128 113 110 116 113 153 
307 284 213 346 332 336 344 334 329 345 6 34 53 73 79 68 46 65 69 69 75 88 108 117 102 97 98 94 85 76 66 77 80 82 78 335 303 359 34 40 41 44 47 45 33 39 51 45 35 50 48 35 51 60 49 45 61 64 68 255 263 306 344 32 38 41 67 89 89 74 82 91 100 109 132 140 131 107 93 81 259 266 268 269 266 263 260 260 239 204 155 128 128 138 129 113 119 142 137 170 
319 331 351 342 329 326 324 327 335 358 38 53 50 69 74 54 34 55 59 57 72 88 97 103 99 105 112 109 106 104 104 89 86 84 42 339 335 2 24 36 40 44 53 56 45 56 58 50 47 51 42 34 51 55 49 54 68 69 62 291 256 235 285 22 43 54 83 97 103 95 90 92 105 102 114 136 131 106 85 66 326 274 265 256 262 265 266 264 251 204 133 116 118 135 134 123 129 151 144 161 
341 334 345 341 329 322 302 295 309 46 64 53 46 67 77 77 74 77 69 61 72 77 70 64 78 91 96 97 103 110 122 108 96 84 337 328 351 12 36 52 56 60 66 58 38 51 56 50 48 49 49 50 66 70 67 71 80 79 68 72 228 226 239 218 90 102 97 98 107 104 90 87 97 99 96 105 108 92 72 67 329 274 261 254 263 265 260 244 202 182 158 122 114 127 123 118 122 138 128 141 
8 317 315 325 324 315 296 288 310 18 45 59 69 86 97 119 135 117 102 87 79 74 65 70 87 97 92 83 80 83 99 110 102 65 309 313 6 33 62 77 77 76 72 52 37 52 56 43 41 47 53 59 70 70 66 86 101 106 107 113 205 240 245 245 97 112 106 102 114 126 111 95 97 105 103 107 111 104 87 78 5 257 257 265 268 265 256 238 199 181 172 129 120 132 125 122 133 135 119 125 
94 241 266 285 300 295 283 267 256 323 91 98 101 96 90 86 103 117 116 106 91 86 86 102 114 121 118 96 90 85 78 76 54 352 330 336 18 45 71 79 74 74 69 54 50 63 61 45 53 66 70 71 76 75 67 80 87 80 74 86 221 259 253 237 113 106 104 99 105 118 123 111 103 104 108 116 118 106 76 62 54 261 263 276 279 272 260 250 238 171 147 132 130 133 124 128 154 154 130 130 
117 217 248 258 264 268 254 221 212 190 133 118 110 96 80 66 79 91 91 82 84 82 79 91 104 118 115 104 104 96 63 48 16 342 338 357 45 67 77 68 46 50 55 52 65 79 74 66 81 90 89 84 85 80 63 68 64 48 49 73 124 247 231 203 158 135 114 101 98 100 110 116 105 101 103 110 109 91 55 55 70 270 269 277 280 274 258 245 228 169 138 130 135 133 121 124 146 149 138 137 
