data/Revelstoke/Fire1/slope.asc
ncols 100
nrows 44
xllcorner -1620000
yllcorner 438000
cellsize 100
NODATA_value -9999
41 44 47 45 37 33 24 18 23 36 45 46 43 39 34 33 33 31 28 38 44 41 38 45 59 64 58 53 54 57 49 40 34 33 36 34 32 29 9 0 24 39 33 27 43 56 52 48 69 76 59 74 61 44 52 66 65 54 70 64 38 51 70 51 28 33 29 9 3 24 35 39 71 79 59 53 69 78 59 83 94 69 73 78 44 4 6 17 18 14 16 21 21 23 23 21 24 36 38 26 
39 36 30 28 26 25 22 21 28 38 45 47 45 41 42 44 43 42 39 44 53 48 40 40 42 40 35 28 22 28 39 42 37 34 36 37 41 34 18 7 28 36 27 29 41 50 42 56 71 66 64 92 76 37 55 64 53 51 68 61 30 56 69 38 27 33 30 9 12 28 30 30 66 76 54 55 64 61 53 83 92 75 89 92 42 6 8 16 15 14 14 20 17 20 21 21 26 37 36 23 
40 42 44 45 40 30 25 27 29 29 30 32 32 33 38 40 40 41 40 44 57 66 65 63 61 57 52 39 23 19 25 31 31 28 29 34 43 32 29 13 31 37 24 27 43 50 36 59 67 56 63 99 91 37 50 51 32 36 60 65 38 60 65 33 26 35 31 10 18 32 25 24 60 74 55 73 78 55 43 64 72 65 110 105 33 4 7 15 15 17 23 23 15 19 22 21 28 36 30 18 
45 46 48 49 47 45 46 48 47 41 38 37 33 32 31 28 27 27 27 30 39 55 63 60 54 52 60 62 53 49 45 41 38 33 36 44 41 26 33 16 33 41 28 31 46 47 31 54 61 51 67 95 86 52 58 53 33 38 59 65 48 65 64 36 28 35 30 9 22 35 24 26 62 79 61 81 73 42 42 64 71 61 109 104 31 3 2 10 13 16 24 23 20 24 28 27 37 36 24 19 
43 37 32 33 37 44 49 51 48 42 35 35 37 41 41 38 36 32 26 23 24 27 32 34 33 33 46 60 63 62 53 45 42 46 62 72 55 44 35 17 31 38 24 32 44 37 27 51 58 44 71 84 71 65 71 56 30 50 65 57 53 73 66 34 32 37 25 4 21 34 29 45 77 78 59 80 75 47 52 81 91 84 99 87 31 6 3 2 10 15 20 17 20 25 28 28 36 30 19 20 
74 64 44 37 37 38 42 44 41 36 28 28 32 38 39 38 38 37 34 32 34 37 42 44 38 31 34 42 45 46 45 40 39 48 68 70 55 64 36 19 29 34 25 37 43 31 24 49 57 37 67 76 58 63 83 67 35 58 65 52 52 75 67 31 34 34 13 2 21 33 35 66 81 64 56 82 83 60 84 119 114 94 84 61 25 3 3 6 9 17 20 18 18 21 24 23 30 27 18 18 
83 84 73 63 60 61 65 65 63 49 31 27 26 28 28 30 34 34 34 35 35 37 40 47 51 50 50 52 55 51 44 38 41 52 62 50 50 74 37 25 30 33 27 39 46 30 28 48 48 30 59 74 58 63 94 80 41 60 66 53 52 73 67 32 35 28 8 3 21 35 44 82 86 64 63 88 88 64 106 128 94 64 44 29 12 9 10 11 16 23 27 28 29 32 29 24 29 27 18 17 
61 66 66 62 59 57 57 56 66 66 51 48 48 49 45 40 37 35 29 25 24 24 26 35 45 52 51 49 49 54 56 60 70 85 84 61 67 76 38 29 29 29 26 41 47 29 33 44 31 23 50 65 56 66 94 82 58 74 74 55 59 72 60 34 34 24 8 2 21 42 55 94 97 69 68 102 108 90 122 112 52 30 19 15 9 13 16 18 21 27 27 26 29 31 28 25 29 27 19 20 
56 55 46 42 39 36 36 31 45 58 58 56 55 54 54 59 57 52 49 44 38 33 33 34 32 32 32 29 32 42 55 67 76 83 74 55 82 76 43 38 30 25 27 43 47 28 31 34 21 21 43 52 47 74 88 67 62 85 84 60 77 73 48 37 36 23 7 3 16 47 61 104 108 67 87 123 108 89 107 81 34 20 14 10 5 13 15 16 20 26 21 17 21 22 21 24 29 24 17 20 
70 78 77 74 69 58 43 33 40 45 48 47 43 41 45 54 58 52 50 47 44 42 46 51 51 49 47 37 35 36 36 40 52 58 41 40 77 64 40 36 28 23 40 55 47 29 28 29 22 21 36 42 37 77 87 58 58 82 83 64 87 73 40 36 39 25 6 5 15 52 64 109 117 70 104 111 74 76 79 50 23 15 12 8 9 18 19 19 24 26 21 19 22 22 20 24 26 19 13 18 
60 72 76 74 70 67 62 61 67 74 79 74 55 43 41 39 43 34 34 33 33 35 40 46 51 52 56 56 53 49 48 52 65 63 42 57 71 50 34 31 28 28 53 56 37 23 20 24 23 25 31 32 32 73 90 66 71 88 77 58 84 77 41 34 40 30 8 5 19 59 68 108 114 69 106 100 66 81 71 40 16 14 13 8 15 23 21 18 21 21 20 19 24 25 23 29 28 23 17 18 
28 37 43 43 44 50 58 63 67 74 79 84 84 75 65 61 63 56 45 36 33 30 26 22 26 33 43 52 54 52 53 57 68 54 48 71 82 70 63 58 44 38 54 43 20 10 11 22 26 31 29 24 28 67 87 71 84 86 67 65 94 93 51 43 43 29 9 1 25 59 69 102 103 73 100 98 76 93 76 32 14 15 17 14 19 23 16 11 16 19 18 16 23 25 21 27 24 22 23 25 
23 32 36 37 38 40 39 39 41 43 46 57 74 77 70 69 72 72 63 54 53 49 41 29 21 24 30 35 41 46 49 52 57 37 43 63 73 66 66 73 72 68 63 43 23 13 13 27 28 33 28 21 27 54 70 70 96 99 84 76 104 106 60 60 47 22 12 2 29 50 72 94 88 80 103 98 73 107 86 23 13 10 15 20 24 25 19 17 19 20 17 18 24 23 17 25 23 16 21 28 
17 22 29 28 32 38 42 43 43 38 38 41 43 44 46 54 57 64 63 56 52 49 46 41 37 38 41 44 52 65 67 58 51 35 38 54 57 40 39 51 65 69 57 39 27 25 31 35 30 36 34 26 31 43 46 47 72 74 60 63 103 104 58 69 54 24 19 1 28 42 71 88 83 92 114 104 79 118 91 22 16 5 7 13 19 21 16 15 19 21 20 24 28 23 20 29 26 16 19 20 
25 12 17 24 28 30 31 32 34 34 35 39 43 44 44 46 51 59 58 47 40 35 35 39 41 42 40 40 45 57 60 55 46 39 45 62 69 46 38 35 35 36 33 27 24 27 35 33 30 38 36 25 31 35 37 50 77 82 61 71 105 91 54 62 51 26 24 6 23 38 66 76 70 98 118 103 96 127 92 48 34 10 10 8 11 15 10 9 16 20 18 24 26 21 20 26 25 18 22 25 
35 17 4 3 6 8 9 11 15 22 26 28 31 32 34 40 50 65 75 78 74 52 39 41 36 26 22 26 33 36 32 37 35 33 39 55 71 67 63 60 58 58 50 38 31 33 30 25 26 34 30 19 25 26 33 53 84 86 54 81 96 63 53 61 53 28 29 12 16 30 63 68 52 95 115 97 107 132 101 80 65 26 20 15 12 14 11 13 19 19 14 22 24 18 15 21 25 19 22 25 
63 45 44 37 29 22 14 7 11 12 14 14 14 17 20 28 37 50 64 74 87 87 79 77 73 62 54 47 39 33 24 21 21 20 24 35 50 59 66 66 65 60 59 59 57 51 41 36 32 30 26 16 21 24 31 45 84 93 60 83 74 49 61 72 64 38 37 17 11 23 59 66 50 91 110 93 103 121 96 88 85 36 20 18 14 11 13 19 24 21 18 25 25 16 15 21 23 18 21 21 
77 58 54 45 37 35 36 28 22 21 17 10 3 11 13 13 12 17 28 35 53 74 77 75 77 77 71 63 55 51 46 45 40 31 26 27 35 38 42 45 44 40 45 56 58 50 43 39 35 28 20 10 19 27 30 42 72 76 63 85 73 47 54 70 68 53 53 31 4 17 48 64 57 89 108 103 112 120 100 94 99 49 14 11 12 12 14 24 25 21 21 27 24 17 21 24 21 19 26 24 
75 53 48 44 37 38 42 44 45 41 35 24 14 4 8 12 13 15 18 20 25 34 39 42 48 52 51 51 51 50 47 47 43 40 37 35 42 53 62 63 54 48 45 42 42 42 39 35 31 28 21 11 21 30 26 47 66 56 55 75 77 67 69 71 67 60 67 50 10 8 31 51 55 81 98 97 111 114 103 108 129 100 41 16 12 13 14 23 25 16 16 23 22 16 21 22 19 21 31 28 
84 87 85 68 48 44 42 37 34 36 38 30 24 19 11 3 5 6 1 5 12 14 6 5 21 38 45 42 35 27 24 25 29 35 38 36 42 53 61 68 71 69 65 59 55 51 38 30 28 25 23 19 25 29 21 43 57 48 53 70 73 72 83 82 79 83 94 83 38 8 14 35 43 68 80 76 102 99 87 100 131 128 67 31 22 19 19 24 25 17 18 23 20 15 19 20 15 21 33 27 
62 73 90 92 79 75 76 77 68 57 49 42 36 31 23 16 15 13 14 19 28 34 35 31 21 5 12 27 41 43 36 29 29 33 36 33 35 36 35 42 55 62 61 56 50 49 43 34 32 30 30 32 31 23 15 35 46 36 37 51 50 47 65 69 66 74 98 103 67 38 7 22 37 65 76 73 107 93 58 67 115 135 78 44 28 20 20 23 23 18 23 26 20 17 21 21 13 24 32 22 
29 23 44 65 72 76 77 78 80 82 70 59 51 42 32 26 21 16 14 15 19 15 15 27 35 34 24 17 21 32 38 39 39 44 51 56 52 41 37 36 34 36 39 40 41 44 46 42 35 29 29 34 34 27 21 29 37 29 39 46 40 39 53 54 41 43 75 90 71 58 30 4 24 54 69 73 115 113 80 84 131 156 105 74 42 18 15 16 19 18 24 25 19 18 23 20 14 28 31 18 
47 29 24 26 29 37 38 33 41 61 63 53 52 43 33 35 36 34 32 32 32 22 13 16 25 30 31 33 27 13 12 29 39 42 45 47 47 46 46 45 44 48 51 46 46 48 44 41 36 26 20 25 31 35 36 32 24 19 43 46 35 39 55 59 46 48 65 76 74 71 47 12 11 35 51 60 98 112 90 80 117 155 152 142 92 35 23 19 21 19 24 24 17 18 23 18 16 31 31 20 
80 78 66 53 46 41 33 27 27 41 48 40 46 40 35 39 45 47 46 48 44 37 35 34 34 36 42 44 33 26 24 13 18 21 24 20 20 26 31 31 34 41 51 56 58 61 60 58 52 43 32 31 32 33 35 30 15 7 36 43 31 31 48 54 46 53 58 69 85 96 75 31 1 20 35 41 67 83 70 67 83 107 128 159 131 43 24 26 27 23 26 25 17 20 24 17 17 30 29 20 
63 82 84 75 67 62 48 31 30 43 45 38 46 46 44 42 42 42 42 42 40 43 51 52 48 44 49 56 49 43 46 36 22 12 9 21 20 16 13 12 13 15 25 38 48 51 53 58 56 55 56 56 55 56 56 46 29 9 26 38 26 27 40 42 39 48 44 43 67 91 87 58 32 2 27 42 60 71 64 73 74 67 77 150 142 36 15 21 22 20 23 22 14 21 27 20 20 30 29 21 
22 40 53 55 56 66 69 48 41 45 33 26 36 48 57 61 61 59 57 51 49 50 45 41 42 42 47 53 52 50 54 49 38 36 25 6 3 9 12 16 19 19 17 18 27 31 29 41 44 44 55 59 58 57 53 54 52 39 27 31 24 35 40 32 34 45 42 22 48 75 72 65 53 27 8 29 48 57 59 73 77 71 91 177 144 26 10 12 11 13 17 17 11 23 28 19 18 28 29 24 
16 27 42 49 52 62 74 63 60 51 24 18 27 48 63 70 69 63 66 74 77 70 58 48 43 43 47 50 47 45 45 38 30 35 36 28 21 15 12 6 9 11 17 24 31 35 33 39 41 39 40 38 38 35 32 41 48 50 38 26 23 37 38 27 30 44 46 25 38 59 65 63 65 45 11 15 36 40 45 62 69 63 108 189 158 94 41 12 12 14 14 13 12 24 27 16 16 25 28 25 
4 7 13 21 30 48 67 59 60 52 31 32 44 55 58 57 54 45 53 62 59 52 50 44 36 39 46 51 51 58 57 43 36 35 33 26 23 20 18 15 16 13 10 15 26 36 36 44 48 51 49 47 41 30 24 28 29 32 32 28 27 32 35 24 25 38 45 34 34 37 45 63 87 73 30 4 27 32 31 48 54 46 99 152 135 111 69 17 12 15 15 15 17 28 30 18 16 23 27 28 
10 16 22 23 31 59 74 58 45 33 40 64 85 86 79 68 59 45 44 28 17 16 28 30 24 29 39 44 44 56 62 51 44 45 43 36 33 28 17 15 18 19 23 24 11 20 30 41 49 49 45 37 28 22 22 28 34 38 36 31 27 26 31 23 24 30 34 37 44 35 19 30 72 86 55 16 14 27 32 47 51 45 95 129 106 98 66 16 11 16 19 20 24 31 30 18 18 24 27 28 
14 25 31 32 40 60 61 50 32 18 47 73 85 73 59 60 65 54 43 32 31 31 32 29 28 27 33 40 42 52 54 45 44 44 44 42 45 40 32 36 33 31 34 43 31 10 5 18 29 33 32 26 18 19 23 28 32 36 36 31 29 26 25 23 27 26 21 32 50 44 18 23 46 66 61 33 4 18 32 44 49 52 104 138 113 109 68 12 10 17 19 17 23 28 25 17 24 28 25 28 
21 33 31 22 39 52 43 42 23 35 57 67 56 36 28 39 48 47 46 49 58 69 74 73 72 70 68 66 57 61 58 43 43 40 39 42 51 45 41 42 39 38 40 53 54 45 39 29 16 8 11 28 26 20 18 18 20 24 26 27 29 24 17 20 28 24 15 23 43 46 32 33 40 49 53 42 16 7 25 38 42 51 104 135 116 141 97 21 18 24 27 24 27 28 24 20 26 27 20 29 
28 30 22 11 35 38 24 44 62 84 97 97 77 57 47 48 43 40 50 64 71 77 85 81 76 75 71 70 71 78 74 61 66 67 64 56 56 44 34 30 29 32 35 47 54 51 50 45 35 34 25 1 23 32 28 22 20 22 22 23 19 15 9 13 29 28 15 22 34 37 36 45 42 37 46 47 27 9 11 27 33 44 91 118 101 145 111 26 20 22 27 25 30 34 31 27 30 30 28 32 
19 10 14 17 30 30 40 60 85 103 105 96 85 88 90 94 100 107 100 80 66 58 49 42 41 44 48 54 63 73 68 58 62 63 64 63 57 49 46 45 44 40 39 46 47 43 48 44 26 27 34 29 16 23 28 22 21 24 27 27 23 19 12 5 28 33 18 25 32 28 31 45 42 32 46 51 33 21 4 16 30 46 77 105 108 140 110 34 13 10 24 20 27 32 27 25 29 31 29 32 
53 54 61 60 46 38 52 66 84 87 75 61 58 76 87 89 92 100 99 85 68 68 71 70 64 50 42 43 53 62 49 40 41 38 41 58 45 38 43 43 46 45 39 40 43 43 53 52 32 32 36 41 38 11 18 23 22 22 21 20 21 21 19 18 25 33 25 32 32 23 25 38 35 26 43 51 36 25 16 5 25 50 65 91 116 137 125 59 26 18 24 19 28 31 19 17 23 25 23 25 
82 72 79 95 97 98 107 110 105 83 58 53 58 63 70 67 52 45 50 60 52 56 65 68 70 67 48 38 56 65 54 50 46 39 37 55 33 25 28 29 32 33 30 30 28 29 47 58 53 50 50 53 58 45 12 25 29 20 6 6 14 17 17 22 25 31 29 36 32 18 18 28 29 23 39 52 46 35 24 7 21 50 57 70 97 130 132 68 26 20 18 11 27 32 23 22 24 23 22 24 
63 52 59 81 104 111 103 92 82 76 82 92 86 71 67 67 57 43 35 35 29 27 26 25 35 57 61 49 56 57 48 51 57 48 40 44 42 49 40 32 29 25 28 26 17 19 35 46 46 45 44 45 59 72 55 24 6 25 20 10 12 15 14 12 15 26 27 34 26 12 14 19 21 16 28 46 53 52 36 11 19 47 54 56 82 130 126 62 20 8 9 11 27 32 26 32 32 27 25 21 
36 49 53 49 50 45 37 42 58 68 80 77 54 32 33 35 28 30 32 28 25 24 22 24 24 31 47 53 62 51 35 42 58 54 45 23 42 52 51 42 40 39 42 39 28 24 29 28 21 32 34 27 35 59 64 51 33 16 36 26 17 14 14 16 20 24 22 27 24 16 18 18 16 11 15 28 41 63 51 13 16 46 53 55 106 139 99 52 28 16 16 23 34 35 31 39 36 24 21 12 
8 30 16 12 17 29 35 47 59 51 36 16 8 14 29 25 15 30 34 26 24 22 17 18 23 19 25 40 59 51 35 51 62 50 48 11 33 26 37 39 38 40 43 46 41 32 31 31 26 34 36 26 25 38 43 37 51 35 16 32 22 6 5 8 12 13 15 22 23 18 26 22 13 11 14 21 31 63 57 14 13 47 58 57 115 131 76 46 32 25 23 31 36 32 28 37 30 14 15 6 
15 17 1 7 26 42 56 71 68 47 30 18 13 17 26 23 16 30 36 29 28 27 21 18 22 15 19 34 47 44 31 57 68 49 44 18 36 20 26 31 30 31 33 34 33 32 32 29 26 35 40 35 39 40 38 41 57 54 20 26 31 4 5 9 12 14 17 22 19 15 31 28 12 18 27 32 37 56 51 17 7 50 63 55 108 123 77 39 18 15 18 30 32 24 25 36 30 19 20 15 
25 27 30 35 41 43 53 60 47 30 27 23 16 21 24 19 18 31 39 35 37 35 23 15 18 18 23 36 44 40 27 50 70 50 31 51 51 36 35 36 34 32 33 29 22 29 31 25 22 28 34 35 46 45 33 36 55 56 37 13 34 12 6 6 10 12 24 26 15 13 32 32 11 26 37 31 32 41 37 21 8 49 59 54 104 122 83 40 12 7 14 28 30 23 28 39 34 23 26 32 
41 36 35 37 38 35 40 32 11 5 18 24 21 27 25 13 9 22 31 33 47 43 24 18 20 22 23 38 46 41 30 45 68 40 31 55 44 35 33 33 30 29 31 28 22 30 33 26 23 23 25 26 41 43 29 31 54 52 35 10 28 30 17 1 8 11 29 28 13 12 30 34 13 29 40 25 22 26 27 25 8 42 46 53 106 126 82 42 24 24 22 28 30 22 29 37 27 15 29 45 
27 18 19 24 26 25 30 24 7 7 15 21 21 31 30 16 14 20 23 24 45 45 26 21 26 25 20 38 47 42 34 47 57 20 41 42 24 23 30 33 24 28 28 23 21 29 33 28 28 27 24 24 39 45 33 39 60 49 29 29 21 37 25 7 11 16 29 28 15 17 26 30 20 31 40 27 21 19 19 25 1 34 43 54 105 121 76 42 22 21 19 27 32 25 34 37 22 17 41 49 
18 10 21 20 15 17 21 17 7 1 11 20 23 33 30 16 15 20 21 19 38 42 27 29 35 25 17 33 45 42 40 48 43 50 66 48 31 28 36 37 23 27 26 18 17 25 28 24 27 27 23 22 36 42 34 54 64 41 29 35 5 37 27 14 13 21 26 25 18 22 25 24 25 37 41 27 19 13 13 22 13 24 48 67 105 104 67 40 14 4 14 31 33 27 38 40 31 37 56 51 
24 14 28 26 14 16 15 15 17 13 17 23 23 27 25 18 23 21 14 16 35 40 30 41 37 18 14 34 46 32 31 48 51 59 48 24 21 30 39 35 28 33 31 21 17 22 22 18 27 28 20 21 33 37 29 58 68 49 45 52 10 40 29 25 26 24 23 22 19 26 23 19 25 41 40 23 13 7 7 16 22 15 54 85 103 81 57 43 24 15 26 34 29 29 40 43 38 49 57 41 
