data/CentralKootenay/aspect.asc
ncols        779
nrows        635
xllcorner    -1620000.000000000000
yllcorner    438000.000000000000
cellsize     100.000000000000
NODATA_value -9999
[rows 336 to 377 of 635, columns 94 to 187 of 779]
179 188 202 205 195 193 210 184 130 123 140 160 183 193 162 127 141 165 176 191 164 143 167 181 181 176 152 170 201 204 204 190 184 171 147 171 224 210 182 188 209 199 170 187 196 193 193 199 212 211 210 214 201 178 120 70 13 0 0 357 344 40 59 49 51 46 28 16 21 14 22 33 5 291 282 316 343 13 40 34 324 286 275 269 263 266 269 266 260 250 213 136 119 101
169 197 214 192 195 215 206 170 132 122 137 156 178 197 182 133 135 162 181 198 170 129 131 166 186 189 157 160 190 200 201 188 189 180 160 179 206 192 185 193 203 194 167 182 201 201 207 223 227 215 222 227 219 225 259 6 0 348 344 353 357 50 64 51 46 40 20 13 21 19 17 37 34 306 283 295 323 14 41 36 2 293 260 253 251 262 263 247 230 230 214 130 93 85
167 196 205 185 209 233 213 147 105 97 103 126 169 205 193 143 136 159 178 191 181 162 140 153 185 190 166 149 178 204 205 190 190 179 161 179 198 187 190 195 193 186 176 190 209 215 233 249 241 238 255 263 268 272 281 323 346 340 334 357 37 77 69 39 31 26 14 14 18 23 20 49 55 317 288 286 297 14 48 40 23 1 257 246 240 243 238 218 213 219 215 182 120 103
156 184 192 190 211 218 199 181 133 97 91 97 132 216 196 148 136 147 165 184 184 174 155 153 174 184 182 165 168 198 202 190 192 184 155 167 197 191 190 197 195 187 185 219 242 248 261 267 269 271 272 275 276 270 251 226 250 288 295 121 114 107 73 32 33 30 22 28 21 16 16 38 42 342 299 286 290 0 54 46 30 31 342 250 235 231 223 209 211 222 218 197 166 122
135 160 190 199 210 211 201 193 177 129 105 99 121 203 193 154 141 138 148 175 185 173 162 158 159 176 188 176 168 190 197 187 191 187 172 173 194 194 189 218 238 252 287 287 287 292 283 282 294 296 284 281 269 244 229 232 253 249 182 150 126 112 79 50 58 54 41 43 25 354 7 35 36 0 311 297 293 333 37 32 27 46 68 223 233 236 233 221 221 234 227 198 188 164
138 137 197 210 208 214 212 194 190 165 128 107 111 186 187 164 163 157 156 175 186 169 165 165 154 166 191 185 167 179 191 185 190 187 182 198 225 237 268 286 300 325 328 313 303 305 295 294 299 298 285 281 260 241 253 276 279 258 142 147 134 110 61 46 56 48 28 30 11 343 1 35 35 14 315 301 299 305 13 30 35 56 71 131 216 225 226 219 230 246 236 200 196 202
155 152 189 201 199 209 210 187 190 186 147 121 107 143 170 164 168 165 160 177 185 169 171 175 169 172 190 190 171 171 187 189 197 199 223 269 290 314 321 309 309 324 324 323 323 323 310 305 311 306 294 289 332 276 277 288 286 300 105 121 136 148 127 18 23 16 5 2 356 353 7 26 27 14 325 304 311 305 336 32 45 62 68 72 166 223 228 218 229 231 207 188 187 208
159 157 186 196 191 196 198 183 186 187 169 153 126 117 137 152 161 164 160 173 176 166 173 181 177 176 194 198 192 221 299 255 240 267 287 291 302 313 307 297 297 310 305 309 321 323 310 303 309 301 291 275 253 286 286 293 293 104 106 109 128 170 216 295 334 353 355 342 346 358 15 22 15 6 341 330 336 336 344 32 63 80 84 84 100 222 233 218 221 212 192 186 192 212
157 148 185 189 181 188 190 181 183 184 176 175 168 154 150 156 163 168 171 175 163 146 165 195 187 191 238 253 280 309 349 18 349 297 295 291 301 320 313 307 300 301 297 294 301 308 304 296 296 288 280 255 247 275 283 290 307 87 99 109 129 173 235 279 302 328 333 311 326 4 19 17 8 0 338 331 334 352 38 110 115 108 107 112 112 191 231 221 218 209 196 196 206 218
177 153 182 183 171 182 184 180 184 182 167 170 176 173 166 159 166 177 182 185 177 170 216 288 247 297 316 329 315 311 350 47 40 279 277 275 281 303 305 313 321 318 313 309 306 308 314 313 304 286 291 332 305 273 270 274 305 63 69 84 108 161 225 245 255 256 279 289 312 6 12 11 9 356 320 301 304 24 95 121 126 113 110 121 121 167 214 205 201 199 202 211 212 218
195 166 177 183 175 178 177 186 190 177 157 151 176 196 182 159 163 199 220 213 225 301 327 356 346 335 339 344 335 328 9 69 72 269 263 263 264 269 278 292 315 315 312 315 311 296 305 322 320 296 297 343 353 284 264 263 281 48 58 77 100 138 214 234 230 209 247 270 285 348 358 2 10 6 345 299 279 94 100 106 106 98 98 111 115 148 203 196 196 199 205 212 206 211
207 170 174 182 178 178 176 196 198 177 167 108 357 315 230 303 340 353 352 354 343 329 336 350 337 333 343 347 346 356 43 74 74 270 259 260 262 261 265 268 269 258 254 258 264 262 250 226 229 260 279 325 11 330 269 263 275 15 58 77 91 112 199 237 225 197 237 249 244 250 306 343 11 19 10 324 250 128 109 102 98 101 99 99 99 115 194 192 199 208 208 215 217 224
214 175 173 184 189 196 225 273 268 303 325 345 359 355 353 353 357 357 356 357 347 337 342 344 328 324 339 347 1 37 62 76 76 273 268 269 263 256 256 243 215 208 222 225 216 224 214 205 215 249 267 294 13 26 284 268 274 334 61 71 71 71 121 223 215 199 233 235 221 218 228 245 342 41 29 7 126 118 109 106 99 96 85 75 78 87 149 178 194 212 211 232 247 254
222 210 291 335 350 348 331 333 334 331 327 341 358 347 349 4 9 0 356 358 349 345 348 347 339 339 351 7 34 62 73 83 83 276 273 272 262 251 245 228 205 214 230 225 212 225 237 258 283 287 283 286 0 40 316 284 283 316 60 68 68 64 85 183 209 203 224 224 208 208 217 222 221 141 45 58 90 96 99 109 104 97 85 78 80 87 111 151 180 204 208 232 245 245
257 281 310 336 0 0 344 342 341 330 332 345 354 346 349 19 21 359 356 1 343 340 344 344 342 350 9 39 66 83 87 86 83 284 266 261 253 244 241 243 246 263 266 256 250 264 276 290 293 294 287 276 316 18 354 303 291 321 51 73 80 80 90 126 207 208 226 228 212 218 226 225 221 216 155 131 137 124 109 106 109 116 125 115 102 99 107 122 155 201 214 239 244 233
299 287 290 313 356 357 348 341 337 320 330 350 351 359 6 17 16 0 359 7 343 327 333 333 340 8 40 70 85 95 99 97 80 331 292 286 287 293 300 301 298 286 286 297 301 288 282 280 275 274 270 264 279 344 9 311 287 303 93 99 102 100 93 105 204 222 243 247 238 252 256 235 225 228 177 128 138 146 135 106 105 120 144 143 122 107 108 111 122 206 244 259 253 230
307 279 280 297 344 349 348 336 324 302 314 341 348 11 18 18 17 359 357 9 357 340 341 345 358 36 65 85 93 99 100 98 43 328 305 301 308 308 315 331 326 301 292 296 302 296 286 277 270 265 257 264 277 308 15 322 286 292 100 99 101 105 93 96 185 225 243 245 238 246 244 227 234 246 191 107 112 136 164 119 99 109 137 142 138 128 123 124 127 183 243 254 244 222
333 268 265 270 305 330 342 352 336 297 304 327 347 35 31 26 21 349 348 7 1 349 346 3 37 70 86 95 102 116 99 76 341 320 296 292 296 290 297 331 333 308 298 295 293 295 291 280 270 258 243 260 274 297 357 338 293 24 90 93 93 94 90 91 135 233 249 243 229 232 232 218 221 241 207 105 105 120 167 151 101 96 110 119 128 134 129 134 131 159 233 233 215 200
36 262 258 255 253 283 314 355 350 304 302 326 1 35 29 29 25 339 327 359 5 358 0 52 88 103 113 113 113 123 98 23 334 330 316 311 308 290 291 324 331 305 299 297 285 285 288 279 265 253 243 258 264 275 323 350 312 59 97 104 106 102 94 88 95 250 257 239 227 232 235 222 227 251 226 106 104 122 161 167 129 103 100 109 117 124 120 138 135 136 227 225 205 193
58 286 265 260 253 264 276 323 344 307 296 312 357 27 23 21 15 353 334 351 15 22 45 91 108 120 117 116 112 100 56 330 316 316 314 316 318 298 294 322 333 322 317 305 285 285 289 281 271 262 260 264 263 262 280 346 331 96 96 103 118 110 95 87 88 249 251 230 232 243 244 235 253 266 241 105 102 114 147 159 151 131 121 121 135 149 139 160 170 132 214 226 207 194
63 325 281 267 256 264 268 280 308 301 286 281 314 14 26 19 7 359 341 358 53 87 119 120 123 134 119 107 96 52 5 310 282 278 281 287 295 290 289 306 313 319 333 323 297 290 293 292 294 289 282 277 275 272 273 320 104 137 108 103 116 113 102 91 90 210 236 216 220 237 238 236 248 252 215 106 97 100 119 132 141 139 132 124 131 151 145 169 188 156 189 206 192 191
66 315 287 272 257 260 258 249 256 265 258 250 266 325 32 14 2 11 355 68 103 115 125 129 130 133 111 72 13 4 3 354 322 275 266 263 262 264 263 262 274 289 323 323 308 302 300 289 294 303 299 289 289 303 305 43 115 136 120 105 106 106 105 97 92 137 226 221 230 245 240 238 241 234 206 120 106 106 114 123 128 126 121 115 118 133 133 159 184 167 179 193 185 194
72 289 273 269 262 259 253 238 242 244 242 246 256 276 8 14 29 63 86 108 114 118 112 113 115 90 44 3 353 3 9 6 2 302 263 244 246 251 240 231 250 260 269 280 283 284 286 280 284 293 292 283 278 284 294 121 119 117 110 108 118 108 100 95 93 108 220 236 248 251 238 239 239 226 207 125 110 109 108 117 132 140 131 126 128 132 125 137 171 167 168 182 182 194
58 319 269 259 267 269 261 249 256 261 261 259 260 264 298 68 113 150 154 127 119 122 105 88 63 35 351 339 348 13 23 20 14 347 282 244 248 246 229 225 235 229 214 230 244 248 259 274 282 289 287 281 272 262 183 109 104 98 102 106 119 121 117 111 104 110 190 223 229 230 224 233 239 230 204 118 102 101 101 106 120 138 126 124 134 133 124 128 159 164 153 163 176 186
38 359 291 261 264 265 253 246 257 260 254 257 263 260 248 109 108 136 148 133 117 105 82 57 24 0 339 339 359 24 34 26 9 13 12 275 257 248 238 241 245 240 229 246 255 257 263 272 281 294 295 296 293 275 147 102 96 100 105 106 102 111 121 124 117 118 167 216 220 212 205 221 231 211 190 126 100 97 97 97 103 116 104 102 114 120 111 96 51 4 24 33 16 2
22 15 350 282 267 261 248 245 251 250 245 260 271 268 249 107 97 95 97 102 90 58 44 34 5 348 332 336 11 40 41 23 7 18 22 348 294 267 262 267 272 278 286 278 275 274 272 276 284 299 293 283 274 238 153 120 115 111 109 112 105 103 112 123 114 122 162 204 213 202 203 226 231 202 192 147 110 105 110 113 117 123 104 95 89 81 51 12 359 353 1 12 8 4
23 24 15 319 274 271 269 260 258 259 261 270 274 274 264 85 74 48 53 48 31 28 28 20 350 338 324 329 32 56 50 26 15 18 21 4 337 313 300 292 286 284 290 282 278 282 288 290 290 277 250 237 230 195 157 131 119 117 117 127 129 113 114 129 113 126 184 162 197 205 216 239 238 208 202 150 125 120 114 115 122 126 103 68 31 17 2 356 357 356 358 7 13 8
23 15 6 2 319 281 270 275 275 269 265 267 267 261 261 65 57 34 40 32 19 18 15 5 348 345 343 348 35 60 57 32 23 17 19 9 340 326 324 308 292 281 281 282 281 288 284 273 238 211 218 229 231 202 155 138 126 119 121 132 135 122 114 119 105 117 186 148 171 202 210 234 238 217 218 131 117 122 107 100 101 100 68 19 6 3 359 355 352 355 1 4 12 14
23 10 1 8 3 309 272 273 270 256 250 259 258 248 256 344 42 32 38 35 17 14 14 356 342 349 2 17 51 63 42 18 13 15 21 11 338 315 319 316 291 272 269 270 271 273 263 234 204 208 223 228 223 220 147 100 109 110 110 123 127 125 116 101 92 98 163 140 139 197 211 231 232 215 214 142 107 105 98 92 76 41 9 354 352 355 3 357 334 339 0 9 13 21
28 9 358 17 29 6 291 269 263 254 252 254 251 241 258 295 5 21 39 43 19 16 19 349 326 340 22 53 69 54 24 18 16 23 27 12 349 321 316 327 315 273 267 270 264 253 247 227 210 215 227 229 221 238 265 69 76 87 97 108 112 124 140 112 92 92 116 122 99 164 223 238 235 223 224 166 88 70 67 54 20 5 0 356 357 358 4 5 324 310 350 23 23 22
15 6 5 25 33 24 340 275 272 272 270 264 251 239 256 274 323 15 43 41 15 12 9 0 335 333 36 67 63 31 22 30 34 36 27 14 354 325 321 335 347 334 302 277 248 239 236 216 201 221 246 249 241 252 243 104 94 100 99 92 98 112 150 153 131 107 106 134 103 110 221 242 245 242 249 265 49 44 46 32 8 2 2 357 5 3 356 5 349 328 345 25 27 12
2 5 11 22 26 25 14 302 273 265 269 267 255 249 259 261 258 320 54 45 18 17 9 5 347 343 34 51 35 22 28 31 38 37 21 15 356 322 317 326 341 347 343 325 224 227 222 205 198 227 245 245 248 256 235 132 109 107 104 92 93 101 127 141 152 141 105 119 112 103 196 238 235 231 245 263 4 22 35 27 4 4 9 358 4 1 352 3 2 350 353 7 13 6
348 352 5 22 29 30 22 337 275 257 259 257 254 254 257 253 245 255 51 48 30 30 19 358 337 347 40 49 34 27 26 22 30 19 1 6 10 339 311 316 324 334 9 42 92 217 219 212 204 231 243 245 258 261 213 138 110 101 102 98 93 96 106 108 138 180 121 114 127 104 147 236 229 229 244 254 285 341 14 11 0 11 19 2 0 0 351 4 12 4 358 348 0 8
342 336 353 36 48 43 32 22 284 259 260 259 255 250 252 247 234 241 268 29 26 33 27 359 315 343 60 59 46 32 20 23 25 7 350 4 24 2 320 325 332 324 20 56 74 180 237 232 219 248 259 263 267 262 173 128 108 99 95 93 92 96 106 104 122 187 166 127 142 117 120 230 234 238 251 253 245 264 318 348 351 16 21 3 2 5 1 11 15 9 3 330 342 11
342 347 0 37 49 37 40 52 341 266 264 264 257 258 260 247 228 235 240 296 13 31 25 8 344 356 40 48 38 26 16 29 23 2 344 1 29 8 331 334 347 325 26 68 80 108 223 216 217 253 267 264 248 231 177 110 94 90 91 99 99 96 98 99 106 164 182 153 141 129 129 205 232 236 251 252 232 237 242 247 263 359 14 6 10 14 12 14 11 11 10 333 332 8
336 358 14 44 49 31 43 44 14 297 266 265 261 262 260 245 235 246 252 259 303 32 33 12 356 358 23 26 22 19 12 16 10 5 356 354 19 9 346 349 353 329 58 92 100 114 191 215 227 252 253 222 214 211 196 165 103 97 105 105 102 93 88 93 96 119 174 193 147 107 112 180 222 228 244 237 217 229 240 241 246 252 268 73 80 77 60 359 1 19 13 334 322 17
319 13 32 52 48 28 40 37 25 9 267 257 242 246 241 226 226 244 252 253 261 10 46 21 2 356 9 17 22 22 17 10 6 14 2 349 5 5 3 11 5 22 110 121 125 119 173 235 253 262 242 199 211 217 209 207 122 112 127 112 104 99 93 91 92 92 115 222 210 86 89 128 211 231 239 230 223 227 223 210 208 199 185 172 171 172 164 213 228 32 359 344 345 146
324 15 39 54 43 27 39 42 36 34 285 254 235 243 239 226 227 243 242 231 242 260 35 25 12 357 353 6 22 30 29 8 6 22 0 343 352 0 20 47 79 122 128 140 145 139 181 236 256 259 230 204 225 234 234 237 122 108 122 113 108 105 102 101 94 86 105 190 222 129 86 98 201 239 240 234 233 225 210 200 196 189 182 177 183 189 183 216 256 316 331 33 104 139
318 14 37 32 17 15 21 28 29 36 346 268 252 253 251 247 260 262 247 233 242 244 275 25 24 0 355 343 356 16 27 14 6 25 359 333 339 7 80 105 130 124 119 132 139 138 188 226 235 229 201 197 217 235 241 238 122 97 97 98 97 95 96 98 93 89 101 158 224 196 108 94 143 227 235 235 233 223 209 201 200 194 186 182 192 199 196 245 270 300 299 104 112 132
304 9 35 21 8 13 20 28 30 38 11 321 307 275 270 272 276 273 257 246 249 249 249 324 30 3 358 329 317 355 29 21 5 15 2 349 359 98 112 111 110 99 93 94 101 106 174 222 229 224 201 200 229 242 237 228 144 102 93 91 91 91 89 88 89 91 94 119 223 203 133 93 97 209 230 224 218 211 201 199 202 206 200 198 220 244 257 266 265 251 163 124 116 124
308 0 34 18 3 22 37 42 38 41 8 335 348 298 287 293 282 266 248 240 249 253 252 262 8 11 2 329 285 291 33 23 5 10 12 25 79 107 109 106 97 94 93 93 99 112 157 223 234 229 213 236 262 255 233 226 167 112 99 90 87 83 85 86 82 79 85 97 206 216 184 87 84 130 227 217 216 214 208 206 219 234 236 259 287 295 292 271 262 237 133 124 121 119
333 2 24 8 4 35 47 43 40 44 12 326 353 309 287 288 284 269 255 255 260 254 244 256 308 9 8 355 294 275 341 22 7 14 49 82 96 93 89 80 73 81 88 97 106 119 162 197 217 227 231 257 266 255 238 234 186 119 112 102 93 86 84 80 67 74 81 79 121 206 203 149 101 116 214 226 237 240 236 244 265 274 279 280 284 283 278 266 251 210 136 125 132 130
