data/CentralKootenay/aspect.asc
ncols        779
nrows        635
xllcorner    -1620000.000000000000
yllcorner    438000.000000000000
cellsize     100.000000000000
NODATA_value -9999
[rows 252 to 293 of 635, columns 0 to 93 of 779]
167 142 131 128 123 108 96 73 41 23 11 357 341 343 349 347 331 312 329 342 319 303 311 19 38 23 3 349 345 337 317 318 36 57 62 51 22 327 108 109 95 88 88 97 98 98 103 97 97 102 102 94 91 86 90 94 92 88 88 86 82 86 87 77 68 78 90 240 242 247 241 227 238 239 217 209 193 159 131 116 118 124 116 109 113 126 128 126 127 150 154 138 140 96
149 121 115 107 88 75 59 19 358 355 357 351 340 347 353 347 347 332 328 341 322 300 307 29 53 31 355 341 347 329 323 347 49 68 72 69 74 144 150 142 122 110 103 112 115 113 114 103 100 102 101 97 96 102 95 92 91 92 91 88 84 82 77 64 65 76 81 242 258 262 251 240 248 244 201 188 179 168 152 118 110 120 119 122 125 129 132 132 140 150 146 130 -1 338
143 111 100 79 70 71 48 5 341 337 340 339 337 347 349 339 352 346 321 335 333 313 320 33 37 12 355 345 353 324 309 62 83 85 84 83 96 132 150 148 132 131 130 124 130 137 136 115 110 109 108 110 108 110 101 98 99 104 104 98 90 86 80 64 62 72 75 83 255 250 240 243 252 245 180 167 167 168 167 129 104 101 101 107 118 122 127 127 143 154 149 -1 281 -1
137 104 93 78 57 30 3 354 351 348 338 329 339 358 348 322 349 3 308 310 325 319 333 29 12 4 9 2 4 310 222 133 114 93 87 86 96 119 144 147 133 134 138 121 124 141 141 118 116 126 120 122 128 127 112 105 105 104 105 102 95 90 80 66 75 81 75 70 257 252 239 245 253 233 164 154 167 176 173 158 135 119 99 92 92 95 104 114 136 150 -1 -1 281 315
96 91 88 58 0 349 345 348 357 1 344 318 335 7 357 331 352 22 320 300 310 314 338 4 2 27 69 93 129 164 174 160 144 119 102 93 99 120 152 151 137 136 136 116 112 126 129 110 111 126 119 119 130 131 119 115 118 104 100 101 97 89 77 65 81 87 80 77 262 256 243 252 254 214 151 136 160 180 173 171 166 159 137 123 112 105 112 122 143 -1 315 338 320 343
48 66 36 2 342 327 326 341 4 16 355 304 319 2 0 334 347 21 346 311 317 330 345 2 22 71 97 121 131 144 163 172 147 128 116 99 95 105 141 145 141 150 154 133 127 142 138 121 114 116 110 111 120 122 119 118 121 106 101 101 94 84 73 65 80 85 83 80 258 252 241 254 253 194 137 118 132 166 167 168 170 166 152 146 143 129 127 149 -1 -1 290 321 318 342
8 4 356 357 3 349 320 334 9 23 11 300 299 346 6 334 325 9 3 321 308 318 345 39 74 86 92 112 123 127 148 178 152 117 110 102 91 90 101 112 119 135 148 138 132 149 141 133 133 130 119 118 124 117 116 115 111 100 96 94 94 92 80 73 82 80 66 71 112 227 223 238 237 185 142 119 120 140 147 152 161 161 149 141 140 134 135 263 284 307 299 309 314 334
340 341 349 358 17 18 326 318 359 19 14 326 306 337 16 345 311 347 20 333 287 264 162 143 127 102 98 110 118 123 138 169 176 144 115 111 96 94 100 95 92 94 105 114 119 136 128 127 137 135 121 119 130 117 116 122 118 103 97 94 94 94 85 78 77 63 48 68 89 204 228 240 237 191 142 134 141 153 153 155 166 166 154 147 134 122 -1 299 288 288 287 293 300 322
315 318 343 5 35 38 357 303 333 14 12 350 310 321 7 352 329 342 16 12 314 207 137 144 136 112 101 99 105 116 130 148 181 176 132 128 119 116 131 123 118 119 116 117 122 133 123 117 123 123 111 110 122 113 113 122 119 105 97 92 86 75 48 53 65 63 58 75 80 100 249 253 250 199 122 127 145 156 157 154 172 174 155 154 148 156 -1 -1 275 291 295 302 305 328
309 307 343 15 39 42 24 305 305 1 14 19 315 299 338 347 338 341 27 48 29 115 119 131 125 101 90 95 102 106 116 120 162 181 152 123 121 125 135 132 127 131 124 122 124 129 125 126 136 128 116 111 109 101 99 104 110 109 101 90 83 67 42 57 68 64 59 72 70 60 257 254 248 200 107 105 124 141 150 146 162 182 159 131 -1 295 331 348 329 337 340 336 332 346
299 295 341 18 36 37 27 333 309 342 21 39 342 294 303 328 340 10 101 105 109 113 110 116 120 109 96 95 104 116 134 135 149 174 168 115 105 110 119 122 122 126 115 115 119 118 113 119 142 135 127 124 114 98 90 85 94 104 106 95 82 67 68 82 75 63 62 72 69 64 321 264 246 186 123 117 131 135 141 151 132 255 243 144 -1 303 329 346 335 336 337 331 337 356
285 282 327 17 36 41 33 349 303 285 31 34 1 311 288 273 246 111 110 112 105 104 104 107 114 123 119 108 106 119 143 143 151 174 176 134 118 120 124 127 129 132 117 114 119 118 105 103 119 121 122 126 116 95 86 84 91 96 106 103 88 69 74 74 68 69 74 82 82 80 35 263 231 165 124 120 137 137 120 90 -1 -1 -1 -1 311 320 333 343 338 335 331 320 330 2
315 289 298 57 83 84 72 47 217 206 218 350 6 312 244 202 195 137 109 110 107 106 114 120 106 109 119 114 104 109 134 135 145 170 174 144 126 125 124 132 142 145 132 129 136 136 123 113 111 105 105 108 104 93 83 78 86 93 107 109 116 104 88 63 62 65 70 79 84 82 89 238 210 146 114 107 115 90 54 55 -1 -1 315 337 294 308 328 338 340 345 339 320 330 16
333 287 203 155 142 126 114 127 166 201 225 219 184 189 189 193 205 145 111 108 107 104 108 124 109 101 104 102 96 96 109 116 129 159 169 143 123 119 113 121 137 138 132 132 141 138 134 132 128 115 107 101 90 80 69 69 80 86 99 114 138 143 140 83 70 68 82 90 86 75 86 192 202 148 113 102 100 86 60 63 71 -1 277 299 276 282 299 313 321 341 349 333 346 22
254 205 168 154 150 145 124 129 161 183 206 204 188 184 189 200 213 157 102 97 107 109 104 105 105 96 84 81 84 84 93 108 123 150 165 161 139 125 115 116 127 118 115 123 135 126 126 136 135 121 111 103 75 63 67 75 85 89 93 102 123 145 186 174 85 77 90 95 87 70 80 121 195 159 123 106 74 53 45 69 73 -1 257 242 267 266 265 275 289 313 338 341 1 26
184 172 152 134 136 145 124 125 153 167 186 195 193 195 197 197 203 187 138 117 113 113 112 106 104 103 57 47 62 72 85 100 113 133 147 164 160 143 131 130 141 131 126 131 139 126 122 127 124 115 111 111 90 78 82 84 88 90 90 89 101 135 206 234 71 76 85 86 83 75 75 78 143 156 134 113 55 56 61 71 67 333 -1 258 265 261 255 266 277 287 300 329 17 36
178 174 166 155 154 149 121 123 143 153 169 189 198 205 202 194 200 199 169 127 109 107 115 117 114 130 195 86 70 73 77 88 102 116 119 146 163 150 138 134 139 127 127 137 141 134 132 142 137 124 117 119 128 105 96 100 99 93 88 90 95 120 219 251 101 87 87 87 86 88 82 75 76 112 135 120 73 75 81 80 75 -1 -1 260 266 264 259 262 264 266 277 309 5 29
180 175 163 164 180 161 118 119 138 145 167 189 190 209 211 200 211 219 193 124 99 102 112 116 118 129 184 183 137 103 88 92 106 125 113 129 160 149 133 127 127 108 106 119 127 127 131 149 149 149 147 145 153 115 98 98 97 91 85 91 94 103 232 249 160 99 91 92 98 107 101 91 82 82 106 186 130 102 103 114 112 186 165 225 268 270 272 271 269 269 274 290 341 24
179 175 150 162 202 171 119 112 123 123 156 186 183 201 204 194 210 224 210 148 96 96 104 105 108 110 140 165 158 139 116 109 116 140 124 128 160 157 152 154 146 109 103 105 110 117 124 133 136 159 172 145 162 131 109 93 87 83 86 93 101 115 214 236 184 108 92 93 98 106 107 101 93 85 88 218 149 122 122 124 116 165 170 298 281 277 278 277 278 281 284 293 320 8
173 177 162 163 195 182 129 110 111 101 117 166 182 198 201 192 210 220 205 186 122 106 111 104 100 103 108 117 137 146 124 114 113 124 122 113 117 119 124 151 156 122 116 117 112 123 140 125 117 156 207 128 143 141 122 96 92 91 98 106 108 115 199 217 189 146 95 90 89 96 103 101 103 106 108 218 149 124 124 116 95 -1 -1 288 284 281 280 279 278 280 281 290 317 332
168 177 169 166 190 188 160 113 106 102 99 116 168 199 202 193 215 221 206 196 150 116 113 108 106 111 115 114 124 139 115 104 99 93 79 44 25 38 45 42 70 97 108 128 114 118 161 145 123 159 218 138 136 149 132 97 96 99 100 105 107 102 167 188 187 165 106 93 89 93 100 103 106 118 131 207 161 139 128 116 -1 -1 54 275 274 273 272 272 274 278 277 278 298 308
156 165 157 165 201 194 198 122 92 98 100 99 123 177 198 196 218 226 218 214 170 114 100 99 103 110 115 118 119 121 103 94 83 64 31 12 20 41 49 46 49 69 83 105 112 116 160 153 139 204 193 129 128 161 158 97 92 89 88 89 93 96 124 154 195 153 104 95 91 93 100 107 108 119 163 192 175 163 159 161 153 -1 125 266 266 266 273 279 280 281 278 274 281 289
147 145 138 161 225 195 211 193 95 88 90 88 97 136 191 196 211 217 217 216 197 139 92 89 94 97 99 105 106 96 88 81 65 44 19 15 37 55 56 51 67 85 84 81 93 106 145 145 199 295 91 114 124 172 182 98 87 78 79 81 83 97 116 130 199 168 93 92 93 93 96 99 98 100 174 180 177 169 174 180 180 185 147 266 270 274 279 283 282 275 270 267 270 281
144 134 133 158 201 187 199 209 136 99 91 87 91 103 167 192 210 216 218 220 212 181 139 106 98 95 88 84 73 64 71 70 58 48 37 50 67 72 71 65 80 90 90 85 87 94 129 153 212 229 114 107 118 170 193 111 91 82 84 88 97 107 123 117 172 202 103 91 96 103 105 101 93 88 135 161 168 168 184 195 206 -1 143 276 281 288 282 277 274 267 263 262 261 273
146 133 129 131 176 180 183 196 177 132 97 86 91 95 122 184 218 224 229 235 225 187 156 124 100 83 75 62 42 46 62 59 50 50 56 72 80 85 87 87 88 90 93 94 94 96 111 135 191 203 156 112 114 154 187 140 97 89 94 100 114 121 148 140 152 219 113 89 94 102 110 111 110 110 153 161 -1 -1 -1 -1 225 -1 319 288 285 287 283 279 276 270 267 263 258 264
132 125 137 126 146 163 170 187 192 182 130 87 83 84 93 145 197 217 229 234 229 202 147 112 69 44 48 49 48 65 76 72 68 73 82 93 101 103 99 96 93 93 96 100 104 106 104 90 114 189 175 111 108 130 173 163 114 106 105 111 130 135 157 167 161 198 168 124 98 96 102 109 119 132 165 -1 284 331 357 353 347 346 313 304 292 283 279 279 280 281 281 273 264 264
148 136 145 142 140 148 158 175 197 206 195 107 81 79 80 104 168 218 220 225 227 209 181 141 38 38 58 72 86 96 102 104 101 97 99 105 107 109 108 103 98 97 100 104 111 123 128 132 105 129 160 119 114 112 127 156 115 109 112 115 126 127 149 171 170 174 175 177 150 117 113 110 112 111 -1 -1 282 298 336 344 346 338 303 306 309 300 287 284 286 281 282 278 268 266
159 136 141 149 146 156 168 174 196 224 233 151 101 92 87 93 120 220 228 240 236 212 202 198 176 151 138 133 133 131 128 120 114 107 106 111 104 101 104 104 100 99 102 100 103 126 138 154 133 143 148 128 122 125 133 139 107 100 104 108 110 111 125 154 157 161 171 188 179 153 140 127 129 -1 -1 -1 281 274 291 318 334 327 297 297 306 303 289 284 285 274 272 278 279 276
165 124 125 141 135 150 171 175 199 222 230 175 109 104 102 98 107 212 248 256 239 211 207 203 176 146 138 140 139 142 152 154 150 137 130 131 117 108 108 111 108 104 100 95 93 100 111 135 133 131 138 125 114 117 140 153 118 101 99 103 108 105 106 117 116 126 157 197 187 169 160 144 154 -1 -1 -1 273 253 286 314 340 326 295 290 289 289 285 278 272 271 275 284 288 290
172 131 115 120 115 130 167 169 201 221 227 205 109 98 96 95 103 180 231 230 216 204 206 211 184 128 111 112 114 119 140 163 164 155 142 137 126 120 121 115 114 111 104 96 91 86 103 133 152 122 127 141 142 129 141 165 125 101 99 103 106 106 110 124 115 109 155 149 170 217 -1 -1 -1 -1 -1 281 264 254 286 306 343 339 286 273 266 267 268 261 258 268 273 281 283 287
179 165 142 128 113 118 157 170 208 231 230 218 138 98 99 105 112 149 218 223 208 192 195 201 189 167 126 105 102 100 108 143 166 162 138 132 124 122 123 110 106 108 107 99 95 92 95 112 158 134 125 137 150 139 135 166 137 101 96 96 102 109 111 114 110 108 171 150 180 232 251 -1 -1 -1 -1 270 275 308 295 303 340 2 301 258 246 252 251 245 248 259 264 269 272 274
185 182 168 151 118 118 149 177 199 214 219 225 185 106 106 112 121 134 215 226 197 182 192 199 195 196 170 109 100 104 108 129 168 178 153 137 125 119 117 106 103 106 105 99 93 85 87 86 109 133 129 141 156 145 138 166 164 106 97 94 96 101 101 98 99 100 -1 -1 -1 263 270 -1 -1 -1 -1 -1 309 319 305 306 335 19 17 265 256 258 257 251 251 259 263 262 264 265
187 187 179 173 131 117 136 171 200 214 221 227 205 126 104 110 133 148 206 217 180 175 194 202 208 218 207 138 102 101 102 110 153 183 168 154 145 136 132 117 108 106 106 103 96 86 93 88 86 105 122 139 159 140 135 161 177 131 111 109 97 94 97 100 104 103 -1 -1 -1 -1 270 -1 -1 251 -1 290 290 302 302 306 333 30 50 292 273 268 265 261 268 273 269 258 259 257
178 184 185 180 149 119 117 152 225 236 225 220 208 164 106 105 125 148 195 197 173 174 184 198 213 222 218 180 107 94 90 91 114 167 164 160 154 142 137 125 117 115 108 106 109 107 98 94 85 92 108 129 157 131 124 144 168 152 125 117 102 100 107 107 109 115 0 -1 -1 -1 281 -1 -1 265 -1 276 270 272 278 287 313 37 54 347 266 264 267 263 268 270 261 251 255 252
172 182 187 177 166 150 139 167 218 218 204 209 213 191 116 98 102 125 177 187 169 167 178 203 213 211 206 190 155 122 110 101 110 145 157 164 160 142 135 122 116 116 102 97 106 119 109 109 100 88 88 93 125 128 125 132 142 150 131 119 105 102 107 106 107 -1 -1 -1 -1 296 279 104 -1 265 -1 250 258 267 273 272 273 45 58 35 285 259 261 258 261 257 246 239 243 242
64 121 169 165 162 161 151 169 195 193 188 195 201 195 153 110 102 111 149 186 166 150 169 212 212 206 201 193 183 154 129 121 127 148 158 170 179 161 148 131 113 104 96 94 100 114 111 118 126 93 83 72 83 106 125 151 149 150 153 136 110 104 104 101 101 -1 -1 -1 -1 -1 225 135 -1 274 -1 237 258 268 273 269 267 335 42 37 18 277 260 253 259 254 239 237 244 237
25 47 63 95 115 126 121 137 171 185 186 193 199 204 182 128 117 118 143 181 183 166 170 208 206 205 204 199 201 184 137 121 125 144 148 165 188 177 164 162 155 138 109 97 93 111 122 133 145 106 104 96 92 95 101 130 146 144 156 148 130 126 123 116 117 -1 -1 -1 -1 -1 -1 -1 296 284 -1 278 275 271 269 270 276 306 11 28 21 341 269 243 251 247 231 243 252 246
8 21 27 37 46 41 64 83 101 151 185 197 209 228 207 127 117 114 130 174 193 186 178 185 183 189 198 199 207 202 154 117 114 129 129 148 184 176 167 175 181 171 138 117 111 115 131 163 161 121 116 107 100 95 81 77 104 127 142 131 128 132 129 128 153 -1 -1 270 -1 53 14 333 -1 -1 -1 290 286 278 278 282 285 296 347 31 27 18 347 262 252 246 236 246 242 236
6 15 19 34 41 24 40 55 62 82 140 186 215 236 213 126 112 104 107 152 192 187 179 176 173 183 199 200 202 199 176 145 136 151 142 147 177 176 167 181 190 184 168 146 134 115 121 172 163 132 133 128 112 113 113 95 93 112 141 117 108 109 107 114 251 -1 -1 251 -1 -1 -1 -1 -1 -1 281 297 294 284 283 287 291 298 336 40 41 34 17 341 279 256 243 246 234 223
7 16 22 45 49 26 43 59 61 66 82 141 215 223 198 150 133 116 108 130 170 176 176 170 163 176 195 201 203 197 184 155 144 162 154 152 177 181 174 185 192 191 189 158 139 116 110 154 147 133 143 136 116 116 128 121 96 93 112 113 114 123 115 110 255 -1 243 255 -1 -1 -1 -1 -1 -1 280 287 290 286 288 295 292 300 342 22 36 38 18 7 308 257 249 256 255 242
5 17 38 64 60 33 54 66 62 68 80 92 198 215 195 155 135 127 124 131 152 161 170 173 158 166 180 201 210 203 190 150 138 156 150 148 170 179 176 187 190 192 198 180 160 136 128 155 118 120 138 133 109 103 113 127 110 95 88 94 101 119 118 101 -1 -1 258 -1 -1 -1 -1 -1 -1 -1 284 282 283 282 286 295 285 288 327 10 39 38 12 14 6 323 278 269 276 285
5 27 55 64 37 15 36 50 52 69 82 84 93 228 202 143 113 111 113 88 66 64 64 90 104 113 141 181 194 191 187 161 144 152 147 146 154 170 176 180 182 192 202 195 176 144 150 179 145 117 125 135 118 104 103 114 116 107 99 92 88 84 94 -1 -1 -1 263 -1 165 186 206 173 165 282 293 283 287 289 288 287 280 280 299 354 46 37 13 16 15 3 336 274 267 271
