data/CentralKootenay/aspect.asc
ncols        779
nrows        635
xllcorner    -1620000.000000000000
yllcorner    438000.000000000000
cellsize     100.000000000000
NODATA_value -9999
[rows 126 to 167 of 635, columns 658 to 751 of 779]
65 71 67 55 58 53 42 66 106 122 129 86 51 13 12 12 19 31 50 59 57 67 75 76 28 58 63 51 40 47 49 36 55 58 43 34 48 45 34 52 62 29 21 51 70 -1 -1 -1 -1 -1 -1 -1 -1 -1 -1 -1 26 14 -1 -1 261 257 248 245 254 258 315 298 265 242 226 234 230 224 224 224 214 187 234 228 209 209 209 218 218 238 245 238 252 265 262 252 256 252
109 98 82 75 82 87 96 107 112 107 25 13 17 10 22 32 34 42 53 59 53 73 78 66 17 45 64 61 57 66 62 46 63 62 46 42 47 33 31 49 48 23 28 67 82 -1 -1 -1 -1 -1 -1 -1 -1 -1 -1 -1 -1 -1 -1 -1 227 229 230 232 242 243 230 247 249 234 257 253 234 229 233 234 223 197 229 223 207 216 222 225 221 237 244 238 257 265 257 246 253 254
132 137 142 138 125 124 133 116 100 36 338 348 17 35 56 62 53 50 60 64 54 72 74 53 17 25 42 41 47 61 61 48 68 73 61 61 57 29 37 56 55 42 65 93 100 -1 -1 -1 -1 -1 -1 -1 -1 -1 -1 -1 -1 -1 -1 -1 -1 228 228 230 239 242 235 227 207 221 239 252 251 237 238 236 223 220 232 238 230 244 251 245 231 243 249 246 256 255 246 235 245 247
120 134 153 152 140 135 134 93 38 354 338 348 26 49 64 69 64 59 70 73 66 73 70 51 18 20 36 35 41 51 47 39 58 62 51 52 48 36 58 73 69 64 83 97 110 -1 -1 -1 -1 -1 -1 -1 -1 -1 -1 -1 -1 -1 -1 -1 -1 -1 232 248 256 252 242 228 205 228 251 272 283 258 247 236 215 214 222 237 242 257 263 257 249 257 255 246 249 247 236 227 241 243
115 114 132 129 117 72 20 10 5 357 346 4 38 53 62 60 52 54 68 66 55 70 73 53 22 30 47 42 55 57 41 40 55 57 48 53 61 54 52 57 52 55 71 83 113 -1 -1 -1 -1 -1 -1 -1 -1 -1 -1 -1 -1 -1 -1 -1 -1 -1 225 253 252 245 235 228 217 230 256 268 273 266 255 243 230 237 242 243 246 254 250 241 249 258 247 235 244 244 233 239 253 246
125 105 66 33 20 6 3 8 11 8 0 23 41 50 63 63 54 65 75 67 56 67 69 44 26 43 52 48 62 57 41 60 72 66 54 61 66 42 34 50 56 54 63 67 37 45 -1 -1 -1 -1 -1 -1 -1 -1 -1 -1 -1 -1 -1 -1 -1 -1 -1 236 235 226 216 221 212 208 232 238 236 240 257 259 263 273 281 272 260 250 243 238 247 253 243 238 245 240 225 235 237 226
113 49 2 359 8 8 8 19 18 8 15 28 38 49 68 69 62 74 82 78 68 69 68 48 43 63 68 68 67 50 36 63 75 69 60 66 63 33 41 58 56 52 65 66 47 55 -1 -1 -1 -1 -1 -1 -1 -1 -1 -1 -1 -1 -1 -1 -1 -1 -1 214 231 220 218 231 220 210 234 241 238 232 249 257 264 272 282 289 276 262 253 243 245 247 242 240 243 238 219 230 225 214
3 2 351 352 7 14 23 34 23 8 23 31 34 56 69 59 45 59 68 63 62 68 67 52 60 77 82 99 105 101 94 93 99 108 94 75 56 26 42 48 37 47 67 69 54 55 56 -1 -1 -1 -1 -1 -1 -1 -1 -1 -1 -1 -1 -1 -1 -1 -1 -1 229 222 238 244 225 219 241 249 249 251 254 254 265 276 274 265 278 280 260 242 246 243 234 243 252 246 227 242 237 218
347 2 358 357 10 22 48 54 32 18 28 33 39 62 68 51 39 53 54 39 58 75 67 52 65 80 88 108 130 150 155 128 103 60 59 70 49 29 53 62 45 45 62 60 41 47 57 -1 -1 -1 -1 -1 -1 -1 -1 -1 -1 -1 -1 -1 -1 -1 -1 -1 -1 231 238 225 211 218 240 251 252 257 263 253 256 262 273 267 266 270 266 259 256 247 237 245 243 228 222 241 232 208
342 8 5 0 13 21 41 47 38 28 20 38 54 68 67 51 48 64 67 64 81 82 61 58 71 77 65 71 66 41 52 62 29 15 48 66 52 45 68 72 56 59 69 60 45 53 59 45 -1 -1 -1 -1 -1 -1 -1 -1 -1 -1 -1 -1 296 -1 84 -1 -1 -1 229 217 217 224 240 246 229 236 249 255 253 256 263 281 273 270 268 266 263 258 244 242 231 216 212 220 209 196
339 7 3 1 19 27 42 47 33 20 15 29 50 66 67 55 64 83 92 101 91 73 62 70 75 69 29 43 29 11 27 30 19 28 62 63 44 49 69 69 58 81 80 66 53 56 58 48 45 -1 -1 -1 -1 -1 -1 -1 -1 -1 -1 -1 -1 -1 101 -1 -1 -1 243 229 229 241 255 251 223 238 242 220 254 264 250 229 257 278 281 255 256 257 237 235 226 211 202 215 212 198
343 358 5 9 31 42 53 52 35 33 31 35 58 72 77 89 111 107 86 44 49 65 70 75 80 67 23 52 53 39 52 52 52 56 68 63 51 52 64 59 44 51 56 53 45 52 54 43 44 50 -1 -1 -1 -1 -1 -1 -1 -1 -1 -1 194 149 -1 -1 -1 -1 -1 210 223 253 257 251 243 251 238 220 260 268 242 216 249 270 330 273 242 231 206 222 223 205 205 227 223 205
346 354 8 17 31 43 56 61 54 69 85 106 101 98 103 114 108 85 37 20 50 59 44 62 75 61 32 58 72 80 97 91 80 71 77 75 64 66 71 59 51 63 69 58 49 51 45 33 40 49 45 -1 -1 -1 -1 -1 -1 -1 -1 -1 144 -1 -1 -1 -1 -1 -1 -1 225 243 233 227 236 244 235 238 257 253 223 221 255 264 318 22 220 213 202 218 219 193 200 209 200 192
340 351 18 43 55 62 73 80 81 88 102 130 125 110 98 78 46 31 30 53 74 68 51 66 71 59 45 60 68 67 83 86 74 67 76 78 70 77 87 86 79 86 97 105 85 65 46 36 50 61 57 -1 -1 -1 -1 -1 -1 -1 -1 116 -1 -1 -1 -1 -1 -1 -1 -1 -1 232 222 225 223 217 222 227 241 245 241 250 257 256 263 51 90 207 208 221 213 191 194 196 189 191
331 358 71 92 98 100 102 98 92 86 82 73 67 56 37 20 22 40 57 68 77 73 62 70 72 66 63 74 75 69 76 80 76 73 77 76 64 73 80 77 77 78 71 51 65 66 52 52 65 66 53 45 -1 -1 -1 -1 -1 -1 -1 125 -1 -1 -1 -1 -1 -1 -1 -1 -1 -1 231 233 230 230 230 221 238 246 245 251 245 232 226 188 108 180 207 228 216 203 194 180 200 233
344 111 103 100 103 102 104 94 61 61 54 26 28 27 23 23 39 54 51 55 64 56 48 59 63 57 58 84 89 80 86 92 89 84 84 75 65 74 69 50 60 61 44 22 34 37 37 55 68 63 49 46 47 -1 -1 14 -1 -1 -1 -1 -1 -1 -1 -1 -1 -1 -1 -1 -1 -1 210 237 250 253 242 229 245 246 230 226 229 213 225 222 145 139 185 194 190 193 189 183 234 266
120 142 125 116 119 98 83 49 33 53 47 21 35 41 42 48 64 66 56 65 70 61 59 63 59 47 50 65 68 59 72 76 71 79 82 72 69 73 64 52 65 70 55 34 45 43 43 56 63 54 37 32 33 28 345 10 25 20 45 -1 -1 -1 -1 -1 -1 -1 -1 -1 -1 -1 -1 235 244 235 214 219 240 240 221 228 237 208 243 249 252 84 144 163 173 182 192 214 248 260
113 125 130 133 138 105 79 31 24 41 34 18 29 33 37 45 62 66 62 73 77 76 77 75 66 55 58 59 54 51 67 71 68 81 79 71 72 74 74 69 78 89 90 84 91 86 62 59 57 46 32 30 35 28 16 22 15 12 32 51 -1 -1 -1 -1 -1 -1 -1 -1 -1 -1 -1 -1 242 230 214 226 234 221 209 221 222 206 237 259 263 77 80 90 115 152 194 233 250 256
108 107 112 122 128 103 60 3 5 24 27 20 33 36 35 48 63 62 51 62 64 60 74 84 82 79 78 69 62 62 82 88 95 98 95 91 85 79 71 57 67 69 47 57 88 116 137 95 66 49 40 40 44 36 36 41 24 16 46 66 -1 -1 -1 -1 -1 -1 -1 -1 -1 -1 -1 -1 262 250 239 241 232 213 212 226 227 226 241 245 229 160 112 124 126 131 200 246 255 265
97 83 68 35 17 18 9 351 0 24 33 36 56 62 54 70 78 75 69 71 67 63 77 92 104 108 102 95 97 105 108 108 116 109 105 103 93 86 76 63 67 57 31 53 73 83 118 136 128 106 70 71 78 72 68 64 50 48 78 85 84 270 -1 -1 -1 -1 -1 -1 -1 -1 -1 -1 273 257 244 243 236 227 234 241 244 244 240 230 213 200 157 132 133 149 221 244 244 247
54 54 40 11 359 8 13 7 51 100 104 89 84 88 102 101 104 113 120 111 97 89 89 95 106 101 84 85 91 94 84 64 48 60 75 92 103 106 104 91 60 39 26 50 60 60 66 81 96 103 86 84 83 80 79 73 57 61 85 87 81 -1 -1 -1 -1 -1 -1 -1 -1 -1 -1 291 281 276 254 242 228 218 222 234 242 240 235 223 209 207 188 135 109 159 246 232 234 242
30 38 29 1 356 24 53 79 114 136 157 151 135 135 147 129 130 144 150 147 131 122 106 98 79 36 54 70 64 56 38 28 28 38 44 36 43 53 48 35 15 19 27 48 58 60 61 47 39 28 43 60 55 57 70 74 64 73 88 88 86 -1 -1 -1 -1 -1 -1 -1 -1 -1 -1 293 292 290 270 248 229 212 225 235 231 225 224 214 196 206 215 180 105 170 270 -1 242 247
29 30 21 6 34 93 111 114 109 118 150 148 143 146 149 133 131 145 154 155 138 126 94 69 26 34 74 81 66 60 47 34 45 45 34 25 36 43 37 31 11 18 34 63 69 47 32 35 49 49 62 71 70 70 74 81 87 89 89 87 90 -1 -1 -1 -1 -1 -1 -1 -1 -1 -1 282 285 282 277 273 270 257 250 237 222 221 223 210 191 219 226 180 140 230 278 30 285 259
78 56 58 93 120 123 125 125 117 115 132 133 132 136 133 118 113 104 56 40 47 38 48 42 18 47 68 61 38 40 43 38 52 42 30 35 54 61 55 52 37 40 68 79 60 16 26 45 46 29 37 43 40 53 69 73 75 90 93 90 90 -1 -1 -1 -1 -1 -1 -1 -1 -1 276 273 275 285 289 281 276 276 262 245 230 225 219 205 200 229 226 166 162 250 275 18 342 267
120 152 140 125 125 132 136 130 122 124 137 134 137 143 127 97 73 11 7 16 27 31 50 53 26 55 64 54 37 42 47 35 32 22 20 26 46 54 53 58 55 60 96 85 36 15 55 64 47 31 38 38 26 44 50 38 37 49 68 90 85 -1 -1 -1 -1 -1 -1 -1 -1 -1 270 270 273 284 293 287 282 276 275 274 255 229 223 215 213 226 214 169 204 265 268 317 9 273
118 136 144 116 108 116 130 129 128 130 139 129 119 110 52 33 17 359 9 26 37 52 67 56 33 66 71 61 59 72 63 34 32 25 26 26 49 55 48 54 67 96 89 55 24 52 69 68 64 64 67 58 43 55 46 35 37 52 62 58 60 -1 -1 -1 -1 -1 -1 -1 -1 -1 263 268 270 268 270 266 252 250 263 265 261 265 265 263 272 270 248 207 277 280 271 266 27 50
129 128 155 135 115 118 131 125 124 122 110 74 37 15 356 355 1 3 26 46 46 57 56 33 29 57 67 57 60 68 52 32 51 56 71 112 119 100 83 80 79 75 65 36 43 63 64 58 48 42 53 60 54 61 56 51 54 66 67 52 58 71 -1 -1 -1 -1 -1 -1 -1 -1 270 268 265 259 255 248 239 239 250 251 239 263 267 249 265 285 305 323 279 266 243 229 219 63
133 118 145 144 120 119 132 113 92 39 13 8 14 15 349 337 350 14 55 67 56 60 50 22 32 62 71 59 59 54 30 20 45 60 80 110 131 143 131 94 65 51 62 76 62 56 56 48 36 40 59 64 52 66 68 62 71 81 77 55 54 63 -1 -1 -1 -1 -1 -1 -1 -1 270 266 258 243 244 243 236 232 237 237 223 251 241 209 240 245 247 241 257 246 220 225 234 217
138 113 123 133 121 114 114 89 30 356 356 2 15 16 357 343 349 19 57 66 59 63 48 26 50 72 71 48 56 57 36 22 49 68 75 73 58 30 19 25 37 48 63 72 45 57 65 59 47 65 72 61 51 66 69 65 78 76 58 41 47 46 27 40 -1 -1 -1 -1 -1 -1 285 280 262 232 239 237 225 227 230 223 206 222 202 180 238 255 259 270 272 257 231 241 243 221
153 131 133 127 120 107 69 21 352 343 349 2 16 16 3 348 353 45 78 78 58 43 32 30 56 73 65 42 61 69 56 51 77 78 61 36 21 13 13 31 46 50 56 46 8 35 60 66 61 72 73 65 52 45 44 45 67 67 55 55 57 52 50 62 26 -1 -1 -1 -1 -1 280 281 270 243 250 244 221 235 238 210 199 209 199 182 245 256 249 246 269 280 299 298 287 248
141 136 138 118 66 14 7 356 349 353 356 2 17 23 10 351 22 90 97 82 32 22 34 40 61 69 49 33 51 53 36 51 82 79 52 23 31 44 52 66 65 58 59 48 15 32 61 65 54 68 66 54 36 31 42 48 65 66 58 59 62 70 79 82 -1 14 35 -1 -1 -1 251 231 209 216 236 232 214 237 232 185 188 221 218 190 247 248 237 235 248 257 279 296 318 0
97 111 116 80 344 347 356 354 349 0 1 1 14 20 21 33 91 93 83 40 6 23 50 59 70 63 39 37 53 55 40 53 67 51 35 32 39 33 53 69 65 59 64 58 33 48 63 56 45 62 61 46 37 41 49 44 47 41 31 43 61 73 80 85 -1 -1 -1 -1 -1 -1 225 220 220 220 228 225 213 227 220 180 176 208 209 192 246 249 244 241 236 237 247 255 258 53
84 85 75 328 302 314 334 346 350 356 354 1 19 36 63 90 100 79 45 6 12 47 69 70 71 71 71 75 78 71 45 59 63 35 33 46 42 16 51 58 46 40 51 50 34 48 55 55 59 73 74 57 57 61 49 37 39 38 35 54 65 60 62 72 -1 -1 -1 -1 -1 -1 -1 251 261 248 230 225 215 222 215 180 170 193 205 194 236 245 238 233 232 239 245 249 252 0
67 44 37 339 302 305 310 330 349 352 347 8 47 77 90 87 67 44 12 3 41 63 55 45 53 59 50 61 79 65 32 61 64 32 42 60 57 18 58 55 36 42 58 54 39 46 47 47 54 62 61 47 62 69 54 43 51 54 55 67 62 46 51 57 52 -1 -1 -1 35 -1 -1 225 220 206 210 225 225 225 204 180 172 185 198 187 236 247 237 237 240 233 226 230 230 203
53 35 40 357 295 297 295 305 333 345 356 32 66 81 78 56 45 11 354 22 60 51 31 37 51 53 39 55 58 19 16 47 45 23 36 50 48 23 39 52 48 69 74 59 45 50 52 49 60 67 63 53 60 54 37 34 52 59 67 70 55 43 57 68 73 -1 331 0 18 25 30 -1 -1 213 214 209 201 192 183 185 183 180 187 183 240 248 240 245 244 225 215 232 234 209
62 58 68 52 270 271 277 280 290 306 357 48 59 66 55 24 15 358 358 31 50 43 39 53 63 63 60 66 39 1 17 42 42 34 41 44 37 23 16 29 36 56 62 54 55 63 64 59 73 79 74 57 50 50 46 46 51 52 52 44 33 31 45 53 46 6 341 0 16 29 45 45 -1 -1 206 187 187 182 182 197 190 175 188 188 221 222 221 236 237 220 217 245 246 223
113 81 55 38 295 260 262 264 261 265 301 52 53 57 43 11 8 3 11 40 52 55 59 71 80 81 84 70 14 4 34 54 52 46 48 44 32 28 21 24 36 57 63 56 50 48 44 40 59 67 55 32 42 58 58 62 52 50 43 32 28 27 43 47 30 9 6 15 14 30 50 57 75 -1 -1 -1 -1 -1 -1 -1 185 175 198 192 203 205 217 225 220 208 213 238 239 228
128 72 20 28 13 290 263 266 271 267 271 42 54 57 41 12 27 55 90 87 78 77 77 88 95 92 80 16 350 11 31 40 40 45 50 46 32 42 45 43 55 72 69 48 44 50 45 39 56 57 32 22 43 47 45 57 61 60 56 55 52 48 64 57 28 18 30 39 26 50 64 62 52 -1 -1 -1 -1 -1 -1 -1 -1 -1 -1 -1 -1 -1 225 224 219 211 228 243 240 236
114 291 312 18 30 353 289 277 272 265 258 197 72 66 53 40 75 96 114 124 111 104 106 102 99 90 53 340 343 15 33 35 36 41 39 37 24 33 42 42 49 71 66 43 58 70 61 51 62 58 27 28 45 43 43 52 50 37 59 78 90 93 85 71 50 61 75 76 73 87 88 80 68 -1 -1 -1 -1 -1 -1 -1 -1 -1 -1 -1 -1 -1 -1 252 242 233 247 250 244 238
339 315 298 337 40 8 298 271 255 259 254 201 121 111 118 129 114 108 108 114 119 124 127 111 99 73 12 325 338 22 45 47 40 35 37 39 29 33 42 38 31 46 45 37 54 58 51 49 64 63 28 35 47 45 48 52 50 42 71 88 95 92 82 66 53 62 69 69 76 95 99 105 108 116 -1 -1 -1 -1 -1 -1 -1 -1 -1 -1 -1 -1 -1 243 228 226 247 250 242 236
341 334 302 297 18 4 319 281 268 265 254 177 123 124 139 144 130 121 121 112 114 119 113 70 34 10 355 339 349 26 48 48 38 38 51 53 42 45 49 40 33 40 44 43 54 56 45 38 56 55 19 34 47 41 44 52 60 63 70 59 50 54 60 61 57 60 59 57 59 65 69 65 71 -1 -1 -1 -1 -1 -1 -1 -1 -1 -1 -1 -1 -1 -1 225 209 225 245 241 216 208
350 0 281 249 287 341 344 323 302 268 240 157 108 107 124 132 122 112 111 102 99 87 30 1 5 4 357 351 2 35 49 45 31 34 45 48 46 51 53 46 47 48 52 55 63 62 48 54 69 56 19 36 41 31 41 52 62 69 59 33 43 59 78 80 66 64 64 63 62 58 51 44 45 40 -1 -1 -1 -1 -1 -1 333 -1 -1 -1 -1 -1 -1 -1 -1 244 246 231 196 184
