data/CentralKootenay/aspect.asc
ncols        779
nrows        635
xllcorner    -1620000.000000000000
yllcorner    438000.000000000000
cellsize     100.000000000000
NODATA_value -9999
[rows 336 to 377 of 635, columns 0 to 93 of 779]
52 11 15 63 64 58 163 115 110 158 204 203 195 220 229 221 207 177 151 145 313 299 296 323 11 13 355 351 349 346 344 344 349 356 16 47 46 30 26 7 343 324 298 295 312 325 359 22 20 39 48 39 19 261 251 239 249 250 246 261 275 273 266 267 260 242 234 241 238 228 235 232 224 227 225 217 207 218 217 208 216 233 207 171 218 227 212 207 208 184 155 167 176 182
28 81 156 97 85 74 98 114 115 164 193 193 209 217 208 207 199 176 229 308 306 298 291 295 335 0 345 340 345 345 339 337 347 0 14 43 44 32 29 10 343 334 311 302 313 318 349 30 37 55 58 44 44 284 252 241 247 245 239 254 262 257 248 247 232 204 215 234 235 229 241 243 238 244 239 211 197 211 221 223 228 225 187 170 208 215 203 201 208 189 159 153 159 173
18 36 56 86 75 64 88 110 112 -1 325 0 254 229 200 201 206 245 290 286 277 276 266 253 268 317 333 322 333 347 342 330 336 358 22 56 54 38 33 18 340 331 320 312 319 319 345 20 26 39 45 37 57 66 252 246 249 248 241 248 246 234 229 229 212 190 223 239 231 227 235 235 230 242 233 191 183 221 239 232 228 212 172 168 205 213 203 205 206 183 166 167 166 162
24 39 55 79 83 70 86 101 114 319 319 6 11 290 305 327 305 275 256 242 249 245 228 229 246 260 285 289 304 337 341 335 340 352 27 54 50 40 44 35 332 310 313 316 317 313 334 16 31 46 48 36 53 54 253 235 246 249 240 248 246 232 224 224 211 208 252 252 236 229 235 233 221 222 204 180 178 212 227 218 221 206 162 163 209 220 211 214 203 174 158 170 178 155
93 60 70 82 98 99 91 91 315 326 322 338 355 344 337 341 335 316 282 247 250 243 228 234 248 250 247 269 283 312 324 325 335 346 21 32 29 30 35 26 354 312 305 318 314 301 312 22 59 68 58 45 54 53 34 259 251 241 227 236 231 211 214 222 225 244 263 262 251 250 251 237 215 212 198 179 184 211 219 207 205 192 171 171 194 209 206 206 199 178 146 150 178 168
15 64 86 82 79 98 97 94 278 303 323 320 333 327 328 340 341 340 338 301 265 250 236 246 255 251 244 261 271 286 293 294 309 334 352 14 25 35 41 26 9 324 312 331 333 322 329 22 63 67 60 61 65 58 40 355 257 236 222 231 225 206 223 234 230 233 241 239 227 242 248 224 207 211 200 180 199 219 212 201 199 185 171 173 193 205 196 193 192 185 174 162 172 180
22 59 85 95 103 116 109 101 275 282 308 313 318 302 309 328 330 342 346 322 288 274 270 269 263 249 239 247 249 244 251 258 265 299 303 333 39 62 60 30 13 327 310 328 336 334 347 31 62 67 57 52 52 48 42 48 241 235 231 239 230 220 241 241 228 226 233 233 219 227 221 199 196 200 192 190 210 210 201 200 199 182 165 175 200 195 188 190 188 186 184 178 177 177
42 63 79 101 126 125 121 92 325 312 322 325 329 321 322 339 324 334 340 327 308 303 307 295 275 255 244 246 245 236 230 229 226 222 263 310 10 49 49 18 6 330 300 305 319 331 9 42 64 65 44 41 43 39 33 37 29 298 236 232 232 233 245 244 235 238 250 243 223 224 214 198 193 192 190 204 208 191 190 191 189 180 172 182 191 181 187 192 183 187 188 185 180 177
103 80 83 91 111 111 111 320 333 326 331 317 304 304 312 343 326 330 344 341 329 324 320 313 312 289 269 267 259 243 238 240 234 242 276 305 353 32 32 8 359 353 328 310 311 329 24 46 66 62 38 45 49 36 28 35 34 21 10 234 233 226 233 230 218 225 236 228 217 220 217 206 198 192 203 218 200 181 185 189 185 177 177 182 181 179 188 187 183 188 184 188 187 182
174 158 120 104 110 114 -1 297 312 320 332 313 279 274 284 314 308 312 334 334 325 329 325 317 332 346 316 286 259 245 252 265 288 298 300 308 341 18 25 8 357 4 355 333 323 338 22 30 43 40 31 45 46 33 31 47 52 42 45 340 225 218 229 227 217 225 226 212 204 207 203 194 196 200 208 212 190 172 184 193 184 172 170 173 172 178 187 187 189 188 180 186 187 189
176 172 155 130 119 127 270 279 282 302 328 333 316 307 311 316 297 284 290 301 303 313 314 305 320 351 340 321 297 281 285 301 320 306 306 316 331 8 32 18 356 9 11 346 331 349 21 24 34 31 31 38 32 24 33 48 46 36 40 40 353 231 241 243 235 235 226 210 204 204 199 190 197 203 200 195 185 174 186 197 180 169 163 158 162 177 182 185 188 184 181 184 186 197
164 165 172 150 126 164 280 275 275 291 315 325 322 321 322 323 325 323 309 289 292 304 302 300 302 326 330 332 331 315 297 307 328 301 298 311 316 358 22 13 5 12 16 354 340 5 23 32 41 36 34 38 34 28 48 52 34 27 29 30 22 10 253 235 225 230 225 214 215 210 201 190 198 206 200 192 188 176 188 196 177 171 170 166 167 182 179 177 185 183 187 187 182 208
165 160 173 154 139 281 292 303 289 295 310 315 320 323 320 309 319 340 345 306 282 290 295 301 316 316 308 314 324 323 301 293 308 291 281 282 284 315 3 12 16 18 13 4 3 10 11 29 38 29 33 50 53 46 62 55 27 23 29 32 27 31 28 231 215 212 208 199 202 204 199 187 198 213 206 197 192 179 184 187 173 170 170 171 170 183 183 176 186 187 189 190 182 208
183 276 341 356 350 348 350 347 334 332 332 323 318 325 319 290 292 321 348 346 288 276 280 284 311 322 308 309 315 317 314 297 281 278 272 257 262 276 316 20 27 18 14 14 15 13 10 31 34 18 30 48 48 46 62 56 26 21 37 41 33 42 44 28 221 211 205 193 198 205 199 186 196 204 196 198 197 181 180 176 165 164 164 171 171 181 191 186 197 220 226 201 184 212
320 300 319 337 336 346 2 350 337 345 354 353 339 342 347 319 303 312 335 15 320 272 268 270 282 306 302 305 311 302 314 329 297 274 270 265 265 266 275 355 11 13 22 31 33 20 17 37 31 18 37 49 48 53 58 37 12 14 24 31 31 43 45 30 13 345 330 342 222 212 200 193 199 202 195 204 203 182 178 174 170 175 165 168 239 327 330 339 340 326 341 11 32 274
339 300 294 299 296 318 2 351 321 331 355 2 349 342 349 335 324 322 333 9 5 309 266 263 269 287 297 302 307 293 297 331 331 297 280 279 273 267 261 293 337 358 7 29 39 25 24 36 32 28 52 61 63 66 54 20 6 17 21 25 26 32 31 18 9 357 1 13 18 14 245 222 214 211 207 213 205 183 181 184 194 282 331 344 343 345 347 350 356 340 338 19 33 16
354 340 330 319 306 319 352 349 311 302 339 9 356 332 340 333 330 329 321 352 15 9 288 259 251 268 284 299 310 299 290 304 322 315 294 284 277 270 263 276 307 339 344 30 38 22 23 29 27 28 55 67 70 71 55 9 3 25 24 23 24 30 29 17 8 355 7 15 18 23 0 350 7 289 227 220 216 218 289 323 342 337 326 329 336 342 347 349 2 358 351 15 36 41
352 349 351 332 316 336 357 343 332 327 342 359 5 346 338 333 333 339 309 320 17 22 350 274 245 255 263 273 288 296 298 306 307 319 322 297 279 271 263 271 292 336 311 12 32 27 31 34 27 29 59 67 60 48 21 1 7 27 23 19 29 41 37 23 12 353 2 10 29 40 358 352 20 13 346 344 336 334 335 341 352 342 322 315 320 329 340 344 355 358 359 21 48 57
338 342 350 329 313 336 358 332 331 336 340 354 10 0 346 347 350 356 349 334 358 19 15 350 275 258 258 256 266 285 299 309 302 313 339 323 288 283 288 281 290 350 327 316 15 39 47 46 31 35 63 66 48 20 5 3 14 22 11 5 15 23 19 21 20 5 1 39 89 74 333 349 24 8 348 347 339 333 335 350 359 347 336 332 334 340 349 350 349 358 18 46 65 64
345 340 345 327 311 333 354 309 313 325 326 349 10 359 348 348 352 359 10 3 350 5 12 7 2 284 262 255 262 271 279 290 293 300 333 337 305 291 290 276 273 321 322 313 352 31 38 38 28 33 62 67 43 3 359 8 12 12 5 359 12 21 18 26 28 19 21 72 84 7 330 352 20 4 339 334 329 318 319 341 352 339 337 336 334 346 357 358 4 18 33 54 72 70
351 348 343 328 329 353 355 321 317 328 323 343 5 353 344 345 349 0 19 12 350 358 10 8 19 342 274 255 256 254 249 260 278 296 328 333 317 300 289 271 263 273 300 308 340 18 38 40 27 33 57 50 14 1 4 4 3 3 0 358 23 39 35 36 35 34 44 71 44 332 337 352 13 5 343 339 342 328 320 334 341 322 328 336 327 337 357 12 34 47 47 59 71 72
348 354 346 315 329 4 347 328 324 329 329 341 358 356 351 356 356 0 19 19 351 355 18 17 28 19 295 264 259 253 239 241 254 270 310 330 333 334 328 300 297 315 302 301 326 7 45 47 30 43 52 28 2 3 7 0 358 357 358 3 29 41 32 36 51 62 69 77 30 303 323 347 14 9 340 339 347 342 331 340 348 331 337 351 333 335 19 63 74 70 63 71 76 77
340 353 358 300 309 9 329 320 327 327 317 331 353 357 354 5 5 357 13 14 357 9 32 22 37 47 322 273 264 259 250 255 262 264 277 305 327 345 339 317 319 333 325 319 324 356 47 54 40 53 45 14 358 357 0 359 353 354 2 10 33 34 22 37 54 59 64 74 22 287 297 330 26 15 333 325 332 337 333 338 346 333 341 0 352 6 53 60 65 67 65 74 81 81
347 356 9 324 326 3 330 313 330 340 305 307 343 356 354 8 6 353 7 12 358 22 38 21 34 39 1 289 273 275 280 279 281 276 268 274 295 335 326 316 320 327 319 323 327 341 42 46 29 32 27 10 358 349 349 355 348 352 11 23 40 38 31 54 64 61 63 64 4 300 299 324 27 19 331 316 311 314 320 330 338 325 330 0 24 54 59 53 61 62 59 78 88 82
350 358 16 342 328 1 336 321 338 355 331 322 351 4 355 1 4 347 0 8 356 28 42 27 32 39 26 312 279 281 294 289 290 295 286 275 281 313 299 297 306 306 290 301 324 330 30 41 28 20 19 8 356 352 351 354 356 3 20 39 58 64 64 76 79 79 85 78 338 303 297 315 28 20 336 326 322 310 314 332 339 326 322 12 68 69 51 49 58 60 64 86 92 76
347 356 23 1 325 347 324 317 338 354 339 329 357 10 356 355 3 354 0 4 357 31 44 33 39 53 49 322 284 276 278 280 282 289 290 280 274 281 279 276 281 296 288 293 314 322 12 38 29 21 16 1 351 351 353 354 6 18 24 52 70 70 65 77 82 81 89 92 284 283 282 293 27 12 336 326 326 309 305 325 338 335 343 29 56 56 44 39 57 68 74 81 73 43
350 354 20 24 344 328 308 296 314 341 335 322 349 8 356 350 0 358 4 3 0 22 29 25 36 48 49 326 282 269 260 263 264 265 278 288 286 280 277 279 288 302 303 302 309 315 352 27 29 27 17 352 343 348 356 351 9 26 32 58 69 65 63 74 73 64 70 60 293 278 275 282 7 357 325 317 318 305 290 294 310 326 3 34 47 46 35 43 73 79 74 69 47 23
351 353 29 38 3 335 320 313 323 343 345 331 340 10 2 339 356 0 0 357 359 15 23 27 44 55 49 359 272 250 243 253 257 256 267 280 294 296 285 287 303 309 313 316 310 307 329 23 35 33 15 354 350 358 9 1 5 38 53 72 75 67 63 72 69 62 69 64 300 278 274 278 334 343 323 316 316 309 296 289 281 291 9 37 51 53 44 64 80 77 66 42 19 15
347 358 45 43 11 341 318 313 323 341 351 348 352 10 9 353 358 0 351 347 355 13 32 52 72 71 56 31 303 250 237 247 244 229 243 254 269 291 289 287 296 298 307 321 320 318 330 13 36 34 14 356 353 7 18 13 14 26 45 70 76 71 79 88 82 74 79 78 291 281 283 282 303 326 318 308 307 306 308 314 300 303 0 43 67 75 75 80 79 71 54 10 7 18
348 5 44 46 25 347 305 296 305 321 342 353 359 12 13 8 1 354 353 351 356 15 35 66 82 77 62 35 353 325 281 262 244 226 241 248 250 273 290 291 290 289 300 317 318 322 341 9 30 33 20 10 5 19 22 27 32 26 51 74 77 72 84 89 80 74 79 79 294 281 284 284 285 300 305 299 297 298 302 311 301 303 14 81 95 89 74 78 78 70 40 347 2 24
350 3 35 38 19 2 330 302 304 310 329 353 4 14 18 19 356 346 352 352 2 27 48 73 78 65 41 6 2 6 326 279 251 241 251 250 239 252 269 278 278 276 280 294 299 307 334 2 14 16 20 30 29 32 29 52 68 83 91 87 83 73 78 77 74 78 81 75 307 281 280 287 291 297 305 307 294 287 283 281 282 285 65 87 85 69 64 73 67 38 12 352 1 17
348 351 29 36 14 8 352 318 311 316 336 356 10 21 30 34 342 333 348 353 16 52 72 86 85 58 12 346 3 14 359 339 277 253 252 248 232 242 244 236 238 247 251 250 263 276 295 335 4 9 24 31 19 14 13 29 59 86 113 101 90 77 78 77 78 89 93 82 301 281 281 289 291 294 305 322 308 300 302 297 284 282 91 84 63 52 62 68 53 20 11 4 7 11
334 328 27 38 11 8 0 323 309 307 324 354 28 50 46 20 336 336 357 8 35 72 90 92 84 32 337 332 359 16 15 17 342 299 278 267 255 251 240 228 231 241 244 237 245 251 249 254 292 357 28 31 20 16 20 39 61 68 88 92 82 72 79 81 81 88 90 75 291 275 277 283 287 293 299 313 311 311 315 314 306 309 90 79 59 52 53 57 50 29 35 27 14 6
332 323 6 24 5 3 6 326 299 291 299 348 64 67 27 0 329 330 6 30 57 82 85 75 46 2 329 328 4 21 31 35 7 314 301 298 296 283 268 258 262 268 258 236 236 239 244 267 302 345 15 43 45 36 44 62 67 60 71 79 79 82 89 91 89 82 73 52 306 277 276 279 281 286 286 287 293 299 309 304 310 31 77 64 56 48 51 53 47 37 42 21 5 6
323 309 338 1 359 2 6 349 325 309 306 9 75 62 14 353 316 316 15 50 67 75 71 57 17 355 332 329 3 14 26 35 26 309 291 296 299 297 292 287 278 276 268 245 240 242 250 274 307 354 10 29 35 36 54 70 68 63 77 88 95 102 103 98 90 83 76 66 302 277 275 276 272 272 274 276 282 289 301 290 290 62 55 55 56 50 62 63 53 46 46 16 357 357
292 285 300 329 347 0 3 356 336 323 329 31 64 40 5 353 326 323 19 57 66 64 68 59 354 337 324 327 356 14 34 43 33 341 279 267 273 282 284 284 273 267 266 279 279 267 261 267 282 350 13 34 48 57 74 76 68 72 85 90 91 96 99 95 87 87 85 78 299 284 279 272 269 270 273 278 284 285 285 281 296 17 30 40 47 53 73 76 67 62 56 18 345 338
287 277 275 274 287 331 352 356 334 321 346 43 55 21 357 351 341 342 9 48 61 62 69 56 329 323 311 316 351 37 67 60 38 27 283 253 261 279 291 296 295 303 320 319 308 296 279 265 261 267 34 74 86 86 90 93 87 88 92 92 89 87 86 84 85 87 86 81 288 282 276 264 267 270 272 275 278 276 268 271 284 344 33 47 45 51 68 75 69 72 66 15 337 310
299 286 289 289 289 303 327 346 328 321 3 59 52 13 349 345 349 348 6 59 74 72 67 38 324 313 305 312 354 55 71 58 45 54 24 267 267 274 283 290 293 306 337 339 331 320 292 263 254 247 -1 88 89 87 92 105 114 103 101 99 95 90 87 85 84 85 86 79 274 266 257 257 264 268 269 267 265 260 258 264 270 294 50 62 54 59 72 77 72 73 59 356 342 313
274 280 290 300 299 305 321 326 312 320 11 31 29 13 348 352 354 349 49 94 95 81 61 32 336 294 282 292 352 49 47 31 29 45 44 289 269 269 277 286 283 291 329 335 343 355 308 266 258 254 282 53 55 61 77 84 96 101 102 100 99 95 91 88 93 97 91 77 273 265 258 265 272 268 260 257 250 239 240 255 265 279 45 66 70 82 85 82 68 62 36 346 340 312
236 262 273 285 287 294 319 321 303 310 359 13 23 17 358 4 2 6 85 101 100 69 49 30 0 312 278 274 317 32 36 30 41 63 67 307 271 277 289 295 289 294 325 329 351 32 352 286 272 267 284 20 44 50 67 72 73 83 82 76 78 87 91 90 93 96 89 75 275 266 260 267 270 259 246 246 241 231 241 258 257 247 168 74 74 89 93 83 63 52 22 341 338 307
219 250 256 262 275 286 308 310 290 292 329 353 20 27 22 16 10 39 81 78 42 20 21 17 7 352 296 272 279 356 39 50 74 85 81 8 275 276 280 288 291 291 306 327 7 30 0 318 285 271 272 344 70 68 75 75 71 76 75 70 71 80 83 80 82 81 74 60 291 274 261 261 258 247 241 246 245 237 250 259 250 239 225 96 91 99 100 78 44 17 357 347 352 324
240 252 245 243 255 270 296 313 301 298 317 323 5 40 38 14 19 59 75 55 17 11 14 16 14 20 316 281 296 338 40 66 81 81 71 26 277 271 270 276 279 274 269 300 3 18 2 343 309 288 277 310 72 81 86 78 65 75 80 82 89 91 81 66 78 82 76 53 297 289 291 280 280 287 279 269 260 246 254 256 248 248 241 118 104 101 91 43 15 352 343 350 355 340
