data/CentralKootenay/elevation.asc
ncols	779
nrows	635
xllcorner	-1620000
yllcorner	438000
cellsize	100
NODATA_value	-9999
[rows 0 to 36 of 635, columns 588 to 671 of 779]
2340 2261 2218 2197 2130 2089 2061 2045 2060 1993 1971 1964 1867 1823 1794 1783 1738 1715 1694 1677 1651 1607 1569 1510 1478 1443 1401 1413 1436 1468 1540 1574 1622 1721 1728 1716 1690 1635 1615 1595 1568 1561 1550 1539 1481 1440 1407 1370 1345 1318 1293 1258 1239 1213 1181 1175 1160 1148 1128 1121 1111 1096 1098 1090 1077 1055 1049 1039 1021 1021 1028 1055 1030 1011 999 969 960 953 948 931 922 910 886 862
2309 2228 2184 2186 2188 2149 2153 2154 2124 2087 2019 1979 1916 1863 1829 1797 1772 1741 1715 1694 1674 1634 1562 1532 1503 1470 1411 1387 1389 1411 1475 1517 1590 1673 1704 1710 1692 1634 1615 1597 1570 1563 1551 1541 1491 1454 1414 1365 1351 1324 1300 1256 1242 1226 1194 1174 1159 1148 1131 1124 1114 1094 1100 1097 1085 1068 1062 1050 1026 1025 1023 1030 1042 1024 1014 981 966 952 951 939 933 921 895 871
2250 2172 2139 2143 2162 2120 2117 2111 2078 2058 2043 2029 1969 1919 1872 1833 1823 1773 1747 1711 1693 1659 1584 1552 1525 1498 1431 1399 1382 1421 1453 1489 1530 1605 1659 1686 1670 1644 1621 1599 1572 1567 1556 1531 1505 1467 1417 1363 1344 1322 1303 1255 1247 1232 1200 1176 1167 1157 1129 1123 1118 1091 1098 1098 1090 1075 1069 1060 1035 1033 1031 1024 1047 1032 1023 986 967 958 952 946 941 934 905 881
2182 2124 2096 2089 2124 2092 2066 2062 2024 2021 2004 1996 1966 1936 1886 1841 1845 1837 1813 1757 1728 1700 1626 1568 1539 1510 1454 1421 1391 1401 1433 1465 1497 1576 1630 1666 1673 1648 1624 1606 1582 1573 1565 1535 1518 1479 1422 1367 1342 1320 1277 1255 1247 1237 1205 1178 1166 1148 1133 1123 1119 1093 1087 1090 1082 1076 1067 1063 1040 1037 1038 1039 1050 1037 1031 993 972 960 955 949 942 936 906 892
2120 2038 2015 2000 2033 2026 1997 1999 1979 1969 1965 1945 1941 1920 1879 1843 1845 1852 1841 1785 1750 1721 1654 1612 1571 1544 1491 1460 1423 1359 1411 1442 1472 1563 1613 1662 1674 1651 1628 1612 1588 1577 1567 1538 1522 1499 1459 1379 1345 1319 1275 1252 1241 1237 1209 1183 1168 1153 1141 1126 1119 1094 1083 1083 1079 1073 1064 1057 1038 1036 1041 1026 1037 1046 1035 1000 980 967 953 954 945 935 908 898
2084 2000 1970 1955 1982 1967 1959 1913 1882 1864 1866 1859 1870 1861 1860 1836 1835 1845 1838 1811 1773 1740 1676 1636 1595 1529 1506 1476 1440 1353 1380 1412 1488 1530 1577 1635 1676 1655 1636 1619 1594 1582 1570 1543 1529 1508 1470 1390 1348 1320 1271 1252 1236 1233 1223 1204 1180 1158 1143 1130 1119 1097 1087 1081 1075 1068 1061 1050 1035 1027 1030 1021 1028 1043 1037 1011 992 976 951 949 947 938 913 903
2035 1959 1937 1912 1944 1912 1905 1882 1818 1815 1823 1804 1816 1814 1799 1805 1806 1821 1854 1833 1797 1761 1694 1654 1612 1543 1517 1487 1452 1355 1351 1388 1469 1506 1560 1618 1682 1676 1654 1623 1611 1597 1577 1551 1538 1518 1436 1399 1354 1320 1271 1255 1235 1225 1225 1207 1188 1162 1150 1139 1114 1107 1103 1088 1068 1064 1057 1043 1030 1018 1015 1015 1017 1036 1034 1013 997 982 955 949 951 947 927 915
1897 1874 1850 1829 1906 1867 1848 1839 1772 1768 1781 1754 1768 1770 1749 1766 1782 1801 1826 1824 1810 1788 1731 1697 1657 1574 1539 1497 1461 1372 1334 1375 1461 1503 1551 1610 1680 1679 1667 1632 1618 1606 1596 1569 1548 1524 1453 1417 1377 1323 1274 1257 1237 1215 1215 1205 1193 1166 1153 1141 1116 1110 1109 1095 1069 1062 1054 1037 1036 1034 1023 1010 1010 1023 1030 1017 1003 988 960 949 950 942 933 921
1852 1820 1804 1793 1802 1777 1742 1712 1697 1670 1674 1703 1719 1722 1708 1722 1741 1757 1781 1775 1777 1755 1740 1710 1672 1591 1553 1515 1476 1399 1347 1336 1428 1484 1531 1588 1677 1679 1672 1638 1625 1613 1602 1576 1554 1528 1458 1422 1383 1341 1276 1256 1237 1203 1188 1194 1191 1173 1153 1142 1119 1112 1113 1103 1074 1066 1055 1038 1038 1036 1031 1009 1009 1009 1022 1018 1007 992 964 951 947 942 935 924
1808 1780 1764 1753 1747 1725 1696 1660 1647 1626 1626 1618 1626 1626 1615 1632 1639 1704 1713 1716 1723 1709 1713 1716 1682 1598 1563 1524 1446 1403 1353 1313 1415 1456 1496 1601 1656 1679 1674 1645 1631 1618 1595 1579 1555 1526 1462 1425 1389 1350 1281 1256 1233 1200 1186 1183 1182 1175 1158 1145 1123 1115 1112 1108 1078 1068 1056 1039 1037 1040 1040 1009 1009 1009 1022 1021 1007 993 965 956 947 941 934 930
1717 1695 1726 1711 1695 1674 1651 1612 1601 1584 1576 1571 1575 1577 1572 1584 1594 1607 1595 1616 1615 1600 1619 1634 1671 1605 1572 1537 1453 1405 1353 1308 1406 1449 1487 1590 1646 1678 1676 1656 1645 1635 1605 1584 1557 1519 1462 1428 1392 1317 1290 1262 1233 1192 1184 1178 1181 1178 1163 1147 1123 1113 1105 1101 1088 1072 1063 1040 1037 1037 1030 1012 1009 1010 1028 1024 1009 995 965 957 948 936 932 929
1674 1657 1636 1604 1592 1576 1562 1532 1560 1548 1532 1526 1525 1526 1533 1538 1552 1561 1546 1569 1563 1550 1574 1582 1573 1541 1547 1539 1450 1395 1350 1304 1399 1440 1478 1576 1634 1677 1680 1663 1653 1645 1616 1591 1559 1521 1461 1438 1407 1334 1305 1277 1238 1199 1187 1175 1180 1180 1166 1151 1125 1114 1103 1101 1089 1074 1065 1041 1036 1037 1037 1028 1014 1013 1031 1027 1015 978 966 957 948 934 929 924
1639 1622 1600 1568 1553 1535 1522 1500 1496 1485 1469 1465 1462 1463 1493 1492 1506 1503 1501 1517 1516 1505 1521 1526 1508 1492 1512 1520 1427 1381 1331 1329 1391 1437 1482 1583 1650 1681 1686 1669 1660 1653 1624 1597 1563 1529 1470 1446 1417 1349 1322 1292 1268 1215 1192 1187 1171 1176 1170 1157 1127 1113 1104 1097 1093 1080 1065 1043 1037 1037 1038 1033 1020 1008 1030 1028 1020 984 970 960 949 933 928 924
1598 1587 1562 1543 1532 1516 1499 1482 1483 1478 1469 1470 1462 1459 1456 1451 1448 1438 1437 1440 1447 1463 1466 1471 1459 1451 1456 1463 1397 1361 1304 1336 1396 1448 1495 1623 1674 1691 1701 1688 1672 1662 1636 1606 1574 1514 1480 1453 1428 1359 1340 1314 1258 1230 1192 1182 1163 1168 1164 1148 1137 1118 1110 1093 1092 1085 1071 1046 1039 1037 1037 1033 1018 1003 1023 1024 1025 987 969 958 948 939 933 924
1522 1511 1504 1507 1500 1507 1490 1493 1503 1504 1505 1500 1491 1482 1468 1467 1465 1438 1430 1425 1424 1407 1402 1386 1374 1364 1361 1393 1361 1324 1279 1353 1410 1458 1507 1652 1683 1697 1709 1699 1681 1664 1645 1634 1610 1547 1505 1474 1448 1381 1360 1335 1275 1247 1211 1181 1164 1159 1158 1149 1139 1122 1113 1095 1088 1088 1066 1051 1042 1038 1040 1035 1017 1003 1019 1019 1024 992 971 958 940 942 936 924
1510 1501 1499 1501 1505 1516 1552 1568 1581 1581 1591 1538 1533 1508 1499 1493 1488 1458 1452 1442 1423 1409 1395 1373 1347 1333 1319 1300 1279 1274 1253 1346 1406 1464 1529 1657 1681 1698 1718 1710 1690 1671 1650 1646 1621 1553 1514 1480 1455 1432 1399 1367 1297 1263 1221 1198 1171 1164 1153 1148 1141 1130 1120 1098 1090 1085 1068 1053 1043 1037 1040 1038 1021 989 1001 1005 1009 997 972 957 939 941 938 926
1507 1503 1506 1531 1541 1559 1598 1612 1623 1623 1636 1638 1632 1610 1588 1566 1563 1539 1498 1485 1460 1449 1421 1386 1345 1327 1322 1300 1269 1250 1244 1329 1387 1442 1542 1608 1665 1689 1717 1713 1701 1669 1658 1652 1629 1561 1521 1490 1470 1450 1417 1382 1314 1273 1232 1206 1168 1163 1158 1138 1131 1129 1125 1105 1097 1088 1069 1055 1042 1037 1041 1036 1018 992 985 996 1002 1000 974 958 940 936 940 928
1554 1558 1529 1576 1589 1606 1643 1662 1669 1676 1681 1685 1684 1663 1636 1611 1616 1587 1584 1560 1551 1532 1502 1479 1392 1378 1369 1318 1277 1245 1239 1322 1370 1411 1488 1570 1647 1677 1713 1709 1700 1683 1674 1667 1653 1598 1531 1503 1482 1465 1433 1399 1331 1285 1248 1187 1170 1164 1160 1137 1125 1124 1116 1109 1104 1094 1077 1062 1044 1036 1039 1036 1016 1000 981 988 993 1011 983 960 940 935 937 928
1587 1601 1649 1673 1691 1716 1767 1778 1772 1729 1728 1741 1745 1728 1684 1648 1665 1638 1624 1617 1596 1580 1561 1540 1481 1473 1450 1356 1320 1259 1234 1307 1345 1378 1480 1538 1625 1664 1693 1706 1705 1686 1679 1672 1660 1622 1577 1546 1510 1492 1466 1430 1357 1299 1263 1195 1175 1164 1161 1142 1122 1118 1109 1108 1103 1096 1075 1064 1047 1035 1032 1030 1018 998 987 979 1000 1015 993 966 940 932 933 911
1620 1637 1695 1725 1746 1763 1825 1832 1833 1835 1828 1838 1864 1834 1769 1694 1711 1686 1675 1664 1633 1623 1613 1569 1545 1519 1465 1361 1329 1287 1237 1241 1278 1320 1397 1441 1488 1616 1659 1695 1704 1688 1681 1675 1663 1637 1588 1559 1514 1505 1486 1448 1377 1328 1285 1217 1197 1179 1169 1143 1127 1122 1108 1099 1097 1094 1075 1065 1051 1038 1033 1033 1020 994 991 975 997 1011 1011 985 942 934 928 909
1642 1667 1733 1768 1788 1806 1863 1888 1901 1897 1890 1891 1912 1870 1802 1794 1800 1771 1763 1749 1709 1666 1667 1616 1594 1540 1477 1380 1345 1305 1247 1225 1238 1290 1354 1391 1426 1518 1574 1607 1615 1626 1649 1663 1656 1640 1595 1563 1519 1513 1502 1435 1392 1339 1299 1234 1211 1189 1160 1147 1137 1130 1121 1113 1103 1092 1075 1066 1056 1043 1035 1035 1025 993 989 977 993 1007 1016 994 945 933 923 912
1665 1701 1781 1817 1849 1885 1898 1934 1963 1961 1960 1950 1953 1892 1840 1851 1847 1812 1798 1782 1757 1760 1764 1689 1638 1581 1520 1422 1351 1317 1256 1227 1220 1257 1315 1349 1375 1454 1497 1527 1538 1564 1592 1629 1666 1647 1616 1578 1537 1531 1516 1453 1406 1357 1313 1248 1219 1195 1168 1153 1140 1133 1124 1116 1107 1086 1076 1071 1068 1055 1045 1035 1009 995 992 987 990 999 1010 970 951 932 923 911
1670 1704 1789 1826 1862 1943 1981 2002 2045 2089 2098 2088 1970 1915 1885 1912 1881 1849 1831 1797 1794 1800 1787 1692 1633 1566 1517 1476 1429 1385 1303 1257 1214 1210 1287 1316 1337 1408 1440 1471 1479 1513 1572 1623 1672 1655 1623 1581 1535 1526 1518 1458 1422 1374 1330 1273 1230 1201 1175 1161 1147 1139 1129 1122 1116 1090 1077 1069 1066 1056 1045 1033 1013 999 990 992 977 992 1002 977 958 938 922 910
1672 1702 1788 1832 1868 1949 1996 2038 2070 2145 2171 2148 2039 2004 2015 2039 1952 1920 1861 1831 1830 1819 1778 1686 1627 1589 1545 1495 1445 1406 1331 1283 1234 1208 1229 1249 1278 1332 1359 1376 1483 1535 1590 1639 1687 1671 1634 1556 1532 1517 1505 1445 1412 1375 1337 1285 1251 1219 1184 1174 1163 1151 1133 1127 1121 1092 1080 1069 1066 1054 1045 1032 1014 1003 992 989 975 987 997 984 955 939 922 910
1691 1694 1778 1832 1869 1949 1998 2049 2095 2184 2223 2212 2090 2070 2086 2097 1991 1962 1934 1902 1857 1821 1790 1738 1720 1648 1565 1522 1481 1425 1344 1300 1268 1204 1193 1211 1257 1308 1328 1363 1478 1551 1610 1650 1694 1699 1656 1558 1530 1509 1492 1430 1403 1373 1309 1289 1253 1225 1186 1176 1166 1141 1136 1135 1134 1105 1085 1066 1058 1055 1039 1028 1018 1006 993 987 974 977 991 987 960 938 924 910
1707 1725 1771 1818 1861 1947 1988 2028 2128 2185 2229 2239 2145 2128 2156 2142 2038 2013 1996 1913 1864 1832 1805 1757 1731 1690 1579 1532 1485 1455 1405 1332 1318 1230 1193 1192 1238 1291 1320 1367 1489 1562 1616 1651 1687 1692 1659 1577 1547 1509 1475 1403 1372 1349 1311 1287 1255 1235 1189 1177 1167 1143 1139 1140 1139 1114 1093 1068 1054 1053 1047 1033 1022 1009 991 986 977 970 979 989 962 935 911 910
1721 1725 1761 1807 1846 1932 1977 2022 2117 2164 2212 2255 2253 2244 2257 2170 2101 2087 2052 1935 1883 1841 1795 1760 1718 1672 1584 1543 1507 1457 1438 1405 1357 1258 1201 1172 1194 1270 1317 1366 1504 1568 1615 1651 1684 1682 1661 1586 1552 1511 1478 1393 1351 1333 1301 1271 1250 1237 1195 1181 1169 1146 1139 1140 1139 1120 1098 1071 1052 1055 1052 1037 1017 1007 989 989 975 965 965 980 971 959 912 912
1738 1727 1762 1812 1861 1946 1985 2023 2107 2149 2198 2243 2296 2303 2299 2191 2140 2077 2027 1935 1892 1851 1795 1750 1707 1669 1593 1559 1528 1500 1470 1425 1374 1272 1213 1170 1213 1254 1294 1348 1494 1552 1599 1670 1688 1678 1653 1589 1554 1520 1448 1398 1358 1330 1289 1268 1252 1214 1199 1185 1172 1146 1136 1131 1132 1126 1108 1079 1050 1055 1054 1041 1011 1005 989 986 977 964 966 977 979 961 917 920
1769 1743 1772 1820 1865 1942 1987 2023 2094 2134 2179 2222 2290 2315 2299 2191 2136 2065 2006 1909 1872 1841 1783 1753 1731 1715 1667 1645 1577 1536 1492 1437 1388 1286 1228 1179 1188 1233 1280 1328 1444 1515 1572 1653 1671 1666 1645 1585 1554 1533 1463 1402 1361 1336 1300 1283 1263 1222 1203 1188 1177 1154 1142 1128 1131 1130 1120 1097 1062 1050 1047 1041 1023 1000 988 988 982 965 967 972 987 968 918 922
1778 1748 1775 1822 1906 1933 1973 2010 2088 2126 2168 2261 2298 2322 2300 2186 2122 2056 1953 1921 1888 1856 1799 1793 1775 1759 1719 1700 1678 1561 1511 1459 1410 1325 1280 1196 1174 1215 1260 1307 1397 1443 1477 1587 1633 1647 1633 1584 1559 1537 1472 1430 1384 1352 1324 1308 1286 1232 1205 1191 1179 1161 1149 1136 1123 1131 1122 1104 1065 1054 1048 1046 1025 1005 994 984 993 979 976 972 982 981 920 925
1780 1755 1786 1825 1904 1927 1964 2005 2083 2120 2161 2255 2294 2318 2320 2197 2142 2085 2000 1939 1905 1870 1852 1841 1817 1791 1764 1730 1682 1558 1503 1456 1361 1313 1276 1237 1163 1169 1201 1284 1316 1391 1435 1539 1579 1609 1598 1582 1563 1542 1484 1447 1400 1359 1334 1321 1299 1248 1214 1193 1182 1173 1162 1143 1111 1122 1122 1109 1069 1054 1046 1046 1028 1010 997 982 986 986 970 986 991 972 929 920
1797 1778 1802 1832 1907 1929 1960 1999 2075 2109 2146 2239 2280 2320 2323 2212 2160 2105 2024 1991 1981 1955 1953 1920 1874 1795 1744 1694 1645 1531 1480 1439 1363 1336 1308 1277 1180 1152 1179 1240 1272 1310 1337 1458 1500 1536 1579 1587 1570 1548 1494 1459 1420 1355 1344 1332 1313 1251 1214 1194 1179 1175 1164 1152 1128 1105 1100 1094 1067 1055 1049 1043 1034 1015 996 983 979 982 963 981 999 983 934 921
1794 1791 1810 1845 1922 1944 1966 2025 2058 2096 2146 2247 2292 2340 2347 2255 2194 2128 2062 2035 2034 2008 1975 1916 1859 1747 1712 1677 1641 1591 1554 1502 1402 1370 1324 1281 1179 1142 1152 1201 1225 1258 1281 1382 1434 1496 1558 1583 1578 1564 1517 1488 1460 1393 1354 1340 1325 1259 1218 1197 1176 1175 1168 1157 1135 1114 1087 1090 1067 1055 1054 1043 1036 1021 987 991 974 976 955 971 991 961 939 922
1813 1807 1822 1852 1922 1945 1964 2031 2062 2092 2129 2222 2270 2320 2362 2299 2207 2175 2135 2085 2085 2013 1962 1913 1863 1779 1757 1725 1658 1616 1579 1545 1446 1388 1338 1253 1250 1198 1138 1170 1186 1215 1245 1321 1357 1418 1526 1559 1573 1572 1530 1501 1475 1414 1382 1359 1341 1280 1238 1206 1173 1171 1168 1158 1143 1122 1093 1085 1067 1057 1055 1045 1035 1024 984 991 979 965 952 949 965 972 950 926
1828 1816 1829 1851 1918 1951 1962 2021 2052 2090 2139 2243 2294 2344 2404 2348 2316 2306 2242 2197 2142 2023 1976 1916 1877 1829 1811 1774 1692 1659 1613 1566 1446 1394 1344 1294 1281 1239 1196 1127 1123 1144 1194 1221 1249 1339 1447 1499 1556 1555 1536 1511 1483 1434 1398 1370 1322 1289 1251 1212 1175 1169 1165 1161 1150 1137 1115 1072 1067 1057 1055 1045 1032 1021 983 986 978 960 953 945 955 975 953 926
1859 1834 1835 1849 1907 1948 1970 2008 2044 2091 2146 2258 2310 2358 2420 2404 2378 2362 2274 2223 2158 2060 2007 1958 1919 1882 1856 1812 1703 1663 1609 1550 1439 1380 1342 1342 1313 1275 1231 1154 1124 1116 1155 1173 1201 1227 1293 1323 1361 1447 1485 1513 1492 1446 1407 1378 1328 1306 1265 1217 1176 1167 1163 1158 1154 1142 1122 1054 1031 995 991 1014 1017 1016 984 978 972 953 951 940 945 965 946 922
1875 1843 1836 1867 1905 1939 1971 2022 2048 2084 2177 2228 2278 2350 2425 2444 2434 2355 2304 2253 2189 2073 2026 1976 1903 1882 1849 1793 1672 1610 1552 1493 1432 1445 1451 1379 1350 1300 1269 1202 1173 1137 1113 1131 1160 1185 1234 1261 1276 1374 1408 1453 1479 1444 1413 1388 1345 1319 1268 1224 1174 1165 1162 1157 1155 1145 1126 1047 1011 952 927 924 942 991 984 970 960 944 940 935 938 951 938 926
