data/CentralKootenay/elevation.asc
ncols	779
nrows	635
xllcorner	-1620000
yllcorner	438000
cellsize	100
NODATA_value	-9999
[rows 185 to 221 of 635, columns 672 to 755 of 779]
2188 2227 2255 2232 2220 2227 2259 2322 2346 2320 2291 2244 2225 2204 2152 2122 2089 2048 1980 1952 1917 1861 1831 1810 1793 1789 1792 1771 1735 1705 1671 1659 1597 1572 1540 1497 1480 1463 1443 1417 1412 1407 1369 1324 1313 1295 1247 1234 1216 1191 1120 1086 1090 1096 1085 1065 1050 998 995 983 953 935 918 911 903 878 849 801 790 785 785 785 -9999 -9999 -9999 -9999 -9999 -9999 -9999 -9999 -9999 -9999 -9999 -9999
2102 2146 2150 2135 2198 2200 2223 2313 2325 2303 2276 2231 2207 2182 2132 2107 2083 2047 1981 1957 1945 1931 1923 1914 1896 1872 1857 1807 1769 1730 1705 1687 1621 1594 1563 1508 1485 1472 1454 1421 1414 1415 1378 1351 1333 1319 1273 1245 1214 1151 1124 1101 1112 1110 1100 1083 1039 1013 1010 993 972 959 936 921 905 897 896 853 824 799 790 785 -9999 -9999 -9999 -9999 -9999 -9999 -9999 -9999 -9999 -9999 -9999 -9999
2075 2099 2094 2106 2135 2169 2201 2273 2285 2264 2257 2219 2194 2174 2127 2109 2088 2063 1986 1973 1969 1991 1983 1973 1943 1912 1899 1875 1805 1776 1750 1721 1646 1608 1580 1521 1500 1480 1459 1427 1414 1414 1393 1362 1341 1325 1281 1252 1222 1193 1174 1142 1161 1121 1113 1091 1048 1032 1021 1002 986 976 953 926 912 907 907 880 850 820 797 -9999 -9999 -9999 -9999 -9999 -9999 -9999 -9999 -9999 -9999 -9999 -9999 -9999
2033 2051 2044 2076 2118 2163 2194 2262 2276 2291 2273 2224 2174 2154 2123 2114 2085 2026 2001 2004 2013 2064 2048 2017 1968 1942 1922 1896 1829 1790 1759 1719 1667 1640 1615 1579 1536 1495 1464 1434 1417 1407 1399 1367 1344 1328 1286 1261 1236 1208 1188 1158 1181 1146 1127 1118 1085 1058 1035 1023 1003 1000 969 930 917 909 914 900 871 832 813 -9999 -9999 -9999 -9999 -9999 -9999 -9999 -9999 -9999 -9999 -9999 -9999 -9999
1943 2002 1998 2053 2103 2139 2179 2245 2275 2304 2284 2233 2187 2148 2124 2114 2103 2091 2088 2093 2126 2172 2132 2092 1998 1967 1938 1909 1836 1804 1771 1727 1699 1669 1642 1587 1556 1513 1449 1424 1394 1375 1343 1328 1311 1282 1278 1261 1245 1205 1188 1181 1188 1172 1152 1130 1101 1071 1043 1031 1010 1004 997 941 929 915 913 909 884 853 -9999 -9999 -9999 -9999 -9999 -9999 -9999 -9999 -9999 -9999 -9999 -9999 -9999 -9999
1898 1896 1906 1980 2031 2070 2113 2206 2253 2282 2306 2264 2224 2180 2147 2145 2142 2137 2163 2154 2173 2197 2154 2112 2043 2010 1974 1936 1879 1850 1794 1748 1719 1689 1662 1595 1568 1530 1445 1415 1421 1413 1366 1347 1334 1296 1278 1265 1251 1221 1205 1194 1188 1183 1171 1150 1114 1086 1054 1034 1023 1007 1003 961 933 925 913 908 895 881 -9999 -9999 -9999 -9999 -9999 -9999 -9999 -9999 -9999 -9999 -9999 -9999 -9999 -9999
1852 1848 1864 1944 1988 2043 2140 2175 2202 2224 2285 2300 2311 2275 2198 2198 2198 2205 2218 2214 2220 2207 2152 2116 2067 2034 1995 1962 1898 1866 1830 1777 1755 1722 1691 1626 1577 1548 1456 1438 1459 1447 1396 1375 1362 1322 1300 1281 1266 1230 1208 1194 1184 1185 1182 1172 1141 1116 1085 1037 1029 1014 1009 977 949 937 916 905 898 -9999 -9999 -9999 -9999 -9999 -9999 -9999 -9999 -9999 -9999 -9999 -9999 -9999 -9999 -9999
1804 1806 1847 1943 1990 2028 2101 2135 2176 2215 2265 2268 2290 2312 2320 2342 2356 2350 2340 2303 2213 2191 2142 2115 2083 2054 2021 1944 1909 1877 1841 1779 1758 1733 1666 1635 1597 1550 1482 1495 1507 1498 1450 1402 1386 1352 1326 1298 1276 1236 1216 1200 1182 1184 1177 1172 1148 1125 1099 1046 1040 1026 1020 998 985 943 929 921 904 -9999 -9999 -9999 -9999 -9999 -9999 -9999 -9999 -9999 -9999 -9999 -9999 -9999 -9999 -9999
1744 1788 1830 1916 1949 2000 2081 2122 2165 2206 2240 2234 2249 2294 2328 2355 2375 2375 2350 2297 2205 2163 2134 2134 2110 2088 2059 1960 1915 1881 1845 1777 1758 1737 1668 1633 1584 1545 1506 1523 1525 1504 1479 1446 1420 1388 1365 1331 1282 1245 1229 1213 1182 1180 1178 1163 1151 1133 1110 1054 1046 1038 1023 1007 996 975 953 951 944 -9999 -9999 -9999 -9999 -9999 -9999 -9999 -9999 -9999 -9999 -9999 -9999 -9999 -9999 -9999
1738 1787 1859 1896 1940 1988 2060 2112 2163 2187 2168 2205 2214 2280 2319 2363 2369 2390 2338 2286 2215 2177 2147 2143 2109 2088 2061 1973 1932 1890 1857 1797 1763 1738 1654 1618 1587 1589 1532 1542 1550 1521 1504 1474 1444 1400 1372 1347 1304 1285 1261 1235 1200 1180 1174 1169 1153 1139 1119 1069 1050 1045 1020 1014 1002 980 962 955 -9999 -9999 -9999 -9999 -9999 -9999 -9999 -9999 -9999 -9999 -9999 -9999 -9999 -9999 -9999 -9999
1735 1781 1849 1885 1934 1986 2079 2129 2149 2128 2122 2142 2184 2241 2275 2311 2364 2364 2344 2297 2234 2193 2173 2154 2133 2114 2081 2003 1965 1919 1877 1797 1764 1742 1694 1678 1660 1620 1599 1610 1575 1535 1524 1502 1472 1418 1391 1364 1321 1302 1278 1247 1208 1189 1173 1167 1157 1146 1137 1089 1068 1050 1025 1020 1005 984 973 961 -9999 -9999 -9999 -9999 -9999 -9999 -9999 -9999 -9999 -9999 -9999 -9999 -9999 -9999 -9999 -9999
1735 1784 1850 1895 1945 1994 2089 2098 2094 2074 2088 2123 2166 2204 2218 2257 2332 2342 2360 2350 2259 2228 2218 2210 2169 2147 2112 2038 1990 1936 1841 1812 1792 1756 1717 1695 1667 1643 1624 1634 1633 1567 1549 1527 1480 1470 1421 1385 1336 1319 1296 1266 1215 1194 1176 1158 1146 1140 1136 1101 1077 1056 1024 1013 1018 1020 998 -9999 -9999 -9999 -9999 -9999 -9999 -9999 -9999 -9999 -9999 -9999 -9999 -9999 -9999 -9999 -9999 -9999
1757 1806 1899 1938 1975 2010 2019 1993 2032 2031 2056 2098 2130 2182 2193 2217 2300 2330 2334 2341 2263 2242 2233 2229 2210 2180 2129 2040 1992 1954 1870 1851 1819 1797 1739 1706 1689 1663 1643 1644 1656 1583 1562 1536 1496 1482 1464 1430 1359 1340 1320 1267 1237 1204 1187 1158 1146 1135 1125 1112 1085 1065 1025 1031 1041 1031 1015 -9999 -9999 -9999 -9999 -9999 -9999 -9999 -9999 -9999 -9999 -9999 -9999 -9999 -9999 -9999 -9999 -9999
1791 1832 1901 1959 1976 2006 1977 1951 1935 1973 2003 2032 2081 2135 2168 2195 2288 2322 2319 2308 2276 2266 2263 2241 2209 2177 2136 2042 2003 1986 1961 1939 1907 1871 1786 1756 1738 1674 1652 1652 1664 1599 1580 1554 1507 1495 1482 1451 1379 1358 1334 1271 1239 1219 1204 1174 1153 1138 1125 1113 1090 1072 1043 1050 1054 1039 -9999 -9999 -9999 -9999 -9999 -9999 -9999 -9999 -9999 -9999 -9999 -9999 -9999 -9999 -9999 -9999 -9999 -9999
1808 1841 1897 1948 1953 1965 1936 1908 1915 1957 1985 2006 2058 2111 2157 2197 2280 2315 2331 2313 2302 2274 2266 2224 2184 2155 2096 2069 2046 2037 2005 1978 1937 1853 1824 1787 1752 1699 1675 1666 1669 1631 1606 1563 1512 1501 1491 1465 1394 1370 1339 1270 1252 1232 1216 1185 1163 1144 1123 1118 1100 1085 1064 1052 1049 1051 -9999 -9999 -9999 -9999 -9999 -9999 -9999 -9999 -9999 -9999 -9999 -9999 -9999 -9999 -9999 -9999 -9999 -9999
1797 1797 1837 1858 1874 1916 1889 1883 1898 1941 1956 1972 2040 2097 2144 2189 2279 2310 2327 2349 2342 2324 2286 2214 2191 2179 2154 2111 2083 2059 2021 1994 1955 1894 1864 1822 1781 1725 1698 1684 1671 1638 1605 1574 1515 1501 1497 1444 1391 1355 1335 1294 1277 1250 1208 1194 1176 1158 1128 1117 1104 1089 1067 1053 1045 -9999 -9999 -9999 -9999 -9999 -9999 -9999 -9999 -9999 -9999 -9999 -9999 -9999 -9999 -9999 -9999 -9999 -9999 -9999
1740 1771 1792 1810 1824 1811 1808 1832 1877 1898 1931 1955 2027 2084 2135 2186 2276 2299 2318 2362 2379 2363 2316 2238 2217 2204 2168 2142 2112 2079 2037 2027 2003 1947 1891 1860 1826 1762 1725 1709 1674 1639 1603 1565 1509 1485 1473 1420 1391 1387 1375 1331 1309 1282 1232 1211 1192 1172 1144 1126 1118 1084 1069 1056 1042 -9999 -9999 -9999 -9999 -9999 -9999 -9999 -9999 -9999 -9999 -9999 -9999 -9999 -9999 -9999 -9999 -9999 -9999 -9999
1691 1730 1755 1763 1768 1768 1774 1799 1859 1887 1917 1964 2062 2114 2170 2256 2271 2280 2311 2354 2377 2377 2303 2268 2239 2214 2181 2155 2127 2097 2038 2026 2012 1971 1948 1915 1885 1791 1745 1698 1643 1619 1600 1583 1533 1499 1464 1423 1428 1417 1393 1345 1321 1293 1243 1223 1202 1185 1160 1151 1142 1107 1084 1058 1045 -9999 -9999 -9999 -9999 -9999 -9999 -9999 -9999 -9999 -9999 -9999 -9999 -9999 -9999 -9999 -9999 -9999 -9999 -9999
1680 1672 1730 1743 1730 1729 1750 1775 1827 1860 1917 1973 2082 2136 2179 2239 2253 2266 2280 2337 2355 2352 2346 2334 2269 2243 2192 2173 2140 2072 2042 2024 2017 1987 1962 1928 1838 1791 1740 1704 1687 1668 1646 1587 1553 1523 1493 1461 1444 1426 1405 1355 1331 1309 1258 1234 1210 1193 1171 1159 1150 1114 1090 1074 -9999 -9999 -9999 -9999 -9999 -9999 -9999 -9999 -9999 -9999 -9999 -9999 -9999 -9999 -9999 -9999 -9999 -9999 -9999 -9999
1674 1644 1656 1655 1648 1681 1707 1751 1840 1850 1899 1949 2055 2112 2167 2223 2237 2248 2262 2323 2351 2343 2323 2338 2318 2287 2222 2185 2168 2097 2067 2030 2020 1990 1964 1934 1868 1815 1763 1744 1707 1682 1659 1611 1577 1539 1505 1465 1442 1424 1397 1369 1344 1318 1271 1246 1224 1190 1182 1168 1153 1122 1099 1085 -9999 -9999 -9999 -9999 -9999 -9999 -9999 -9999 -9999 -9999 -9999 -9999 -9999 -9999 -9999 -9999 -9999 -9999 -9999 -9999
1655 1619 1625 1622 1647 1682 1724 1767 1868 1915 1957 2014 2058 2076 2123 2199 2213 2227 2262 2297 2334 2334 2313 2317 2323 2297 2238 2196 2172 2118 2091 2063 2038 2005 1985 1961 1889 1825 1800 1778 1730 1698 1671 1620 1592 1557 1522 1460 1439 1419 1393 1375 1350 1330 1290 1265 1242 1204 1191 1179 1165 1132 1111 -9999 -9999 -9999 -9999 -9999 -9999 -9999 -9999 -9999 -9999 -9999 -9999 -9999 -9999 -9999 -9999 -9999 -9999 -9999 -9999 -9999
1622 1588 1599 1603 1658 1694 1738 1780 1883 1932 1972 2030 2046 2072 2116 2146 2161 2180 2225 2241 2260 2320 2302 2299 2310 2277 2254 2225 2187 2137 2111 2080 2027 2008 1987 1964 1897 1888 1873 1843 1780 1746 1711 1621 1583 1549 1523 1457 1450 1416 1388 1375 1354 1332 1287 1264 1245 1203 1187 1175 1169 1148 1133 -9999 -9999 -9999 -9999 -9999 -9999 -9999 -9999 -9999 -9999 -9999 -9999 -9999 -9999 -9999 -9999 -9999 -9999 -9999 -9999 -9999
1529 1561 1591 1630 1697 1730 1757 1791 1868 1918 1958 1999 2015 2053 2094 2121 2142 2158 2192 2203 2212 2234 2273 2285 2291 2283 2267 2246 2213 2147 2123 2094 2033 2012 1990 1973 1918 1916 1896 1839 1817 1777 1730 1670 1635 1601 1536 1500 1481 1441 1392 1375 1356 1314 1286 1263 1242 1212 1187 1169 1164 1140 -9999 -9999 -9999 -9999 -9999 -9999 -9999 -9999 -9999 -9999 -9999 -9999 -9999 -9999 -9999 -9999 -9999 -9999 -9999 -9999 -9999 -9999
1532 1559 1603 1658 1723 1751 1776 1819 1845 1876 1906 1974 1992 2030 2067 2101 2125 2139 2151 2163 2177 2194 2231 2257 2290 2277 2264 2248 2225 2161 2139 2119 2053 2028 2001 1980 1929 1934 1917 1872 1844 1802 1757 1712 1674 1632 1553 1519 1496 1473 1433 1406 1373 1317 1301 1285 1268 1220 1201 1178 1148 1137 -9999 -9999 -9999 -9999 -9999 -9999 -9999 -9999 -9999 -9999 -9999 -9999 -9999 -9999 -9999 -9999 -9999 -9999 -9999 -9999 -9999 -9999
1539 1574 1629 1668 1719 1739 1762 1811 1833 1857 1883 1945 1969 1985 2036 2049 2065 2082 2104 2119 2135 2173 2199 2233 2273 2276 2260 2243 2223 2163 2136 2119 2056 2032 2010 1983 1975 1967 1957 1917 1887 1827 1800 1755 1717 1669 1571 1542 1512 1504 1441 1421 1386 1339 1309 1296 1280 1251 1223 1202 1174 -9999 -9999 -9999 -9999 -9999 -9999 -9999 -9999 -9999 -9999 -9999 -9999 -9999 -9999 -9999 -9999 -9999 -9999 -9999 -9999 -9999 -9999 -9999
1544 1566 1590 1653 1702 1719 1741 1786 1800 1824 1859 1918 1947 1967 2002 2024 2043 2061 2025 2041 2053 2094 2130 2180 2220 2272 2257 2239 2197 2167 2131 2106 2058 2037 2016 1991 1990 1981 1963 1933 1906 1877 1838 1806 1770 1731 1631 1574 1545 1519 1461 1428 1401 1352 1326 1305 1293 1274 1246 1216 1187 -9999 -9999 -9999 -9999 -9999 -9999 -9999 -9999 -9999 -9999 -9999 -9999 -9999 -9999 -9999 -9999 -9999 -9999 -9999 -9999 -9999 -9999 -9999
1520 1540 1560 1587 1646 1667 1687 1730 1763 1801 1842 1900 1930 1953 1967 1984 2013 2034 1994 2002 2030 2080 2121 2158 2193 2239 2243 2236 2195 2168 2145 2102 2061 2043 2027 2004 2003 1994 1971 1942 1917 1897 1868 1836 1800 1757 1672 1639 1607 1535 1509 1470 1433 1384 1345 1323 1295 1290 1270 1233 1200 -9999 -9999 -9999 -9999 -9999 -9999 -9999 -9999 -9999 -9999 -9999 -9999 -9999 -9999 -9999 -9999 -9999 -9999 -9999 -9999 -9999 -9999 -9999
1491 1515 1537 1581 1613 1635 1653 1700 1737 1772 1833 1860 1874 1876 1939 1952 1971 1972 1950 1962 1991 2067 2108 2144 2181 2229 2235 2229 2195 2168 2150 2132 2075 2051 2039 2027 2020 2008 1983 1950 1926 1910 1886 1861 1829 1792 1704 1663 1626 1556 1522 1489 1452 1401 1369 1351 1316 1308 1296 1273 -9999 -9999 -9999 -9999 -9999 -9999 -9999 -9999 -9999 -9999 -9999 -9999 -9999 -9999 -9999 -9999 -9999 -9999 -9999 -9999 -9999 -9999 -9999 -9999
1470 1500 1517 1551 1576 1607 1628 1675 1713 1744 1806 1823 1831 1833 1906 1915 1902 1883 1909 1944 1969 2035 2093 2133 2210 2226 2230 2226 2202 2171 2154 2114 2094 2068 2044 2031 2019 2008 2007 1974 1959 1943 1920 1910 1860 1823 1737 1696 1650 1576 1542 1503 1476 1424 1396 1371 1327 1315 1307 1289 -9999 -9999 -9999 -9999 -9999 -9999 -9999 -9999 -9999 -9999 -9999 -9999 -9999 -9999 -9999 -9999 -9999 -9999 -9999 -9999 -9999 -9999 -9999 -9999
1464 1476 1496 1524 1541 1567 1611 1656 1688 1719 1771 1779 1791 1821 1877 1872 1858 1860 1891 1930 1958 2020 2049 2098 2174 2197 2205 2211 2207 2185 2157 2129 2110 2085 2057 2028 2020 2008 2007 1988 1966 1956 1936 1925 1907 1849 1797 1742 1700 1612 1567 1511 1457 1441 1417 1395 1341 1325 1312 -9999 -9999 -9999 -9999 -9999 -9999 -9999 -9999 -9999 -9999 -9999 -9999 -9999 -9999 -9999 -9999 -9999 -9999 -9999 -9999 -9999 -9999 -9999 -9999 -9999
1438 1460 1480 1518 1533 1549 1600 1620 1637 1666 1703 1718 1772 1816 1857 1837 1824 1839 1866 1902 1934 2013 2046 2093 2160 2187 2196 2200 2212 2202 2180 2148 2127 2104 2082 2029 2019 2008 2004 2001 1977 1957 1944 1936 1917 1870 1814 1769 1728 1638 1585 1549 1474 1444 1426 1417 1381 1334 1322 -9999 -9999 -9999 -9999 -9999 -9999 -9999 -9999 -9999 -9999 -9999 -9999 -9999 -9999 -9999 -9999 -9999 -9999 -9999 -9999 -9999 -9999 -9999 -9999 -9999
1415 1436 1462 1513 1529 1544 1593 1609 1623 1642 1674 1697 1729 1786 1807 1787 1772 1820 1852 1887 1962 1999 2037 2080 2150 2173 2187 2197 2201 2199 2185 2152 2138 2113 2094 2046 2028 2013 1993 1986 1986 1967 1942 1943 1929 1882 1834 1791 1749 1661 1607 1568 1493 1459 1433 1414 1395 1369 -9999 -9999 -9999 -9999 -9999 -9999 -9999 -9999 -9999 -9999 -9999 -9999 -9999 -9999 -9999 -9999 -9999 -9999 -9999 -9999 -9999 -9999 -9999 -9999 -9999 -9999
1391 1419 1434 1496 1520 1535 1576 1596 1611 1620 1655 1682 1713 1752 1775 1762 1754 1802 1851 1890 1948 1980 2012 2047 2114 2156 2177 2188 2187 2188 2185 2146 2144 2124 2077 2055 2036 2016 2001 1988 1978 1959 1938 1941 1948 1901 1869 1830 1770 1685 1630 1588 1513 1480 1449 1421 1399 1384 -9999 -9999 -9999 -9999 -9999 -9999 -9999 -9999 -9999 -9999 -9999 -9999 -9999 -9999 -9999 -9999 -9999 -9999 -9999 -9999 -9999 -9999 -9999 -9999 -9999 -9999
1374 1396 1415 1452 1476 1497 1540 1549 1563 1601 1646 1664 1685 1721 1738 1724 1735 1800 1833 1869 1927 1953 1991 2023 2079 2104 2126 2162 2183 2182 2181 2145 2140 2135 2079 2061 2044 2026 2005 1996 1980 1962 1946 1935 1943 1914 1883 1848 1781 1735 1688 1641 1566 1513 1459 1409 1397 -9999 -9999 -9999 -9999 -9999 -9999 -9999 -9999 -9999 -9999 -9999 -9999 -9999 -9999 -9999 -9999 -9999 -9999 -9999 -9999 -9999 -9999 -9999 -9999 -9999 -9999 -9999
1345 1371 1426 1438 1456 1471 1520 1515 1536 1588 1606 1627 1637 1630 1647 1670 1755 1799 1839 1855 1914 1921 1965 1991 2043 2065 2094 2152 2186 2187 2167 2146 2163 2150 2105 2083 2057 2041 2007 2005 1994 1959 1946 1930 1929 1921 1896 1864 1809 1767 1722 1677 1584 1537 1497 1435 1407 -9999 -9999 -9999 -9999 -9999 -9999 -9999 -9999 -9999 -9999 -9999 -9999 -9999 -9999 -9999 -9999 -9999 -9999 -9999 -9999 -9999 -9999 -9999 -9999 -9999 -9999 -9999
1326 1333 1406 1427 1440 1444 1480 1512 1540 1581 1586 1596 1601 1607 1637 1677 1729 1744 1786 1835 1873 1893 1940 1996 2025 2027 2059 2139 2175 2178 2141 2133 2155 2146 2115 2094 2069 2045 2010 1996 1994 1978 1955 1948 1936 1915 1902 1872 1831 1795 1749 1696 1607 1566 1531 1450 -9999 -9999 -9999 -9999 -9999 -9999 -9999 -9999 -9999 -9999 -9999 -9999 -9999 -9999 -9999 -9999 -9999 -9999 -9999 -9999 -9999 -9999 -9999 -9999 -9999 -9999 -9999 -9999
1306 1317 1360 1380 1376 1398 1476 1510 1540 1571 1577 1570 1573 1604 1638 1668 1710 1727 1770 1811 1842 1873 1898 1952 1986 2003 2039 2081 2114 2164 2120 2122 2153 2149 2122 2102 2080 2036 2021 2002 1985 1987 1967 1955 1928 1927 1918 1899 1845 1822 1787 1677 1642 1599 1558 1462 -9999 -9999 -9999 -9999 -9999 -9999 -9999 -9999 -9999 -9999 -9999 -9999 -9999 -9999 -9999 -9999 -9999 -9999 -9999 -9999 -9999 -9999 -9999 -9999 -9999 -9999 -9999 -9999
