data/CentralKootenay/elevation.asc
ncols	779
nrows	635
xllcorner	-1620000
yllcorner	438000
cellsize	100
NODATA_value	-9999
[rows 555 to 591 of 635, columns 0 to 83 of 779]
2392 2337 2299 2263 2260 2249 2237 2266 2293 2217 2060 1987 1923 1895 1827 1753 1766 1810 1858 1909 1873 1949 1970 1969 1948 1984 1956 1922 1895 1894 1860 1871 1876 1861 1866 1849 1811 1760 1700 1577 1568 1584 1588 1558 1527 1498 1466 1462 1453 1402 1359 1315 1266 1164 1110 1066 994 950 895 840 821 818 809 804 800 794 786 823 785 813 863 853 817 789 737 721 721 721 721 721 721 721 721 721
2354 2302 2245 2189 2190 2193 2215 2220 2254 2193 2038 1967 1911 1850 1770 1709 1710 1743 1804 1838 1814 1920 1897 1857 1773 1799 1813 1810 1771 1815 1804 1812 1822 1820 1791 1806 1776 1745 1629 1570 1512 1520 1542 1524 1504 1466 1378 1357 1364 1341 1315 1305 1255 1155 1096 1043 968 919 858 834 885 883 862 871 841 834 845 888 892 893 877 864 833 820 749 727 721 721 721 721 721 721 721 721
2334 2292 2219 2152 2147 2152 2139 2134 2171 2151 2034 1965 1894 1841 1715 1669 1653 1708 1746 1755 1746 1879 1829 1760 1720 1727 1764 1734 1689 1662 1652 1676 1694 1719 1677 1740 1710 1680 1610 1568 1500 1454 1492 1485 1471 1401 1360 1301 1297 1305 1271 1235 1160 1114 1057 1004 913 854 849 888 933 938 929 932 912 906 916 935 924 911 884 862 840 829 777 752 731 721 721 721 721 721 721 721
2309 2281 2202 2119 2098 2106 2091 2098 2123 2076 2005 1969 1904 1757 1683 1611 1559 1591 1602 1660 1767 1818 1778 1709 1685 1657 1695 1677 1655 1594 1585 1617 1625 1640 1620 1605 1560 1558 1492 1475 1468 1419 1434 1441 1439 1384 1344 1282 1235 1248 1227 1195 1121 1075 1019 978 886 862 915 1004 1048 1049 1042 1049 975 977 1002 981 947 924 894 867 848 831 790 760 739 721 721 721 721 721 721 721
2222 2224 2160 2091 2052 2062 2048 2064 2086 2022 1916 1898 1888 1760 1691 1619 1548 1521 1540 1539 1653 1705 1667 1597 1529 1547 1634 1590 1605 1567 1523 1555 1566 1571 1532 1524 1498 1487 1461 1410 1398 1385 1307 1331 1330 1294 1267 1242 1221 1179 1171 1142 1073 1031 979 944 864 906 955 1054 1107 1110 1101 1109 1113 1101 1058 1027 989 956 912 877 858 817 803 782 757 721 721 721 721 721 721 721
2167 2177 2075 2027 1983 1976 1951 1980 2005 1949 1843 1823 1826 1773 1709 1637 1557 1456 1472 1511 1594 1637 1608 1557 1477 1494 1504 1484 1496 1469 1437 1428 1519 1523 1483 1463 1443 1411 1399 1373 1332 1308 1253 1271 1278 1243 1220 1198 1116 1071 1047 1027 962 921 893 897 908 949 995 1104 1151 1165 1153 1151 1151 1133 1077 1045 1010 974 912 889 869 837 822 797 768 721 721 721 721 721 721 721
2114 2104 2057 1998 1950 1928 1906 1938 1966 1850 1783 1714 1706 1693 1634 1614 1490 1422 1408 1464 1527 1541 1527 1505 1418 1427 1437 1440 1445 1405 1401 1397 1414 1406 1358 1326 1332 1308 1280 1312 1277 1265 1226 1223 1224 1198 1172 1152 1075 1037 981 965 920 888 896 952 987 1033 1079 1185 1222 1204 1182 1177 1171 1155 1093 1059 1026 993 914 894 870 841 824 802 780 723 721 721 721 721 721 721
2055 2027 2031 1970 1919 1884 1869 1901 1906 1811 1738 1668 1639 1620 1567 1544 1469 1409 1339 1337 1392 1394 1455 1414 1364 1372 1369 1384 1373 1352 1315 1329 1345 1348 1311 1272 1277 1253 1237 1215 1181 1165 1145 1117 1115 1144 1123 1101 1039 994 940 908 889 903 936 993 1035 1081 1128 1221 1239 1233 1218 1207 1196 1184 1136 1102 1044 966 932 910 884 853 837 823 799 732 721 721 721 721 721 721
1942 1908 1928 1920 1855 1807 1826 1848 1825 1753 1682 1630 1580 1575 1516 1477 1424 1378 1322 1298 1328 1318 1315 1298 1281 1266 1265 1270 1255 1300 1270 1260 1278 1285 1250 1223 1212 1184 1183 1163 1143 1111 1110 1075 1061 1053 1033 1009 953 926 913 910 932 947 975 1044 1100 1141 1183 1258 1260 1245 1231 1228 1218 1199 1159 1129 1092 1005 972 943 925 885 852 841 781 751 727 721 721 721 721 721
1894 1850 1857 1880 1834 1740 1690 1708 1684 1602 1557 1527 1479 1520 1475 1427 1367 1336 1299 1272 1273 1260 1252 1234 1223 1217 1216 1197 1187 1179 1175 1167 1163 1166 1144 1179 1159 1130 1133 1117 1105 1063 1067 1051 1004 991 973 956 936 940 937 964 1001 1040 1069 1139 1199 1252 1240 1298 1288 1265 1241 1237 1235 1217 1165 1138 1104 1023 993 967 943 905 887 873 835 809 778 743 721 721 721 721
1839 1802 1802 1827 1810 1708 1657 1635 1616 1525 1497 1466 1423 1401 1359 1330 1274 1250 1229 1246 1223 1210 1197 1182 1178 1172 1156 1143 1131 1122 1129 1129 1123 1113 1088 1086 1081 1059 1056 1051 1033 997 1007 996 964 958 950 959 973 977 965 960 1022 1070 1113 1204 1254 1311 1376 1371 1345 1318 1271 1256 1249 1211 1176 1146 1120 1047 1015 985 959 927 911 895 854 834 805 775 722 721 721 721
1751 1713 1689 1788 1780 1664 1631 1576 1565 1477 1446 1409 1368 1345 1313 1281 1231 1200 1198 1196 1187 1174 1158 1133 1121 1126 1126 1112 1105 1095 1097 1100 1087 1050 1043 1042 1047 1036 1019 1015 1008 993 1000 1013 1034 1050 1057 1055 1017 1005 990 958 1032 1090 1147 1256 1311 1358 1422 1408 1381 1347 1293 1275 1264 1229 1209 1185 1157 1094 1059 1002 968 948 929 913 873 860 834 762 731 721 721 721
1699 1624 1639 1674 1662 1596 1560 1518 1420 1389 1394 1364 1323 1296 1266 1235 1195 1180 1177 1178 1170 1155 1142 1124 1112 1110 1089 1080 1072 1069 1063 1059 1068 1043 1039 1037 1032 1024 1014 1006 1021 1031 1042 1069 1096 1110 1128 1116 1088 1060 1019 977 1042 1108 1174 1297 1345 1395 1469 1450 1419 1382 1319 1300 1286 1247 1235 1211 1173 1110 1075 1048 1010 996 975 949 906 877 858 792 759 731 721 721
1645 1569 1590 1611 1596 1555 1512 1499 1378 1336 1315 1290 1250 1230 1214 1167 1163 1162 1160 1158 1152 1140 1128 1111 1106 1098 1081 1076 1077 1077 1089 1084 1083 1083 1082 1086 1086 1072 1039 1038 1067 1077 1093 1127 1164 1179 1198 1175 1115 1069 1022 990 1046 1103 1228 1302 1370 1424 1507 1503 1479 1384 1350 1326 1308 1275 1263 1236 1203 1118 1094 1067 1019 1003 985 968 926 906 889 835 809 785 762 721
1580 1520 1547 1547 1532 1521 1482 1461 1374 1319 1276 1260 1217 1205 1189 1154 1140 1132 1129 1118 1114 1116 1102 1096 1094 1089 1105 1111 1115 1117 1123 1125 1125 1119 1114 1120 1117 1136 1152 1162 1192 1197 1210 1234 1283 1250 1266 1217 1149 1081 1026 1005 1055 1103 1221 1295 1360 1411 1513 1525 1506 1451 1419 1386 1358 1320 1295 1262 1171 1135 1113 1088 1024 1006 1002 965 952 934 909 854 825 804 783 727
1441 1430 1437 1425 1418 1402 1442 1416 1351 1297 1247 1228 1187 1177 1165 1140 1132 1125 1119 1119 1129 1139 1149 1150 1152 1153 1161 1181 1189 1158 1162 1167 1166 1163 1157 1165 1181 1187 1205 1215 1263 1268 1264 1304 1337 1367 1343 1227 1159 1091 1031 1006 1061 1106 1221 1279 1338 1398 1516 1540 1534 1486 1451 1418 1392 1335 1311 1289 1220 1186 1160 1132 1088 1071 1026 989 969 950 928 875 849 824 763 751
1389 1376 1379 1370 1360 1346 1335 1309 1256 1224 1188 1155 1146 1148 1143 1131 1127 1129 1131 1142 1153 1160 1180 1183 1186 1186 1197 1218 1235 1249 1241 1257 1265 1267 1262 1213 1233 1245 1270 1287 1337 1333 1319 1362 1404 1405 1356 1227 1158 1100 995 1027 1069 1109 1232 1289 1345 1476 1522 1551 1560 1516 1484 1452 1427 1375 1349 1328 1250 1212 1184 1154 1109 1088 1063 1026 1002 979 951 895 859 843 800 770
1341 1327 1328 1323 1315 1298 1287 1254 1213 1189 1168 1152 1152 1167 1196 1207 1197 1186 1205 1173 1185 1184 1207 1220 1232 1226 1249 1264 1282 1302 1297 1305 1313 1332 1333 1317 1360 1380 1385 1404 1435 1444 1378 1435 1440 1421 1354 1228 1162 1106 1000 1031 1071 1120 1245 1296 1351 1475 1530 1576 1604 1584 1556 1521 1437 1415 1390 1366 1278 1245 1211 1156 1129 1106 1082 1040 1016 994 959 917 891 869 834 814
1269 1264 1253 1282 1266 1256 1244 1225 1177 1168 1163 1162 1174 1204 1245 1265 1243 1226 1247 1249 1252 1252 1257 1309 1341 1336 1310 1307 1326 1352 1344 1367 1361 1378 1391 1375 1430 1454 1463 1468 1494 1499 1498 1520 1476 1397 1347 1227 1166 1106 1009 1041 1084 1134 1252 1302 1358 1476 1524 1583 1632 1615 1582 1547 1504 1485 1457 1425 1339 1307 1275 1180 1154 1127 1105 1057 1034 1008 960 937 909 881 849 827
1248 1235 1230 1223 1202 1197 1192 1192 1204 1190 1189 1190 1204 1231 1276 1316 1289 1273 1298 1300 1291 1308 1282 1338 1382 1393 1392 1407 1421 1435 1428 1464 1420 1427 1445 1431 1480 1517 1533 1517 1553 1560 1566 1534 1460 1383 1256 1212 1162 1099 1025 1056 1107 1202 1253 1297 1351 1455 1507 1571 1629 1645 1609 1572 1533 1517 1485 1456 1368 1337 1304 1227 1198 1172 1146 1084 1064 1023 977 951 923 893 854 838
1244 1254 1264 1264 1241 1231 1216 1208 1224 1239 1250 1267 1290 1312 1375 1403 1346 1330 1347 1354 1345 1336 1311 1362 1411 1445 1435 1455 1468 1483 1479 1496 1533 1525 1539 1545 1554 1610 1594 1573 1597 1623 1627 1524 1449 1389 1243 1188 1130 1086 1030 1071 1122 1224 1278 1335 1397 1504 1555 1601 1682 1665 1629 1599 1559 1542 1508 1438 1398 1358 1323 1249 1218 1191 1161 1107 1085 1059 1009 978 945 919 877 849
1299 1305 1314 1317 1297 1278 1259 1230 1239 1260 1283 1308 1330 1362 1421 1441 1456 1458 1472 1481 1463 1395 1337 1394 1447 1495 1494 1504 1529 1530 1532 1526 1598 1588 1577 1612 1607 1655 1684 1718 1700 1666 1624 1491 1426 1359 1234 1185 1127 1083 1033 1080 1134 1234 1290 1350 1410 1528 1588 1637 1695 1689 1673 1654 1627 1601 1562 1462 1419 1375 1342 1265 1230 1202 1152 1126 1103 1075 1012 989 957 933 885 863
1423 1440 1451 1436 1411 1376 1301 1249 1249 1277 1315 1364 1372 1401 1468 1488 1505 1519 1535 1547 1525 1430 1395 1447 1501 1601 1615 1605 1625 1579 1582 1568 1642 1643 1626 1670 1659 1694 1724 1765 1699 1623 1529 1468 1408 1343 1225 1164 1103 1042 1057 1099 1156 1255 1307 1370 1431 1543 1604 1666 1716 1710 1700 1680 1654 1629 1588 1511 1465 1414 1378 1286 1275 1245 1176 1146 1121 1093 1035 999 965 922 896 872
-9999 -9999 1527 1510 1473 1421 1372 1308 1308 1316 1410 1456 1494 1459 1517 1540 1553 1570 1601 1605 1571 1463 1423 1467 1518 1634 1674 1667 1690 1687 1680 1667 1714 1761 1763 1724 1714 1737 1759 1739 1698 1623 1485 1432 1377 1326 1217 1161 1097 1047 1078 1132 1181 1286 1340 1399 1515 1578 1640 1696 1751 1736 1725 1711 1675 1651 1613 1528 1477 1423 1380 1321 1303 1268 1205 1182 1158 1132 1066 1032 985 931 902 882
-9999 -9999 -9999 1586 1534 1469 1411 1362 1353 1333 1423 1472 1518 1569 1658 1684 1686 1708 1728 1661 1609 1497 1453 1487 1585 1645 1708 1747 1754 1754 1743 1727 1747 1795 1817 1831 1814 1768 1717 1623 1608 1587 1485 1408 1345 1292 1198 1148 1091 1058 1099 1154 1195 1300 1356 1415 1542 1615 1685 1751 1788 1767 1757 1722 1688 1666 1630 1532 1487 1434 1389 1364 1332 1293 1222 1197 1173 1150 1075 1044 1008 948 920 901
-9999 -9999 -9999 -9999 -9999 1530 1461 1402 1369 1351 1422 1468 1519 1578 1703 1743 1763 1786 1778 1726 1670 1547 1519 1535 1613 1666 1713 1792 1830 1828 1804 1790 1805 1824 1869 1847 1790 1740 1636 1589 1561 1542 1457 1397 1331 1276 1171 1122 1087 1087 1129 1172 1229 1308 1366 1431 1552 1625 1711 1771 1803 1784 1767 1727 1704 1656 1610 1539 1532 1513 1474 1405 1358 1317 1246 1215 1186 1128 1089 1054 1019 958 934 913
-9999 -9999 -9999 -9999 -9999 -9999 -9999 1418 1382 1371 1439 1485 1537 1673 1752 1819 1846 1850 1819 1756 1694 1587 1556 1561 1638 1684 1734 1813 1957 1986 1969 1954 1874 1899 1911 1840 1778 1723 1632 1587 1541 1496 1422 1376 1317 1201 1156 1109 1081 1132 1178 1223 1314 1365 1397 1452 1576 1640 1725 1777 1827 1805 1783 1719 1693 1662 1633 1586 1580 1562 1508 1473 1424 1376 1278 1235 1207 1137 1093 1061 1033 973 947 925
-9999 -9999 -9999 -9999 -9999 -9999 -9999 -9999 1393 1398 1453 1507 1575 1690 1776 1855 1926 1899 1839 1773 1683 1638 1604 1603 1658 1703 1762 1876 1955 2022 2048 2045 2016 1931 1855 1767 1724 1698 1648 1599 1547 1490 1386 1347 1303 1200 1152 1113 1087 1154 1202 1239 1329 1383 1443 1502 1605 1667 1751 1857 1865 1829 1798 1730 1714 1704 1664 1647 1626 1597 1536 1497 1451 1393 1290 1246 1207 1156 1129 1098 1065 995 976 937
-9999 -9999 -9999 -9999 -9999 -9999 -9999 -9999 -9999 -9999 1481 1529 1610 1734 1783 1867 1975 1976 1904 1843 1741 1696 1634 1630 1687 1717 1762 1879 1944 2006 2075 2121 2041 1947 1800 1742 1681 1635 1574 1559 1511 1462 1367 1315 1270 1186 1146 1113 1086 1170 1220 1268 1354 1392 1438 1505 1632 1686 1750 1857 1880 1886 1879 1828 1819 1803 1748 1692 1663 1631 1551 1513 1467 1345 1295 1243 1217 1176 1142 1109 1043 1014 993 962
-9999 -9999 -9999 -9999 -9999 -9999 -9999 -9999 -9999 -9999 -9999 1552 1624 1798 1862 1899 1983 1977 1905 1848 1752 1714 1688 1685 1751 1799 1819 1897 1961 1993 2072 2130 2041 1955 1805 1750 1695 1631 1533 1503 1471 1396 1351 1302 1256 1161 1124 1105 1160 1211 1251 1291 1386 1439 1470 1521 1663 1721 1771 1859 1899 1914 1920 1888 1871 1848 1776 1739 1709 1673 1572 1522 1473 1345 1291 1259 1248 1192 1158 1123 1065 1030 1007 975
-9999 -9999 -9999 -9999 -9999 -9999 -9999 -9999 -9999 -9999 -9999 -9999 -9999 1776 1882 1982 2052 1967 1918 1872 1764 1730 1715 1711 1772 1830 1866 1917 1959 2016 2079 2052 2039 2016 1863 1762 1700 1641 1547 1493 1440 1363 1329 1294 1250 1154 1124 1108 1172 1227 1270 1325 1446 1506 1562 1624 1674 1734 1779 1879 1927 1948 1938 1917 1890 1864 1786 1749 1714 1675 1566 1511 1456 1356 1346 1330 1301 1238 1199 1161 1082 1045 1021 993
-9999 -9999 -9999 -9999 -9999 -9999 -9999 -9999 -9999 -9999 -9999 -9999 -9999 -9999 1887 1970 2081 2024 1981 1921 1796 1764 1750 1756 1803 1854 1889 1968 2005 2045 2064 2029 1969 1957 1865 1785 1725 1644 1514 1463 1423 1368 1312 1269 1238 1160 1128 1112 1190 1237 1282 1331 1458 1521 1577 1676 1707 1753 1807 1945 1990 2007 1976 1934 1893 1862 1777 1737 1698 1600 1544 1484 1439 1402 1393 1367 1291 1259 1218 1181 1117 1082 1049 1026
-9999 -9999 -9999 -9999 -9999 -9999 -9999 -9999 -9999 -9999 -9999 -9999 -9999 -9999 -9999 -9999 2088 2046 2015 1980 1854 1818 1823 1842 1874 1876 1919 2003 2050 2089 2000 1986 1942 1881 1831 1777 1706 1594 1537 1476 1414 1326 1293 1246 1173 1152 1135 1125 1202 1254 1308 1357 1470 1552 1605 1733 1755 1780 1830 1966 2011 2027 1978 1932 1892 1845 1734 1681 1637 1573 1525 1485 1472 1448 1428 1392 1307 1274 1233 1199 1136 1108 1070 1016
-9999 -9999 -9999 -9999 -9999 -9999 -9999 -9999 -9999 -9999 -9999 -9999 -9999 -9999 -9999 -9999 -9999 -9999 2056 1997 1877 1852 1853 1873 1905 1948 1979 2062 2115 2083 1942 1881 1897 1862 1758 1736 1697 1601 1534 1476 1421 1314 1280 1230 1158 1148 1134 1150 1261 1306 1352 1474 1544 1610 1626 1770 1818 1825 1922 1985 2024 2033 1966 1911 1871 1825 1714 1664 1623 1602 1607 1594 1580 1518 1474 1425 1340 1293 1247 1213 1155 1123 1085 1025
-9999 -9999 -9999 -9999 -9999 -9999 -9999 -9999 -9999 -9999 -9999 -9999 -9999 -9999 -9999 -9999 -9999 -9999 -9999 -9999 -9999 1864 1860 1884 1927 1970 2046 2100 2134 2078 1953 1886 1826 1774 1704 1655 1604 1526 1544 1497 1441 1327 1268 1227 1156 1144 1137 1180 1299 1352 1397 1494 1563 1626 1696 1766 1814 1881 2006 2039 2047 2028 1965 1913 1867 1759 1705 1670 1646 1662 1653 1641 1574 1530 1480 1433 1365 1335 1296 1257 1188 1144 1110 1030
-9999 -9999 -9999 -9999 -9999 -9999 -9999 -9999 -9999 -9999 -9999 -9999 -9999 -9999 -9999 -9999 -9999 -9999 -9999 -9999 -9999 -9999 -9999 1892 1945 1984 2073 2127 2123 2068 1945 1877 1819 1706 1655 1616 1572 1482 1449 1414 1358 1307 1259 1202 1149 1142 1167 1221 1321 1375 1431 1541 1592 1650 1712 1827 1842 1895 2028 2061 2050 2028 1959 1915 1859 1753 1731 1694 1691 1726 1703 1680 1599 1550 1500 1456 1390 1362 1324 1239 1204 1160 1124 1060
-9999 -9999 -9999 -9999 -9999 -9999 -9999 -9999 -9999 -9999 -9999 -9999 -9999 -9999 -9999 -9999 -9999 -9999 -9999 -9999 -9999 -9999 -9999 -9999 -9999 2018 2116 2158 2112 2049 1916 1854 1808 1736 1684 1649 1603 1520 1474 1424 1312 1274 1248 1198 1151 1179 1227 1326 1374 1418 1467 1570 1630 1678 1812 1870 1915 1937 2028 2075 2062 2017 1933 1897 1849 1760 1745 1742 1764 1814 1781 1734 1632 1592 1520 1495 1424 1385 1344 1263 1222 1177 1141 1077
