data/CentralKootenay/elevation.asc
ncols	779
nrows	635
xllcorner	-1620000
yllcorner	438000
cellsize	100
NODATA_value	-9999
[rows 296 to 332 of 635, columns 252 to 335 of 779]
2067 2104 2219 2279 2326 2442 2505 2564 2634 2767 2750 2737 2726 2689 2573 2522 2466 2443 2414 2316 2291 2276 2260 2207 2170 2147 2116 2109 2104 2092 2057 2040 2024 2018 2001 1992 1975 1917 1898 1889 1884 1837 1819 1822 1864 1895 1934 1982 2085 2128 2182 2326 2389 2446 2500 2462 2424 2391 2317 2232 2214 2206 2176 2182 2188 2191 2179 2210 2228 2221 2229 2238 2272 2280 2290 2295 2317 2334 2355 2392 2417 2475 2518 2579
2056 2113 2270 2342 2387 2519 2592 2652 2712 2714 2685 2671 2665 2659 2642 2569 2453 2426 2395 2347 2329 2294 2281 2221 2182 2158 2123 2115 2110 2100 2076 2061 2040 2012 2005 2001 1996 1969 1950 1920 1854 1844 1841 1837 1880 1912 1949 2003 2100 2148 2194 2284 2333 2385 2457 2545 2510 2479 2398 2360 2326 2297 2245 2230 2226 2206 2193 2196 2219 2226 2228 2236 2281 2291 2291 2287 2304 2316 2333 2379 2410 2456 2505 2604
2123 2277 2318 2369 2431 2569 2610 2643 2673 2660 2625 2613 2596 2590 2598 2593 2455 2431 2402 2367 2355 2339 2334 2305 2265 2228 2182 2129 2124 2115 2088 2075 2058 2018 2007 2008 2016 1995 1956 1915 1854 1848 1848 1851 1908 1948 2003 2102 2143 2171 2212 2285 2322 2362 2473 2559 2602 2600 2499 2447 2401 2371 2282 2264 2247 2226 2219 2213 2217 2245 2253 2253 2279 2301 2310 2303 2306 2318 2329 2381 2423 2476 2574 2658
2136 2234 2296 2339 2379 2432 2467 2503 2555 2544 2512 2558 2545 2535 2548 2557 2478 2447 2424 2399 2398 2390 2384 2356 2340 2307 2234 2209 2188 2160 2127 2117 2106 2042 2031 2042 2058 2023 1972 1929 1862 1855 1854 1861 1924 1973 2032 2123 2163 2204 2236 2303 2342 2373 2444 2482 2592 2665 2584 2527 2470 2355 2318 2294 2273 2248 2241 2237 2244 2255 2268 2277 2305 2315 2324 2336 2346 2352 2344 2397 2446 2543 2640 2758
2110 2204 2254 2286 2331 2376 2407 2455 2479 2485 2456 2453 2464 2457 2461 2522 2534 2538 2489 2493 2486 2467 2432 2425 2441 2385 2286 2256 2234 2198 2182 2201 2184 2147 2155 2171 2149 2082 2035 1972 1878 1865 1864 1871 1946 1999 2049 2139 2181 2225 2261 2329 2363 2389 2453 2490 2539 2625 2643 2585 2529 2468 2366 2351 2330 2301 2289 2291 2295 2299 2301 2308 2323 2325 2332 2348 2356 2361 2370 2465 2565 2719 2852 2908
1995 2092 2197 2241 2277 2320 2359 2394 2425 2424 2400 2402 2428 2415 2417 2461 2477 2484 2493 2544 2587 2609 2567 2585 2515 2460 2356 2311 2294 2273 2252 2287 2284 2233 2229 2209 2127 2087 2042 1997 1921 1905 1908 1954 1995 2030 2059 2148 2194 2240 2307 2342 2373 2396 2462 2506 2547 2624 2641 2626 2607 2594 2588 2570 2538 2517 2535 2523 2493 2376 2358 2346 2346 2343 2342 2358 2373 2381 2391 2549 2661 2822 2820 2809
1945 2036 2084 2124 2181 2209 2243 2269 2371 2372 2359 2365 2374 2367 2381 2419 2436 2449 2470 2514 2548 2597 2669 2678 2660 2605 2510 2484 2505 2452 2328 2373 2383 2286 2236 2199 2130 2084 2042 2008 1952 1936 1934 1979 2005 2032 2068 2183 2247 2311 2393 2388 2404 2408 2469 2526 2588 2613 2607 2615 2664 2773 2745 2704 2613 2637 2649 2642 2605 2577 2534 2479 2427 2425 2425 2385 2405 2415 2471 2666 2796 2880 2783 2767
1897 1974 2021 2059 2125 2158 2185 2211 2241 2243 2231 2260 2271 2285 2345 2384 2406 2434 2482 2507 2538 2576 2729 2755 2729 2626 2571 2543 2518 2446 2419 2390 2343 2269 2237 2209 2106 2074 2051 2018 1972 1964 1960 2002 2015 2044 2086 2194 2262 2327 2458 2469 2501 2532 2553 2563 2536 2491 2488 2565 2672 2792 2752 2704 2630 2613 2618 2625 2634 2628 2608 2496 2493 2517 2527 2554 2558 2580 2805 2825 2796 2793 2760 2749
1856 1919 1961 1997 2068 2103 2129 2148 2167 2174 2171 2217 2232 2243 2271 2341 2370 2405 2470 2499 2534 2574 2714 2791 2780 2649 2582 2535 2511 2448 2416 2367 2287 2255 2225 2200 2112 2081 2040 1998 1992 1992 2009 2023 2038 2068 2113 2219 2285 2344 2455 2455 2494 2557 2523 2498 2472 2434 2439 2476 2542 2560 2544 2512 2472 2471 2547 2548 2562 2575 2606 2584 2603 2648 2666 2683 2667 2684 2771 2756 2739 2721 2694 2680
1813 1839 1868 1900 1967 2045 2068 2085 2107 2119 2124 2174 2195 2210 2243 2330 2364 2400 2466 2495 2534 2578 2726 2783 2718 2611 2577 2546 2517 2448 2414 2368 2287 2253 2213 2182 2111 2072 2038 2003 1997 2004 2027 2061 2091 2127 2231 2285 2330 2361 2388 2372 2410 2476 2450 2423 2417 2382 2397 2437 2521 2485 2460 2437 2417 2427 2443 2463 2508 2542 2591 2699 2708 2757 2806 2809 2789 2800 2722 2707 2701 2691 2667 2656
1784 1806 1838 1869 1918 1950 1974 2002 2010 2018 2032 2137 2171 2194 2281 2326 2358 2397 2465 2499 2549 2671 2765 2747 2705 2611 2569 2532 2491 2411 2371 2335 2276 2244 2205 2172 2102 2067 2037 2006 2005 2020 2045 2082 2122 2154 2259 2304 2315 2313 2290 2265 2258 2322 2313 2300 2358 2334 2359 2399 2434 2409 2378 2365 2381 2398 2422 2471 2498 2541 2636 2644 2635 2658 2812 2857 2849 2813 2698 2685 2678 2675 2650 2641
1760 1785 1812 1834 1877 1909 1937 1967 1971 1982 2006 2120 2164 2206 2290 2336 2375 2410 2472 2517 2584 2727 2738 2672 2637 2565 2534 2495 2424 2395 2363 2324 2268 2239 2204 2130 2092 2055 2027 2014 2016 2034 2055 2107 2149 2178 2265 2280 2264 2242 2207 2194 2182 2234 2230 2232 2230 2242 2266 2288 2304 2283 2275 2320 2357 2377 2404 2458 2495 2554 2635 2576 2586 2613 2769 2825 2827 2803 2695 2676 2660 2647 2643 2633
1747 1751 1785 1810 1846 1877 1905 1942 1949 1964 1992 2111 2168 2214 2301 2347 2392 2436 2553 2628 2703 2725 2666 2623 2598 2550 2522 2489 2399 2362 2327 2292 2236 2206 2177 2115 2079 2044 2027 2034 2053 2064 2120 2163 2198 2221 2183 2209 2195 2149 2131 2121 2122 2161 2163 2170 2182 2200 2220 2234 2248 2240 2241 2249 2306 2337 2370 2467 2544 2598 2587 2544 2565 2585 2705 2763 2771 2785 2686 2673 2654 2645 2647 2636
1751 1749 1751 1785 1805 1824 1855 1921 1940 1962 2052 2118 2174 2230 2315 2377 2430 2487 2618 2688 2755 2755 2677 2620 2584 2532 2503 2466 2374 2308 2245 2240 2191 2167 2148 2097 2069 2049 2040 2052 2071 2084 2149 2190 2216 2219 2159 2130 2111 2075 2063 2057 2055 2095 2107 2117 2140 2162 2177 2187 2199 2202 2208 2247 2287 2322 2364 2505 2548 2506 2472 2516 2537 2564 2635 2668 2670 2726 2689 2672 2651 2640 2640 2630
1779 1759 1753 1778 1799 1822 1840 1905 1945 1979 2074 2130 2187 2240 2363 2411 2471 2595 2662 2720 2768 2797 2706 2623 2548 2521 2487 2453 2355 2286 2227 2202 2192 2179 2160 2114 2098 2070 2061 2076 2095 2113 2182 2215 2225 2208 2143 2120 2094 2063 2049 2042 2040 2034 2026 2034 2070 2092 2106 2147 2160 2173 2184 2222 2268 2322 2401 2483 2462 2453 2474 2507 2531 2576 2609 2569 2561 2667 2659 2654 2647 2638 2637 2622
1820 1785 1762 1781 1794 1814 1829 1880 1915 1954 2059 2112 2165 2220 2343 2397 2457 2535 2563 2614 2673 2762 2731 2632 2533 2507 2472 2437 2343 2277 2229 2210 2201 2189 2172 2135 2119 2105 2110 2133 2155 2188 2239 2230 2222 2164 2135 2103 2078 2052 2044 2040 2037 2020 2009 2007 2030 2051 2072 2086 2100 2123 2150 2217 2289 2374 2440 2398 2397 2420 2465 2490 2520 2595 2575 2538 2529 2631 2657 2657 2648 2639 2628 2621
1901 1863 1821 1776 1782 1801 1837 1859 1889 1927 2025 2079 2130 2184 2293 2350 2404 2471 2528 2583 2605 2617 2667 2657 2512 2472 2442 2403 2341 2296 2249 2215 2208 2197 2181 2152 2138 2132 2155 2180 2199 2224 2254 2216 2183 2130 2107 2093 2080 2068 2048 2043 2027 2011 1997 1993 1998 2017 2040 2068 2076 2098 2138 2241 2296 2330 2308 2302 2324 2356 2428 2478 2522 2569 2512 2508 2513 2638 2678 2668 2658 2645 2634 2631
1950 1895 1845 1795 1787 1795 1822 1838 1856 1886 1972 2018 2094 2193 2245 2303 2348 2456 2502 2524 2531 2545 2577 2606 2523 2470 2433 2406 2340 2316 2290 2241 2227 2217 2191 2168 2168 2169 2204 2221 2238 2257 2252 2198 2161 2113 2098 2091 2088 2085 2066 2058 2030 2008 1988 1979 1984 1995 2011 2043 2060 2083 2126 2203 2230 2248 2242 2264 2299 2331 2433 2468 2441 2397 2411 2441 2500 2649 2727 2688 2679 2662 2654 2653
1991 1934 1885 1828 1813 1805 1820 1832 1849 1875 1952 1993 2033 2125 2178 2238 2299 2369 2454 2456 2459 2462 2485 2525 2544 2487 2443 2387 2361 2337 2317 2290 2274 2261 2256 2264 2276 2285 2316 2314 2279 2288 2234 2154 2127 2114 2108 2097 2096 2106 2079 2063 2014 1995 1982 1969 1962 1960 1960 1985 2012 2037 2058 2149 2172 2181 2206 2240 2276 2309 2440 2424 2385 2360 2382 2415 2471 2653 2735 2725 2718 2716 2710 2702
2039 2001 1931 1871 1849 1825 1818 1826 1844 1866 1931 1978 2018 2100 2145 2200 2250 2304 2323 2335 2362 2363 2371 2381 2511 2512 2493 2403 2387 2368 2353 2331 2323 2320 2329 2361 2363 2362 2328 2299 2282 2262 2231 2175 2144 2139 2133 2110 2127 2113 2078 2041 2005 1986 1971 1947 1943 1928 1919 1937 1968 2001 2027 2070 2091 2103 2176 2233 2296 2320 2409 2357 2336 2329 2361 2409 2479 2671 2747 2739 2782 2769 2743 2726
2065 2032 1962 1932 1902 1875 1835 1830 1836 1878 1912 1952 1994 2068 2111 2157 2230 2250 2268 2290 2321 2326 2331 2336 2388 2422 2456 2473 2436 2425 2417 2364 2360 2360 2404 2459 2441 2391 2322 2294 2280 2269 2252 2219 2176 2147 2138 2132 2141 2100 2059 2023 2013 1972 1949 1939 1919 1897 1883 1897 1922 1958 2017 2039 2058 2079 2181 2252 2312 2333 2297 2264 2248 2311 2360 2436 2505 2666 2676 2700 2761 2787 2766 2748
2119 2078 2001 1967 1932 1901 1856 1849 1847 1858 1876 1908 1945 2026 2069 2133 2190 2211 2232 2252 2271 2276 2286 2313 2341 2375 2409 2501 2476 2453 2431 2425 2427 2440 2495 2450 2417 2383 2324 2295 2283 2273 2262 2241 2209 2165 2149 2162 2139 2105 2069 2033 2034 2008 1981 1921 1888 1859 1830 1826 1882 1915 1984 2010 2030 2066 2174 2235 2266 2272 2245 2215 2216 2296 2367 2450 2556 2541 2529 2546 2611 2650 2752 2755
2201 2151 2053 2012 1972 1937 1885 1873 1861 1861 1869 1898 1934 2012 2047 2083 2143 2166 2190 2209 2186 2222 2236 2277 2308 2343 2376 2460 2496 2486 2472 2470 2486 2524 2500 2466 2438 2378 2325 2294 2287 2274 2266 2254 2207 2189 2177 2188 2158 2115 2074 2044 2054 2027 1991 1926 1890 1858 1818 1803 1818 1842 1908 1949 1988 2020 2134 2173 2197 2203 2182 2169 2184 2285 2372 2458 2498 2486 2475 2491 2544 2588 2630 2710
2234 2273 2189 2129 2077 1946 1918 1901 1882 1870 1870 1888 1923 1996 2025 2055 2127 2156 2187 2193 2175 2181 2187 2221 2253 2302 2348 2409 2459 2508 2512 2519 2560 2576 2509 2490 2465 2413 2348 2307 2292 2278 2271 2260 2232 2219 2211 2206 2228 2167 2086 2069 2076 2048 1989 1929 1887 1859 1790 1783 1792 1810 1881 1921 1955 1987 2051 2075 2088 2106 2097 2096 2130 2272 2371 2472 2445 2433 2421 2442 2493 2529 2571 2686
2231 2269 2266 2188 2133 2046 2002 1958 1925 1886 1882 1880 1940 1975 2005 2033 2110 2135 2149 2173 2185 2194 2204 2222 2233 2274 2325 2399 2420 2457 2604 2643 2629 2576 2519 2506 2488 2432 2381 2337 2311 2285 2280 2271 2243 2232 2230 2231 2267 2211 2157 2141 2141 2089 2023 1929 1879 1843 1787 1769 1772 1788 1850 1889 1918 1973 2003 2027 2043 2061 2059 2068 2179 2277 2348 2414 2374 2308 2303 2420 2448 2484 2525 2677
2238 2272 2328 2245 2181 2091 2055 2001 1955 1893 1883 1882 1894 1922 1964 2010 2048 2080 2129 2182 2202 2215 2225 2237 2242 2261 2360 2395 2421 2451 2584 2653 2648 2563 2546 2532 2520 2482 2446 2422 2387 2307 2305 2297 2273 2265 2261 2261 2335 2285 2211 2167 2131 2083 2033 1926 1858 1806 1760 1737 1729 1740 1781 1849 1878 1927 1956 1982 1997 2014 2015 2037 2180 2250 2299 2332 2344 2275 2244 2309 2364 2423 2475 2522
2275 2333 2369 2309 2227 2134 2095 2044 1988 1904 1885 1884 1900 1924 1956 1987 2036 2078 2121 2197 2224 2244 2255 2263 2266 2263 2345 2390 2418 2452 2565 2647 2701 2599 2578 2567 2557 2548 2525 2517 2500 2451 2464 2486 2425 2383 2353 2345 2341 2289 2236 2148 2108 2062 1980 1921 1845 1789 1729 1706 1700 1716 1744 1766 1789 1839 1862 1875 1898 1970 1970 2012 2132 2192 2233 2250 2266 2240 2191 2267 2323 2377 2418 2464
2295 2347 2397 2396 2338 2193 2147 2093 2006 1931 1905 1891 1911 1932 1961 2018 2046 2092 2142 2219 2241 2258 2268 2276 2278 2282 2312 2368 2421 2468 2622 2662 2738 2653 2625 2614 2619 2622 2604 2578 2519 2502 2488 2488 2410 2378 2361 2329 2278 2224 2173 2091 2049 2035 1961 1905 1837 1781 1708 1690 1672 1693 1707 1727 1746 1792 1810 1819 1861 1862 1892 1922 1970 2003 2028 2043 2165 2167 2145 2218 2275 2330 2364 2399
2303 2350 2396 2398 2319 2202 2160 2119 2054 2011 1982 1962 1977 1991 1995 2033 2062 2117 2168 2235 2255 2270 2285 2287 2290 2292 2315 2358 2413 2587 2674 2728 2761 2704 2654 2632 2647 2540 2551 2512 2454 2421 2388 2392 2354 2328 2306 2286 2247 2198 2147 2053 2008 1959 1875 1838 1789 1743 1673 1654 1652 1661 1675 1690 1704 1745 1761 1773 1809 1811 1843 1865 1905 1928 1945 1990 1997 2008 2057 2168 2202 2230 2302 2330
2303 2356 2385 2408 2329 2214 2185 2170 2121 2070 2033 2009 2010 2011 2031 2077 2115 2169 2212 2295 2303 2307 2291 2292 2296 2297 2320 2366 2443 2638 2651 2659 2699 2645 2576 2553 2566 2490 2421 2367 2284 2249 2231 2212 2287 2273 2252 2221 2198 2154 2112 2032 1973 1911 1821 1789 1737 1697 1641 1625 1612 1606 1614 1620 1636 1666 1718 1736 1758 1770 1795 1811 1845 1868 1886 1931 1936 1996 2058 2120 2143 2167 2208 2241
2299 2380 2427 2419 2342 2292 2239 2247 2194 2156 2116 2067 2058 2043 2070 2135 2163 2196 2245 2344 2341 2337 2310 2312 2317 2324 2384 2518 2549 2628 2578 2593 2628 2602 2538 2499 2477 2439 2374 2321 2235 2203 2190 2155 2149 2149 2140 2104 2082 2029 2015 1989 1938 1877 1755 1731 1688 1630 1606 1589 1583 1581 1587 1593 1618 1630 1645 1663 1679 1692 1700 1704 1726 1805 1832 1875 1907 1956 1997 2057 2080 2102 2159 2179
2346 2405 2401 2390 2341 2331 2333 2352 2384 2343 2294 2184 2117 2100 2113 2201 2220 2245 2355 2397 2382 2371 2340 2342 2341 2376 2412 2520 2656 2501 2493 2515 2526 2487 2520 2453 2400 2403 2356 2299 2209 2170 2152 2119 2098 2091 2086 2048 2020 1977 1858 1835 1784 1735 1671 1651 1625 1594 1573 1559 1557 1562 1562 1566 1585 1596 1614 1633 1638 1645 1651 1663 1677 1690 1716 1769 1822 1858 1913 1994 2022 2041 2107 2123
2379 2373 2361 2349 2313 2299 2292 2312 2387 2414 2394 2235 2208 2192 2181 2285 2393 2450 2424 2472 2438 2423 2382 2381 2380 2407 2423 2482 2617 2453 2448 2463 2445 2431 2440 2405 2320 2288 2279 2251 2210 2155 2125 2087 2070 2051 2040 1998 1960 1910 1809 1778 1740 1697 1639 1625 1603 1566 1559 1555 1553 1553 1552 1551 1555 1554 1572 1595 1594 1603 1603 1618 1632 1644 1664 1718 1766 1812 1871 1898 1920 1951 2013 2044
2297 2286 2274 2309 2275 2256 2246 2270 2347 2397 2427 2298 2253 2225 2218 2292 2405 2542 2584 2604 2607 2607 2538 2499 2461 2430 2439 2484 2589 2411 2395 2386 2379 2372 2388 2383 2293 2256 2219 2203 2208 2161 2100 2022 2006 1982 1914 1939 1892 1846 1767 1745 1714 1644 1620 1604 1592 1582 1575 1571 1566 1563 1562 1561 1570 1555 1543 1539 1541 1543 1569 1578 1589 1601 1623 1662 1702 1750 1833 1858 1889 1905 1983 2013
2258 2253 2244 2225 2209 2209 2217 2254 2274 2346 2382 2367 2331 2287 2278 2310 2391 2508 2665 2700 2710 2702 2604 2575 2507 2486 2486 2493 2437 2292 2261 2307 2301 2306 2322 2333 2268 2236 2204 2150 2149 2124 2076 1983 1952 1921 1853 1818 1782 1753 1704 1686 1663 1623 1609 1607 1610 1614 1613 1610 1596 1592 1587 1591 1598 1578 1563 1544 1535 1530 1526 1529 1535 1546 1570 1577 1647 1689 1764 1816 1829 1872 1943 1991
2215 2214 2206 2195 2192 2201 2215 2242 2258 2274 2288 2346 2382 2421 2346 2326 2365 2466 2632 2681 2742 2716 2678 2647 2541 2512 2515 2427 2270 2227 2209 2192 2162 2168 2176 2210 2220 2207 2192 2108 2077 2060 2028 1950 1900 1854 1803 1777 1757 1731 1686 1670 1653 1644 1659 1678 1691 1719 1721 1716 1641 1628 1622 1627 1630 1615 1606 1572 1557 1549 1536 1520 1523 1526 1545 1548 1555 1575 1661 1694 1712 1864 1905 1985
2168 2171 2171 2169 2181 2190 2208 2235 2248 2257 2268 2304 2343 2410 2386 2376 2390 2427 2600 2654 2645 2642 2724 2685 2573 2538 2536 2425 2216 2183 2162 2147 2119 2117 2120 2153 2170 2159 2144 2058 2012 1974 1917 1878 1861 1815 1772 1755 1740 1697 1680 1670 1662 1678 1701 1723 1741 1772 1777 1772 1744 1715 1719 1714 1718 1713 1700 1611 1591 1580 1565 1537 1529 1521 1528 1529 1534 1552 1610 1638 1684 1815 1851 1864
