data/CentralKootenay/slope.asc
ncols        779
nrows        635
xllcorner    -1620000.000000000000
yllcorner    438000.000000000000
cellsize     100.000000000000
NODATA_value -9999
[rows 576 to 623 of 635, columns 96 to 191 of 779]
0 0 0 0 0 0 0 12 27 51 56 36 30 30 29 33 40 33 30 36 55 51 28 30 31 29 22 25 29 29 34 42 44 44 30 21 20 26 38 48 56 78 80 64 58 56 48 40 63 64 36 29 19 31 44 52 62 65 63 62 52 46 38 16 18 26 34 27 21 35 37 32 27 53 59 50 93 95 62 42 44 64 80 76 86 84 80 93 95 90 75 76 76 60 65 61
0 0 0 0 0 0 0 8 27 57 56 34 30 27 22 24 40 37 30 37 56 54 33 33 33 37 40 43 45 35 33 39 30 14 34 41 29 37 49 51 49 70 71 48 53 55 51 50 59 42 30 41 31 35 30 31 39 47 45 51 49 42 51 48 34 24 33 29 32 39 32 18 5 30 67 53 84 94 56 50 47 51 57 75 91 83 76 89 89 83 81 79 67 39 47 45
0 0 0 0 0 0 0 4 21 58 59 36 35 30 18 17 34 33 27 37 55 50 32 28 28 35 45 51 59 58 49 30 7 27 53 45 26 34 41 37 33 60 62 38 54 52 42 40 34 16 38 56 45 38 37 43 51 61 54 50 49 36 41 53 56 49 43 32 26 12 21 37 36 45 57 70 76 82 57 50 57 56 56 81 79 61 55 59 53 39 44 47 27 15 42 41
0 0 0 0 0 0 0 1 11 52 63 38 42 33 18 20 33 35 31 49 59 44 32 25 20 20 27 32 39 45 36 20 31 51 58 39 24 33 38 35 34 58 60 40 57 51 32 26 24 36 43 53 50 39 39 45 51 65 70 60 55 52 55 59 61 63 54 46 38 33 49 57 50 42 38 65 82 76 69 61 73 66 66 88 83 62 54 52 45 27 22 11 22 32 52 52
0 0 0 0 0 0 0 0 2 43 60 40 45 35 17 16 28 34 31 56 63 48 41 39 43 42 32 18 12 15 31 40 42 51 43 22 15 30 35 29 41 59 52 40 55 45 26 39 57 53 47 50 52 34 26 28 30 43 66 65 54 53 55 56 59 73 65 57 53 48 48 43 46 45 47 56 55 63 75 76 76 62 56 74 72 49 38 35 25 13 23 50 74 75 73 57
0 0 0 0 0 0 0 0 0 33 54 42 47 37 15 8 16 25 27 49 57 45 40 39 41 33 29 29 28 30 41 43 38 44 32 15 13 31 35 25 50 57 37 38 52 39 27 52 75 86 76 66 69 61 52 45 34 34 53 58 47 44 46 45 49 70 64 46 42 40 39 39 48 54 60 63 71 79 74 71 55 37 39 64 56 25 17 16 27 40 56 81 93 86 90 53
0 0 0 0 0 0 0 0 0 21 47 52 58 47 23 14 12 18 26 45 49 35 30 21 18 35 43 36 23 30 40 36 29 37 29 15 16 32 34 24 53 52 29 38 46 33 28 51 70 77 76 62 62 62 59 58 52 50 61 66 62 66 61 42 39 63 62 37 26 28 31 29 40 50 54 64 86 77 58 47 25 19 35 74 60 25 34 45 53 58 68 68 31 56 95 72
0 0 0 0 0 0 0 0 0 8 29 51 67 54 31 24 16 15 22 45 52 39 33 28 36 35 33 31 21 32 36 24 23 35 29 17 23 30 29 24 47 47 29 41 49 39 34 57 72 39 47 43 36 43 43 49 55 58 65 65 57 73 71 45 40 58 61 45 29 26 25 18 31 41 45 61 64 30 14 12 25 36 44 78 74 67 88 105 102 82 51 9 45 99 108 76
0 0 0 0 0 0 0 0 0 0 8 39 64 46 31 29 20 14 15 37 49 39 45 44 31 23 30 34 25 35 35 19 21 37 29 14 26 25 22 25 38 39 31 42 57 68 72 74 71 43 55 58 39 42 46 45 43 45 50 51 46 67 72 58 49 53 55 54 45 26 20 19 38 46 40 46 34 13 24 33 39 47 63 92 91 80 101 101 76 45 48 78 100 111 92 55
0 0 0 0 0 0 0 0 0 0 2 37 61 43 34 36 28 20 15 27 41 40 54 47 23 21 31 35 27 38 38 18 20 37 28 15 28 27 29 34 35 34 35 41 52 71 81 75 60 45 53 72 68 77 75 57 45 41 42 43 47 63 71 63 54 46 37 40 43 22 12 17 37 40 21 23 39 54 64 79 82 77 85 104 98 57 53 21 72 95 94 86 84 79 54 19
0 0 0 0 0 0 0 0 0 0 0 24 56 59 54 53 36 18 22 30 35 40 55 48 24 27 34 31 25 40 40 17 21 32 22 23 38 48 50 52 51 56 54 52 53 54 56 54 45 38 38 61 75 78 66 47 38 42 40 38 44 56 68 61 60 49 30 31 37 21 7 21 36 29 17 37 59 71 90 111 114 115 104 101 101 48 10 72 93 93 77 52 44 36 25 21
0 0 0 0 0 0 0 0 0 0 0 7 28 48 53 61 45 16 26 32 26 36 59 51 25 36 39 30 27 42 42 18 24 24 14 28 42 49 53 53 60 74 85 89 87 87 86 79 66 47 40 47 46 34 42 48 35 42 37 34 44 57 60 54 68 55 31 32 43 26 10 25 27 21 29 39 48 55 86 101 97 88 71 82 75 69 71 82 76 78 64 31 29 34 32 38
0 0 0 0 0 0 0 0 0 0 0 0 6 22 48 65 45 20 28 31 21 29 59 55 27 41 43 32 32 44 43 23 27 19 20 31 34 40 51 46 48 56 73 85 84 83 79 74 70 65 51 29 20 45 53 39 30 37 36 37 50 56 53 49 69 58 31 35 52 29 16 28 41 48 49 53 65 70 91 85 50 43 83 84 65 102 85 49 49 60 47 28 40 55 66 83
0 0 0 0 0 0 0 0 0 0 0 0 0 11 53 68 41 27 32 31 20 24 52 51 28 44 46 30 36 44 38 29 33 30 40 48 53 59 69 57 48 47 50 50 51 48 44 45 43 43 44 57 63 81 77 60 38 17 26 41 59 57 49 54 71 61 33 49 64 29 17 25 39 44 43 50 69 76 72 33 48 81 101 82 57 102 80 33 42 57 50 40 49 65 81 96
0 0 0 0 0 0 0 0 0 0 0 0 0 3 43 66 47 38 41 39 28 32 50 46 30 45 49 30 41 43 28 27 34 41 51 60 65 64 77 79 76 74 65 53 48 40 26 25 20 29 63 84 63 71 62 59 53 35 7 28 63 64 49 56 75 68 42 64 64 25 20 15 18 21 25 39 60 61 14 43 80 108 119 87 56 78 64 39 50 64 73 67 67 73 71 69
0 0 0 0 0 0 0 0 0 0 0 0 0 0 29 51 41 38 45 43 31 35 48 49 42 51 54 38 49 47 26 28 33 43 50 59 57 51 61 72 71 60 40 24 16 20 50 61 55 64 84 78 57 70 58 33 35 37 22 25 67 71 48 51 79 73 41 64 59 23 35 35 28 25 26 39 57 44 45 81 79 108 93 44 23 44 46 40 53 74 99 110 110 110 105 102
2 0 0 0 0 0 0 0 0 0 0 0 0 0 20 41 34 30 38 36 27 31 36 39 43 50 49 43 55 57 51 55 63 73 78 75 55 41 38 32 20 17 43 56 60 69 79 66 46 59 69 54 51 71 59 32 41 47 30 26 64 68 46 54 74 64 43 65 62 32 27 36 36 41 53 65 48 14 94 99 78 86 56 17 21 36 39 38 50 71 89 104 110 109 107 102
10 0 0 0 0 0 0 0 0 0 0 0 0 0 11 33 38 36 38 36 29 31 32 29 41 43 38 38 49 54 59 68 77 82 79 59 26 21 35 49 60 59 64 68 61 61 60 48 40 47 54 38 46 69 58 30 37 54 40 26 49 61 48 59 63 55 51 70 68 44 35 13 27 40 52 48 16 73 108 74 36 38 44 51 58 71 71 54 59 76 78 76 77 78 77 62
25 5 0 0 0 0 0 0 0 0 0 0 0 0 3 21 37 42 39 39 35 34 33 32 44 44 36 34 39 40 45 55 61 51 26 21 41 45 57 67 70 66 69 69 58 63 67 57 49 45 55 45 51 68 54 26 21 43 37 28 35 53 43 56 57 50 47 64 73 55 58 43 26 31 36 28 58 92 76 24 27 54 81 84 84 90 89 68 87 116 122 117 102 89 80 69
40 15 2 0 0 0 0 0 0 0 0 0 0 0 0 9 30 42 37 32 35 34 28 30 42 42 38 43 53 66 70 57 32 12 37 56 51 40 52 55 47 45 57 61 54 62 58 48 47 51 63 55 63 67 45 28 18 37 28 23 31 48 39 47 50 52 44 42 57 51 58 67 70 74 72 49 54 66 48 31 45 70 83 87 72 57 64 56 103 133 124 110 68 20 13 59
43 28 9 0 0 0 0 0 0 0 0 0 0 0 0 3 18 44 43 28 37 34 20 24 36 35 39 52 61 59 43 28 47 68 76 70 55 46 55 56 46 39 46 46 39 51 42 31 36 48 56 47 58 58 39 37 30 44 39 38 36 37 36 42 45 55 50 30 32 35 36 37 40 49 57 20 23 47 61 76 102 134 136 126 92 67 58 50 111 120 64 77 83 59 71 84
45 37 17 0 0 0 0 0 0 0 0 0 0 0 0 0 7 39 47 31 40 36 25 26 33 33 41 40 23 20 42 70 78 66 62 55 44 38 46 50 43 43 51 45 33 46 44 30 30 36 39 34 52 52 36 40 30 43 41 43 43 44 47 46 47 55 48 23 20 29 32 21 7 39 60 33 33 56 70 86 115 137 127 135 140 115 93 80 90 78 13 97 109 66 68 74
44 45 27 3 0 0 0 0 0 0 0 0 0 0 0 0 1 27 45 36 41 36 35 44 47 32 12 29 48 52 56 66 60 38 39 33 22 22 35 45 41 48 49 35 29 45 46 30 32 38 39 35 51 52 33 35 21 31 27 27 35 45 45 37 38 42 38 22 16 25 42 33 10 42 57 41 38 47 56 61 85 94 52 65 101 89 55 35 22 67 62 90 112 72 80 93
39 48 39 10 0 0 0 0 0 0 0 0 0 0 0 0 0 15 37 37 38 33 29 30 36 31 29 55 56 43 47 53 46 36 38 28 17 16 33 47 41 47 41 24 28 46 45 30 34 35 34 32 48 52 33 36 27 36 29 24 35 38 26 19 27 31 36 22 6 14 42 42 20 45 54 45 56 46 52 48 71 78 9 64 93 75 33 30 28 40 52 68 109 75 99 92
34 44 47 19 0 0 0 0 0 0 0 0 0 0 0 0 0 7 28 35 35 28 18 38 45 35 28 47 46 27 38 42 34 39 40 23 14 19 35 44 40 43 35 23 29 45 44 29 32 30 25 22 43 46 25 30 20 25 36 41 46 43 41 43 38 28 32 21 4 21 47 40 21 51 60 47 65 41 7 8 57 71 26 68 75 59 47 50 40 29 48 55 94 74 100 89
38 43 58 35 0 0 0 0 0 0 0 0 0 0 0 0 0 2 18 32 37 34 26 41 40 27 24 45 52 30 39 38 29 42 41 21 15 27 34 35 40 42 31 24 32 40 37 35 38 32 25 26 41 37 23 31 27 5 21 39 41 36 36 39 33 26 24 15 7 28 43 32 27 64 69 49 58 14 36 38 60 76 39 49 63 38 44 70 62 40 56 68 73 68 92 86
40 38 64 54 11 1 0 0 0 0 0 0 0 0 0 0 0 0 6 26 43 35 26 41 40 27 25 46 57 35 42 38 28 41 41 23 17 30 33 30 40 44 32 23 33 33 30 40 50 44 35 39 43 41 42 41 33 24 22 23 20 17 17 12 8 13 16 14 19 37 45 38 46 76 66 31 41 41 35 17 40 60 51 46 71 46 53 76 68 46 60 79 74 61 91 92
36 30 55 60 27 7 0 0 0 0 0 0 0 0 0 0 0 0 0 25 44 30 24 42 38 20 21 43 56 39 45 40 27 40 43 24 17 31 34 30 39 45 31 21 34 33 23 30 46 50 42 46 52 55 57 59 45 35 38 30 23 18 17 16 15 18 20 23 30 47 56 50 59 70 33 31 56 55 33 19 30 51 62 49 76 49 47 65 65 55 66 65 64 61 88 99
37 34 47 50 37 15 1 0 0 0 0 0 0 0 0 0 0 0 0 19 43 39 30 43 36 15 24 42 49 40 45 41 26 44 45 21 17 32 36 29 41 44 25 21 38 38 21 21 33 42 36 39 42 38 41 54 50 45 53 45 37 33 29 29 33 45 51 46 40 54 53 32 40 42 23 39 37 40 37 29 31 42 58 54 80 69 70 80 79 55 76 69 56 62 77 89
33 45 47 38 40 25 4 0 0 0 0 0 0 0 0 0 0 0 0 7 33 49 40 45 37 17 29 41 44 40 42 39 27 47 47 23 17 33 37 29 45 41 17 22 44 55 47 48 47 48 53 53 42 33 35 38 40 41 49 38 31 42 42 37 31 37 37 31 26 35 34 22 34 40 27 31 23 30 35 29 28 32 43 59 89 83 81 85 81 66 83 84 57 69 77 79
20 48 51 33 41 32 9 0 0 0 0 0 0 0 0 0 0 0 0 0 20 45 49 47 35 21 32 38 42 42 37 33 27 45 47 29 22 34 36 29 46 39 19 27 40 60 62 64 58 51 56 60 55 40 48 42 29 31 52 43 26 49 49 32 27 25 21 18 16 25 36 35 34 34 24 30 25 33 47 56 52 44 46 66 85 72 70 69 66 69 88 79 59 71 75 73
12 40 41 33 41 36 13 0 0 0 0 0 0 0 0 0 0 0 0 0 11 37 61 53 31 24 32 34 40 48 33 24 26 42 46 31 28 35 34 31 44 47 36 36 38 49 45 56 55 36 34 56 59 46 56 54 35 38 59 51 24 44 49 26 33 36 36 41 40 31 25 33 40 30 18 25 20 25 37 53 65 72 82 94 91 75 76 69 64 78 83 67 58 74 70 60
0 31 24 29 40 40 13 0 0 0 0 0 0 0 0 0 0 0 0 0 4 26 68 64 30 26 34 32 37 52 35 18 23 40 43 28 34 37 30 32 38 52 62 56 35 28 22 41 38 19 27 44 41 26 58 68 47 52 65 53 21 26 39 35 50 57 50 45 47 43 25 29 45 36 11 22 9 8 13 24 42 68 89 100 90 77 74 69 67 85 91 79 76 78 64 47
-9999 0 5 32 43 36 9 0 0 0 0 0 0 0 0 0 0 0 0 0 0 12 63 73 34 31 38 31 31 50 38 18 21 39 41 21 32 37 32 35 31 42 57 49 40 35 42 54 53 47 57 67 61 58 69 65 49 58 53 29 10 18 33 40 43 45 36 26 39 45 25 25 42 38 5 28 17 15 16 28 38 39 53 60 54 50 55 58 57 79 79 61 58 57 48 35
-9999 -9999 -9999 0 33 20 6 0 0 0 0 0 0 0 0 0 0 0 0 0 0 3 53 73 40 41 41 28 28 47 39 19 22 37 39 29 37 44 48 47 38 38 24 51 61 41 43 53 51 40 51 57 51 51 57 56 42 40 46 58 58 48 39 37 30 32 17 9 34 39 22 33 44 33 0 37 29 29 36 40 36 22 33 42 29 29 44 50 48 69 64 36 29 35 36 26
-9999 -9999 -9999 -9999 0 4 13 0 0 0 0 0 0 0 0 0 0 0 0 0 0 1 43 67 45 50 45 25 28 45 38 18 22 31 35 38 43 51 60 62 40 16 25 65 61 40 49 56 43 29 41 46 37 35 42 37 23 37 65 77 76 72 54 31 34 42 16 9 35 36 22 42 50 32 12 45 34 22 30 29 14 13 37 45 24 31 45 46 43 59 53 27 27 32 26 20
-9999 -9999 -9999 -9999 -9999 -9999 0 0 0 0 0 0 0 0 0 0 0 0 0 0 0 0 31 58 54 61 52 26 29 44 38 19 20 24 26 30 36 34 33 48 36 26 41 62 55 38 57 55 33 29 40 43 33 34 33 35 45 50 51 49 46 50 45 24 44 56 29 28 39 39 31 48 58 27 29 49 31 11 16 12 1 7 38 43 21 37 51 42 40 63 69 58 60 61 65 70
-9999 -9999 -9999 -9999 -9999 -9999 -9999 0 0 0 0 0 0 0 0 0 0 0 0 0 0 0 17 44 56 69 56 29 32 41 35 28 29 38 45 38 23 22 30 51 50 33 35 51 52 38 59 53 27 27 39 39 26 37 61 77 80 65 39 25 34 45 44 38 55 63 35 34 39 40 39 50 54 17 38 50 28 15 19 13 4 11 31 35 25 42 53 46 48 63 70 61 63 70 76 78
-9999 -9999 -9999 -9999 -9999 -9999 -9999 -9999 -9999 0 0 0 0 0 0 0 0 0 0 0 0 0 7 30 53 71 57 31 39 36 27 32 38 41 38 35 35 38 33 44 45 30 32 44 46 40 60 55 29 28 35 31 30 47 62 65 59 48 34 34 62 70 65 58 61 62 41 37 33 30 31 37 36 14 30 47 30 25 26 26 30 34 44 59 65 74 79 64 51 51 50 42 37 35 37 41
-9999 -9999 -9999 -9999 -9999 -9999 -9999 -9999 -9999 -9999 0 0 0 0 0 0 0 0 0 0 0 0 2 21 50 79 63 31 42 34 24 31 32 22 36 49 46 30 22 36 43 34 38 39 35 39 59 55 33 33 32 26 34 38 23 14 28 59 60 55 77 76 63 55 55 52 32 22 8 12 28 38 33 21 11 36 32 28 32 37 49 60 67 73 73 78 88 83 74 65 52 48 47 38 30 29
-9999 -9999 -9999 -9999 -9999 -9999 -9999 -9999 -9999 -9999 -9999 0 0 0 0 0 0 0 0 0 0 0 0 9 37 78 65 40 49 47 42 33 21 34 42 46 41 25 20 33 40 36 42 36 31 37 53 54 39 45 52 55 52 30 19 27 53 69 55 54 69 59 36 33 32 25 25 30 28 26 33 44 39 28 14 23 46 38 31 41 53 57 55 51 50 56 60 59 74 71 43 34 39 36 28 36
-9999 -9999 -9999 -9999 -9999 -9999 -9999 -9999 -9999 -9999 -9999 -9999 -9999 0 0 0 0 0 0 0 0 0 0 1 32 66 55 48 53 48 36 33 39 38 35 41 39 26 24 32 37 37 43 34 30 33 45 46 37 46 56 53 38 44 49 40 58 59 45 47 57 48 25 35 39 40 42 44 39 28 28 39 40 35 37 28 41 53 39 35 29 23 27 32 34 47 51 43 70 68 29 13 22 27 30 50
-9999 -9999 -9999 -9999 -9999 -9999 -9999 -9999 -9999 -9999 -9999 -9999 -9999 -9999 0 0 0 0 0 0 0 0 0 0 26 52 48 39 38 33 24 46 51 31 26 38 40 27 29 31 32 38 45 35 28 32 38 36 28 31 28 24 39 67 58 36 46 47 39 32 48 65 71 78 82 81 77 69 57 39 28 28 30 29 45 51 9 33 27 6 12 23 22 20 44 76 74 66 71 55 19 10 15 22 47 54
-9999 -9999 -9999 -9999 -9999 -9999 -9999 -9999 -9999 -9999 -9999 -9999 -9999 -9999 -9999 -9999 0 0 0 0 0 0 0 0 13 36 48 43 39 34 26 51 55 29 22 35 40 28 32 30 29 37 49 39 25 31 35 40 42 35 33 36 59 67 45 30 34 36 30 35 57 78 85 83 79 74 63 50 51 51 44 30 22 23 38 54 31 22 25 13 17 26 40 48 70 87 67 58 52 33 10 10 29 54 82 84
-9999 -9999 -9999 -9999 -9999 -9999 -9999 -9999 -9999 -9999 -9999 -9999 -9999 -9999 -9999 -9999 -9999 -9999 0 0 0 0 0 0 4 19 43 51 43 34 28 52 54 31 25 34 37 28 32 28 25 33 51 43 22 27 32 39 39 43 50 41 63 59 32 29 38 47 42 44 52 51 46 43 36 30 46 42 24 39 58 41 18 22 29 43 36 29 32 21 19 28 38 46 65 73 48 41 34 17 11 29 49 66 88 84
-9999 -9999 -9999 -9999 -9999 -9999 -9999 -9999 -9999 -9999 -9999 -9999 -9999 -9999 -9999 -9999 -9999 -9999 -9999 0 0 0 0 0 0 6 34 59 47 29 30 51 54 33 34 34 29 30 34 27 20 33 50 41 22 20 22 23 30 51 48 42 63 56 32 36 50 67 70 51 25 19 24 33 32 35 62 48 20 24 59 50 16 22 24 29 26 25 31 21 29 53 65 65 68 60 37 31 21 8 23 44 52 57 84 73
-9999 -9999 -9999 -9999 -9999 -9999 -9999 -9999 -9999 -9999 -9999 -9999 -9999 -9999 -9999 -9999 -9999 -9999 -9999 -9999 -9999 0 0 0 0 1 25 63 52 25 29 51 53 34 39 32 24 32 37 27 15 35 47 38 30 26 30 27 46 49 37 42 60 53 35 35 38 43 46 40 39 43 60 69 67 64 78 61 37 31 54 48 14 23 27 24 12 27 29 18 35 61 58 47 42 32 18 22 28 42 62 86 89 74 91 83
-9999 -9999 -9999 -9999 -9999 -9999 -9999 -9999 -9999 -9999 -9999 -9999 -9999 -9999 -9999 -9999 -9999 -9999 -9999 -9999 -9999 -9999 -9999 0 0 0 18 56 45 27 33 51 49 36 41 32 20 30 39 28 12 30 42 38 35 26 26 38 51 52 51 57 70 70 58 44 26 24 36 62 62 48 66 70 67 68 79 57 39 34 46 39 20 32 37 26 6 37 27 16 34 52 35 23 18 14 23 42 58 65 81 104 99 82 94 104
