data/CentralKootenay/slope.asc
ncols        779
nrows        635
xllcorner    -1620000.000000000000
yllcorner    438000.000000000000
cellsize     100.000000000000
NODATA_value -9999
[rows 288 to 335 of 635, columns 192 to 287 of 779]
38 32 30 36 23 44 54 38 32 73 88 58 78 83 58 44 62 68 51 48 37 13 41 70 73 58 66 77 72 52 47 55 57 53 49 45 43 69 75 55 54 76 95 67 21 70 55 53 68 67 51 61 56 43 42 43 36 32 46 54 38 31 52 56 41 50 52 43 43 66 78 47 25 38 50 43 52 52 44 55 64 52 36 44 50 51 53 63 69 74 82 84 82 79 81 81
31 33 26 1 39 67 66 66 69 75 73 57 83 75 50 47 67 72 49 47 30 14 34 61 70 60 75 74 70 71 72 75 70 59 47 37 36 69 73 45 62 102 101 45 52 82 50 52 67 65 49 62 59 47 43 40 30 29 50 62 45 35 48 51 36 51 53 38 39 67 78 58 45 11 49 63 78 68 51 62 59 41 35 45 47 40 50 64 59 57 72 79 75 73 79 80
33 27 18 28 34 45 45 56 72 78 70 55 71 67 48 49 77 83 51 47 22 17 25 50 64 54 75 70 55 64 69 64 55 47 35 23 26 65 75 53 85 102 67 40 57 77 46 53 66 57 44 64 62 41 37 30 21 24 49 62 44 37 51 51 34 49 51 37 37 67 74 57 54 67 99 87 76 62 50 63 57 43 45 59 66 62 67 63 44 35 32 28 27 31 41 45
62 47 45 39 32 45 47 35 42 55 58 56 64 58 42 51 85 86 55 47 21 20 25 49 64 55 72 65 46 45 40 35 35 50 50 41 46 72 79 64 70 74 84 90 82 76 58 73 71 48 45 71 60 24 21 17 19 21 48 60 38 38 51 46 35 50 48 34 40 63 68 55 21 59 64 46 51 50 45 59 55 42 46 63 67 55 50 38 24 23 23 27 25 19 30 32
39 51 65 44 34 48 49 36 46 49 41 43 57 57 46 68 87 71 54 50 23 20 23 43 55 54 74 65 38 30 36 46 50 69 66 52 63 82 79 55 27 51 80 91 94 91 79 91 77 51 50 74 59 34 37 28 29 28 50 55 34 46 51 37 35 52 48 30 49 63 58 53 34 71 56 54 56 44 42 57 52 39 48 62 52 30 30 29 22 24 30 34 36 36 40 37
73 68 63 44 34 46 46 34 46 41 31 40 66 73 70 87 81 54 50 55 28 16 22 39 43 46 68 64 34 42 55 57 54 71 68 48 66 72 53 22 29 48 53 59 77 88 88 97 88 75 77 90 69 53 53 53 58 65 75 66 43 57 55 36 34 52 52 31 59 72 56 27 43 64 44 47 40 29 37 61 61 47 53 54 39 28 31 29 20 24 28 24 25 33 38 37
60 48 45 37 36 42 41 31 43 39 30 50 85 80 60 78 73 57 58 61 36 26 31 39 40 43 71 73 37 46 53 47 49 67 62 36 54 52 27 31 67 76 83 91 102 99 90 95 85 74 91 97 73 54 46 48 55 66 85 73 49 65 64 43 42 58 57 37 68 94 74 45 66 58 31 37 30 22 36 70 61 29 34 40 29 22 25 21 11 22 25 14 9 10 15 22
50 46 46 40 45 42 33 29 42 40 28 61 86 60 41 63 61 43 53 54 31 26 37 40 42 52 73 68 52 62 62 51 57 76 71 45 59 49 23 43 77 79 83 91 96 94 95 102 94 85 92 82 61 49 40 32 25 48 81 65 45 68 73 49 65 79 75 72 108 120 66 33 74 81 52 42 33 23 46 72 48 20 31 40 30 25 24 21 21 32 32 18 14 14 17 24
44 46 48 45 51 45 34 32 41 39 26 59 77 58 47 70 79 52 54 43 18 15 34 41 44 61 69 58 54 68 67 46 56 75 64 43 59 41 23 48 75 67 52 62 74 77 87 96 86 76 75 63 53 48 47 43 32 58 81 62 47 81 94 66 91 106 94 100 113 69 7 29 34 65 74 65 45 27 52 57 34 26 37 45 30 26 20 10 13 28 34 27 21 15 14 20
48 49 42 37 50 51 47 50 55 48 39 54 58 46 40 67 80 57 66 49 16 13 28 38 39 61 64 45 42 68 72 49 71 78 53 41 53 35 41 71 88 71 52 61 74 70 70 67 51 41 42 38 34 33 37 42 38 66 82 66 79 115 107 74 104 112 77 65 43 37 63 63 61 45 43 80 66 28 43 42 37 37 49 63 56 51 40 19 12 22 26 23 25 18 8 10
59 58 46 40 50 50 43 54 61 57 55 67 68 56 57 70 68 56 76 57 17 15 25 32 36 59 66 50 46 70 75 53 77 78 52 45 48 34 43 75 84 66 65 81 90 81 74 61 44 33 31 25 15 15 26 38 44 76 90 81 107 104 68 53 84 89 75 83 80 86 80 65 60 57 41 69 72 29 35 34 38 47 58 75 82 82 71 51 40 37 33 32 40 32 15 21
64 55 41 38 52 56 46 57 63 64 63 64 64 53 64 68 52 49 78 63 14 18 25 23 30 55 68 56 55 71 72 62 82 81 55 49 38 19 33 70 82 59 68 83 82 69 62 51 42 35 28 17 9 13 27 41 50 81 94 79 97 86 59 60 84 101 105 104 95 91 84 77 70 66 61 36 51 54 56 60 65 61 58 66 83 93 81 63 57 53 51 59 71 72 73 76
60 52 36 37 54 57 42 53 58 49 39 42 50 39 54 55 40 41 70 63 13 17 24 19 25 51 61 51 66 73 60 59 84 87 59 57 37 43 48 70 90 69 72 70 54 38 33 26 24 24 18 10 7 19 31 38 47 78 91 83 104 104 75 63 67 67 66 68 63 61 63 68 63 61 64 43 10 23 41 68 92 102 103 102 96 104 88 60 59 62 66 80 94 97 94 75
56 55 38 45 56 46 28 42 42 26 20 29 37 32 47 48 34 36 62 58 17 10 22 19 24 49 55 43 67 72 52 52 82 86 61 60 48 63 67 85 105 87 90 74 49 33 21 11 7 5 4 4 7 22 29 30 44 68 79 83 107 120 102 90 88 89 92 90 68 54 50 46 44 43 51 57 49 36 21 34 41 69 107 120 122 135 131 121 129 122 89 87 93 78 43 42
50 55 40 51 49 31 26 36 35 28 34 38 41 45 56 55 47 52 65 49 21 4 18 22 26 45 51 46 70 75 55 58 78 74 59 52 43 58 67 92 102 85 81 54 32 18 7 14 18 22 26 24 16 21 22 20 39 53 54 57 80 98 96 98 91 87 91 102 97 89 82 77 73 61 53 47 37 30 35 41 42 51 69 89 107 122 119 113 109 110 80 54 54 59 32 55
47 54 40 52 48 32 32 36 30 23 33 34 30 37 55 58 48 72 72 39 24 11 11 20 31 42 42 46 70 78 61 74 78 64 64 58 50 63 77 91 82 65 55 23 6 15 28 34 37 44 49 51 49 40 22 9 27 48 58 57 71 83 74 80 75 62 62 78 94 98 90 80 70 67 68 53 39 40 38 32 37 85 85 49 77 90 58 31 39 59 39 28 62 56 33 60
49 48 37 48 42 27 33 35 24 18 37 42 35 31 45 52 42 76 74 39 27 17 7 14 31 40 35 40 64 72 60 83 82 61 62 60 57 74 94 97 77 60 34 3 21 33 41 41 42 46 47 51 56 48 32 17 1 25 49 58 67 79 83 94 93 71 63 66 66 61 56 53 41 48 66 56 37 49 45 31 37 92 102 16 73 86 47 31 46 49 37 59 60 40 32 58
60 51 48 51 40 28 44 50 44 46 59 59 51 53 61 54 39 63 66 44 36 23 9 10 28 40 40 42 61 65 53 78 77 53 50 44 46 66 87 78 55 39 13 27 38 51 52 48 45 44 47 48 45 43 37 30 21 3 22 44 55 62 69 81 93 86 79 77 78 76 72 62 36 35 59 52 34 51 48 35 54 102 89 14 82 79 41 33 51 55 44 61 54 35 35 53
64 58 60 65 66 68 79 82 75 71 67 56 44 45 45 36 30 48 54 40 44 31 10 5 19 33 41 47 59 64 61 83 85 60 53 31 32 52 76 63 27 8 36 42 42 53 52 53 60 77 88 81 71 68 62 49 36 19 2 22 35 38 41 53 67 70 69 65 66 67 75 71 33 49 65 45 36 51 51 45 86 107 38 46 79 69 43 50 65 59 45 55 49 35 41 55
63 56 62 73 73 70 79 78 63 56 51 43 33 29 24 19 23 41 44 32 47 40 15 5 8 21 32 48 55 57 61 80 89 72 69 39 41 52 76 59 13 31 46 36 35 47 48 51 71 99 100 93 89 78 73 73 60 46 27 4 21 35 38 45 50 46 44 36 30 31 70 79 41 62 66 43 41 62 76 84 105 64 37 70 72 62 42 59 65 48 42 51 47 36 51 56
76 60 68 71 54 45 49 41 20 20 21 16 11 13 18 22 30 43 44 43 57 53 30 17 0 14 23 42 49 46 51 69 79 69 80 50 41 46 70 53 19 46 51 33 36 56 58 47 68 72 46 45 69 76 65 74 71 61 54 33 4 23 36 41 46 49 51 36 20 29 74 79 50 67 69 51 53 87 109 107 89 20 52 49 48 45 35 63 69 59 61 61 56 44 52 51
73 56 61 52 32 26 27 33 29 31 34 33 34 33 33 34 42 51 53 51 64 61 37 30 11 10 19 37 48 49 51 63 68 63 77 51 28 37 63 52 19 49 60 46 47 73 73 44 62 59 34 29 40 74 66 62 62 56 61 59 34 2 21 32 32 37 50 43 22 51 80 68 55 75 79 63 77 110 107 79 53 44 70 51 46 41 36 66 80 68 58 49 40 26 37 39
72 27 28 28 27 33 42 55 61 64 68 68 67 61 49 41 46 48 45 43 64 64 39 40 23 5 11 26 37 46 61 66 69 76 90 72 30 37 55 48 19 32 53 44 51 79 81 53 61 56 39 35 30 63 80 69 72 76 78 80 56 23 11 22 20 22 43 50 35 64 77 56 55 83 83 56 78 84 68 67 54 18 78 75 54 36 36 66 82 63 39 20 17 19 34 37
68 26 29 41 49 53 50 50 57 59 58 57 55 55 52 50 53 52 41 38 59 61 40 47 32 4 2 15 23 29 54 65 63 69 89 83 50 49 44 36 30 22 50 42 67 84 72 61 63 53 38 40 33 37 74 68 71 79 85 91 76 56 31 10 18 22 35 45 44 73 81 59 60 91 92 64 82 86 82 87 95 71 56 88 68 38 41 64 74 56 38 18 13 17 29 31
64 64 73 87 85 66 45 32 28 28 24 19 23 29 36 40 47 55 44 50 61 52 36 41 33 13 5 9 18 18 37 48 45 49 75 74 56 52 34 29 38 20 55 47 81 86 57 55 68 56 34 46 42 11 39 43 54 66 82 85 76 67 50 18 10 23 29 33 43 75 85 69 69 86 86 73 82 75 58 60 79 95 68 75 79 39 38 54 58 46 44 28 17 19 27 26
70 79 87 87 84 74 52 34 29 32 29 20 22 24 19 23 61 73 55 63 61 39 27 31 30 22 16 2 14 17 32 46 51 53 66 57 46 46 41 35 38 18 57 55 85 81 51 54 77 71 46 53 59 53 36 9 34 59 81 70 62 61 58 37 14 16 22 23 32 64 75 68 84 86 80 77 87 87 63 61 72 82 86 57 62 44 37 46 42 36 46 44 35 36 44 55
65 66 47 26 43 58 52 36 32 35 36 34 35 29 34 56 79 74 50 55 43 18 23 33 38 36 33 15 6 13 24 38 52 67 69 64 66 66 73 70 39 27 53 60 84 71 38 43 60 56 43 40 34 36 38 45 34 32 65 64 64 71 70 51 30 14 12 15 22 52 62 52 78 84 73 75 85 98 93 91 88 93 105 87 27 42 50 47 33 34 42 47 49 55 71 90
102 83 42 19 28 43 43 27 26 28 28 30 41 57 61 75 80 64 41 34 31 38 46 51 51 47 52 42 19 4 10 24 37 62 70 67 65 63 66 60 48 50 57 68 93 79 47 52 53 37 35 36 23 9 6 33 40 19 36 52 54 68 73 59 48 34 12 10 21 44 54 46 65 70 60 67 68 74 85 83 73 70 80 99 80 35 33 50 45 46 50 46 43 54 77 89
64 86 74 22 19 37 40 24 25 24 21 17 60 82 62 73 68 42 21 13 37 50 53 58 64 66 73 69 53 38 15 12 24 41 45 42 42 38 27 34 69 74 61 69 93 77 42 52 49 35 36 41 28 17 16 13 19 15 12 43 52 66 67 54 50 45 28 11 18 34 45 52 69 71 60 67 57 48 48 49 46 44 41 62 81 69 29 26 50 44 47 49 52 66 74 49
22 81 88 29 15 30 35 23 25 20 16 31 81 88 55 72 59 20 10 27 41 45 45 46 55 62 72 70 54 55 41 12 7 30 43 47 47 34 24 40 82 86 58 66 83 69 42 52 46 33 37 41 28 21 30 32 27 19 26 47 71 84 74 53 48 48 36 20 11 18 32 44 64 66 56 68 58 46 45 49 58 55 47 47 50 52 61 29 25 33 38 49 66 72 46 26
23 67 84 43 21 28 33 25 37 40 45 67 95 80 51 59 41 31 46 62 63 53 46 42 38 39 56 62 44 52 45 24 13 9 26 31 35 31 29 44 87 92 62 75 76 59 52 61 46 24 36 37 25 21 24 31 33 28 32 34 59 103 113 92 79 63 39 27 17 7 17 32 57 58 45 61 53 36 32 32 43 50 53 56 54 52 68 61 15 22 39 51 65 52 35 35
23 52 71 63 53 42 34 31 45 51 51 70 79 59 42 30 31 51 66 79 68 57 55 57 54 49 60 65 50 55 44 23 21 15 2 9 18 25 30 42 83 90 68 90 84 59 57 70 58 30 42 37 21 19 18 17 17 17 20 27 30 65 110 105 105 91 61 48 34 17 9 28 53 49 37 55 51 30 26 14 8 16 27 39 48 54 63 62 46 33 56 79 65 41 40 29
24 39 46 51 76 67 38 37 60 77 66 64 58 39 25 16 31 41 56 60 45 44 47 51 52 51 62 67 58 65 53 27 24 24 10 7 13 21 30 43 72 75 66 94 91 60 57 78 70 38 46 38 20 18 18 12 6 6 13 25 34 22 64 88 97 95 75 62 48 26 5 22 45 48 44 57 58 45 36 17 12 18 21 19 26 50 61 45 38 73 78 57 42 48 34 27
29 36 29 25 75 81 50 62 91 86 54 45 37 21 26 43 59 59 57 48 32 29 26 26 31 45 58 59 59 72 59 29 28 30 19 4 8 20 30 52 65 59 60 94 95 59 57 79 71 44 47 44 40 38 31 26 19 15 26 32 42 51 52 89 92 78 63 63 60 38 6 12 31 40 44 51 52 44 46 36 25 26 26 22 17 51 65 36 29 82 98 36 42 58 32 33
41 45 34 32 77 100 73 89 92 53 25 19 19 31 46 67 78 76 68 50 35 32 29 27 30 47 56 50 54 73 62 30 29 27 24 17 2 13 23 53 64 54 59 94 94 57 69 82 62 45 43 45 46 46 36 27 25 34 37 35 48 58 45 90 113 92 66 70 74 50 16 9 21 29 37 41 40 43 59 49 28 25 23 20 16 38 60 41 35 82 99 59 42 72 44 43
50 59 57 68 104 120 82 79 61 24 16 20 34 42 54 72 70 65 58 40 30 32 29 26 29 49 60 53 59 76 62 36 35 23 16 23 7 11 17 42 55 52 59 95 93 51 72 79 60 61 60 48 35 42 38 27 31 45 42 27 40 50 25 56 106 91 57 71 81 66 50 41 41 38 42 44 43 51 64 52 25 20 16 13 12 22 46 50 62 111 105 70 39 71 46 37
58 76 69 77 103 98 52 45 38 28 37 55 64 68 73 76 66 53 39 28 19 25 26 21 23 44 58 53 66 76 64 52 52 36 17 25 12 10 16 35 48 49 67 96 84 52 67 67 58 62 58 49 33 41 40 30 34 46 44 28 38 46 24 33 98 82 44 64 81 77 68 57 50 43 45 49 54 62 71 57 34 24 14 9 8 15 36 53 107 126 68 42 14 57 40 28
67 83 66 63 71 54 31 42 49 55 69 76 71 69 74 81 72 55 49 38 27 26 27 25 21 35 50 51 67 69 59 57 63 52 30 28 18 6 18 33 46 49 83 94 66 57 68 60 38 54 71 57 44 48 47 34 34 42 38 27 43 49 27 36 91 77 54 68 85 81 72 54 39 33 50 62 63 63 77 65 43 30 18 13 14 26 64 91 125 89 40 68 63 79 73 69
68 75 54 54 51 38 40 50 61 75 79 63 49 51 66 80 71 64 59 40 41 46 46 45 40 38 43 51 68 65 49 51 59 50 36 36 26 9 16 34 45 47 89 93 55 49 65 57 36 70 78 53 46 52 48 34 35 36 31 33 55 52 16 35 65 66 75 97 127 140 131 98 61 46 64 71 60 70 92 65 40 35 28 24 28 46 91 116 81 30 74 80 81 78 62 61
56 59 44 50 57 67 88 108 121 114 85 57 46 61 76 76 61 73 77 54 55 57 52 46 54 47 34 46 71 72 52 60 61 49 41 47 34 8 11 32 42 46 86 94 58 58 77 66 44 68 72 49 45 57 51 30 36 41 44 53 53 27 26 43 39 18 22 50 88 127 142 121 82 69 81 103 114 124 109 69 52 47 40 34 37 45 71 105 10 77 70 73 83 79 62 76
47 47 44 53 68 91 109 118 111 87 65 53 63 93 102 81 48 56 74 60 49 44 41 28 50 53 26 29 63 71 51 60 61 53 48 55 39 11 15 32 39 46 86 96 63 74 79 55 42 64 67 45 48 58 47 28 38 46 37 25 29 51 56 48 44 39 42 55 42 25 94 109 70 62 69 107 122 134 124 108 112 115 102 79 56 36 44 98 37 96 51 62 68 63 56 74
49 63 69 74 86 92 83 69 56 57 56 68 93 105 80 42 29 33 28 32 34 43 41 33 39 48 32 25 55 65 50 58 57 54 52 58 44 16 19 34 38 49 91 97 63 84 83 53 47 67 67 43 57 56 37 35 46 39 23 39 55 60 59 59 56 45 38 58 71 47 44 86 68 54 50 89 108 94 104 121 131 136 124 97 70 43 35 56 79 125 86 80 71 64 54 60
75 105 121 122 110 88 62 44 56 74 83 92 95 63 15 47 65 54 42 38 75 80 64 58 65 70 69 72 81 73 53 58 57 47 54 64 45 16 14 29 33 52 92 90 61 84 85 58 54 73 72 50 70 64 37 38 45 42 48 49 43 37 40 48 43 28 25 39 59 71 44 25 65 84 60 57 99 125 83 50 57 75 86 82 68 41 22 50 138 132 93 98 104 104 101 81
58 52 53 48 35 21 22 15 9 23 31 33 23 13 43 60 70 66 69 69 90 85 64 66 86 95 90 91 90 77 60 58 54 35 56 66 41 18 12 25 27 63 91 76 59 81 80 54 54 69 69 58 79 74 39 41 54 69 71 57 46 41 36 27 16 13 22 24 29 46 54 38 24 46 56 35 66 130 110 47 30 21 45 82 73 30 36 114 130 80 59 76 89 95 98 83
9 29 49 58 56 51 49 41 42 42 36 35 44 58 59 60 83 97 92 102 99 87 62 68 81 75 63 67 60 49 48 53 47 27 46 63 44 24 8 24 25 64 88 74 63 78 75 49 58 63 55 54 83 75 32 38 60 72 74 72 68 65 56 40 28 23 26 21 15 17 29 44 56 23 34 43 40 109 103 51 71 59 20 65 89 58 69 154 121 47 43 45 42 42 49 54
46 42 48 52 48 42 39 33 30 31 32 37 44 62 67 63 98 106 82 86 97 92 78 83 95 83 67 62 50 40 42 46 37 22 33 55 45 28 4 23 22 54 81 76 68 81 74 47 61 65 50 55 85 67 33 44 46 43 49 62 70 68 59 49 37 34 36 25 14 18 22 25 49 62 39 49 50 93 63 52 60 72 70 11 65 63 92 167 132 38 31 34 28 25 30 36
48 32 39 42 35 37 43 48 54 56 54 50 44 66 72 69 93 95 65 53 65 76 70 74 78 63 49 42 31 21 25 28 25 21 25 45 43 30 2 21 20 49 70 67 72 81 66 45 64 71 56 58 74 69 79 75 54 42 44 47 47 43 43 42 33 35 42 33 16 22 25 19 36 85 60 47 58 42 40 57 46 69 90 47 63 82 106 152 125 47 32 26 13 5 13 19
47 29 35 38 30 39 55 65 70 77 81 81 85 99 94 88 104 93 63 55 55 51 43 49 42 24 16 12 9 14 29 37 36 29 35 38 36 30 1 18 20 48 63 58 80 78 54 48 68 74 58 57 55 71 84 84 81 74 67 55 42 33 40 37 26 32 39 33 21 28 28 24 35 79 69 25 7 32 53 52 49 71 101 107 134 126 124 116 87 52 50 39 18 8 5 18
