data/CentralKootenay/slope.asc
ncols        779
nrows        635
xllcorner    -1620000.000000000000
yllcorner    438000.000000000000
cellsize     100.000000000000
NODATA_value -9999
[rows 288 to 335 of 635, columns 384 to 479 of 779]
39 47 47 39 47 41 16 8 13 5 22 49 63 54 61 91 85 51 68 59 38 43 57 45 35 60 82 77 79 76 80 74 67 73 61 67 78 75 67 69 63 40 45 56 56 53 53 62 72 69 82 89 82 87 91 89 87 97 111 120 90 82 79 57 43 35 16 32 98 96 44 47 56 51 39 46 41 36 33 22 41 43 81 108 86 16 28 19 23 51 56 78 70 61 53 64
49 54 46 41 45 39 17 12 17 7 22 53 66 54 67 89 76 46 63 69 54 47 61 44 43 56 69 54 51 45 59 58 73 81 72 76 77 72 72 81 72 66 66 70 72 59 49 50 49 50 63 62 52 72 82 86 79 75 100 109 92 97 96 92 81 69 57 49 118 98 37 42 46 33 33 45 35 31 23 18 40 41 90 115 81 10 35 18 34 66 51 63 59 50 46 50
59 60 44 42 45 36 16 11 13 5 21 57 69 52 75 82 56 45 61 71 54 44 54 52 68 73 85 79 78 55 61 49 65 65 62 67 63 51 54 75 68 77 78 76 77 71 65 65 58 58 68 60 46 65 54 77 65 41 58 59 67 88 86 87 84 75 73 96 125 76 39 47 53 39 38 47 30 23 14 25 40 49 95 104 70 17 34 17 56 84 59 63 68 63 67 72
63 64 43 41 42 32 14 11 11 3 22 59 67 48 76 76 47 41 55 72 55 47 46 56 72 72 82 83 98 83 85 76 90 90 85 73 63 53 43 54 37 54 54 48 56 65 72 74 63 62 74 80 81 86 77 99 86 62 61 56 51 67 58 53 58 60 41 80 81 46 36 48 55 39 43 46 30 28 30 39 41 67 88 76 64 14 27 11 74 87 50 56 67 65 72 78
66 65 42 43 42 27 12 11 11 2 27 57 57 47 69 73 65 68 78 90 70 57 48 46 54 49 59 55 73 73 83 77 91 93 96 89 74 66 53 65 55 66 59 44 50 53 60 72 74 76 74 87 97 89 77 97 85 68 73 75 68 82 79 62 62 55 15 54 50 30 34 51 54 37 40 39 28 27 43 57 47 71 75 61 58 19 25 23 88 87 34 39 47 46 50 51
66 63 41 48 41 21 10 10 11 1 35 51 40 45 64 66 68 68 77 91 89 86 80 74 72 62 62 52 59 51 60 50 61 61 72 81 78 69 58 73 61 78 80 81 74 68 67 79 86 90 75 68 72 68 69 91 74 59 70 78 72 77 69 77 77 59 26 40 50 33 47 60 52 41 30 21 17 11 45 65 53 67 68 55 47 29 34 47 102 91 51 53 53 42 41 48
60 57 39 51 40 17 8 8 11 0 35 45 31 41 59 57 51 56 65 67 81 88 84 77 74 73 83 84 91 89 87 71 63 56 60 58 68 58 59 74 51 65 71 78 74 67 67 80 95 107 97 98 105 102 101 110 93 66 55 62 53 65 50 75 80 66 47 24 49 34 56 66 49 38 27 20 17 16 50 59 57 69 66 44 43 48 46 61 103 87 49 45 52 54 59 69
56 49 38 52 39 13 5 7 12 2 28 39 34 41 57 62 53 62 66 56 57 61 59 58 59 64 80 89 93 92 86 84 89 87 87 85 94 86 82 73 54 58 46 43 59 54 52 61 82 103 88 96 106 100 105 109 101 93 88 80 57 75 57 69 72 58 52 17 48 35 53 67 51 37 32 20 15 26 52 53 58 69 60 48 52 56 58 65 95 76 34 25 34 49 63 73
52 40 39 52 36 9 3 7 13 3 17 26 26 29 38 50 54 68 77 79 82 85 86 76 65 59 57 59 62 61 59 66 85 91 88 87 97 91 81 70 68 77 72 68 70 57 50 50 52 79 57 67 62 60 79 86 77 82 96 78 60 74 67 78 76 62 76 39 36 34 50 65 51 43 42 20 11 29 54 51 57 60 48 55 64 73 81 83 89 68 31 22 24 36 48 55
42 34 38 48 34 9 6 10 12 2 9 12 11 13 15 24 37 56 67 72 79 84 92 91 85 78 74 75 78 70 59 55 58 58 54 58 68 66 66 66 68 75 80 81 84 77 80 86 86 105 98 92 60 57 61 69 65 53 59 56 67 70 66 81 70 67 94 76 27 30 51 63 48 55 48 17 12 33 58 50 56 44 32 43 55 63 67 70 69 52 30 33 44 55 60 55
34 30 33 44 33 12 11 12 9 2 8 11 5 7 13 15 8 16 31 37 46 50 58 70 74 69 63 64 73 77 71 65 62 61 60 64 67 63 59 50 48 49 55 67 80 86 90 85 79 93 101 97 86 89 83 98 103 82 63 55 72 73 66 72 65 61 81 87 40 24 49 63 45 61 50 21 22 43 62 50 56 40 36 41 42 41 39 46 50 43 38 46 54 56 52 45
28 24 32 41 32 14 10 8 4 3 11 17 16 28 41 46 51 49 33 9 15 28 28 28 30 32 31 31 36 49 54 52 48 47 51 66 79 80 74 62 58 58 57 65 78 80 66 49 49 57 65 66 81 101 104 110 110 97 91 86 93 87 87 91 95 77 86 87 48 36 46 57 43 63 54 33 26 48 65 53 58 66 75 76 75 73 65 55 54 51 48 47 43 37 35 30
31 26 35 37 25 16 8 4 2 7 15 21 23 39 53 58 65 72 71 63 49 41 37 32 24 10 5 10 9 10 13 17 19 22 23 30 45 56 60 57 52 57 67 75 82 84 75 72 77 69 57 48 56 70 72 80 83 72 82 96 112 92 100 100 102 98 100 92 71 70 56 44 39 68 65 42 21 42 60 53 54 75 85 85 82 78 75 75 77 69 63 59 49 37 32 24
27 24 29 27 20 20 9 4 2 10 20 26 29 45 55 56 57 57 60 69 76 73 67 64 59 55 54 50 45 42 37 28 16 2 7 9 10 6 12 25 30 35 44 49 50 53 57 63 69 66 56 56 69 86 87 86 79 61 53 74 103 83 85 75 76 97 103 91 79 75 56 38 39 78 85 52 36 48 61 57 61 66 63 60 57 53 57 68 69 59 53 48 38 29 18 3
15 16 20 19 18 22 11 2 2 18 31 35 41 65 82 85 80 70 67 68 69 63 60 63 64 67 76 78 72 68 61 55 51 46 42 40 37 35 28 12 6 7 4 4 13 24 27 27 35 43 45 49 60 71 82 100 103 94 83 92 113 111 97 69 69 94 98 84 68 61 44 31 37 90 98 52 43 59 85 100 109 103 93 79 59 49 46 43 39 34 29 20 12 10 9 19
13 14 16 15 17 23 10 1 5 28 41 41 58 88 95 89 85 94 105 108 112 113 100 78 67 67 69 69 66 63 59 54 57 63 64 61 55 49 50 57 61 60 59 58 49 25 3 11 21 26 23 23 25 24 37 68 85 82 81 92 105 121 128 102 100 116 112 103 81 71 47 23 48 107 96 43 35 47 75 98 104 99 93 87 74 61 54 48 35 23 16 10 7 11 23 30
14 17 22 21 19 20 8 2 10 36 46 41 71 91 81 70 67 78 99 107 111 114 112 99 93 96 99 101 104 100 84 70 66 64 64 62 52 42 50 69 80 82 81 85 87 81 68 61 53 34 15 9 13 10 14 26 37 35 43 58 66 86 116 107 97 114 102 100 100 97 76 56 78 109 76 40 37 43 46 49 51 52 54 62 66 60 50 35 18 9 20 31 36 41 55 67
21 17 20 20 18 14 2 9 21 48 58 52 83 91 73 66 68 59 59 66 68 68 80 87 86 89 91 92 96 100 101 103 102 93 87 72 55 37 47 51 55 61 62 67 74 85 91 93 84 71 53 48 48 31 13 10 25 27 30 41 52 58 78 82 79 103 89 75 92 106 89 69 72 87 65 52 56 60 55 51 45 39 37 42 42 34 28 26 28 30 43 54 57 65 85 94
27 19 16 12 8 5 5 18 38 63 63 54 86 93 70 72 82 72 59 59 58 56 63 62 54 58 60 61 58 66 79 93 96 85 71 61 60 54 65 65 79 86 81 72 69 77 75 70 58 56 54 61 74 69 50 19 7 16 20 27 40 50 66 83 97 116 101 71 74 87 68 55 56 78 72 58 57 54 49 37 23 17 15 27 28 21 31 37 34 38 49 53 51 65 84 76
29 26 21 11 7 0 13 25 50 63 50 46 83 91 58 75 84 56 35 35 49 62 75 85 85 91 85 72 57 59 60 58 62 57 48 48 52 58 60 60 81 90 108 112 102 101 103 104 96 73 53 57 64 72 73 51 21 7 4 9 19 34 47 61 82 115 122 111 118 115 90 69 60 77 70 56 46 26 15 14 26 29 38 50 46 42 51 57 60 74 85 78 74 82 79 61
33 34 24 9 6 11 28 35 60 64 43 43 82 86 47 78 81 36 17 18 36 52 66 80 87 93 89 89 79 83 87 83 81 72 61 44 38 38 32 37 68 71 85 100 97 92 93 96 107 101 79 85 90 92 96 76 40 27 16 6 2 13 21 28 48 85 100 100 125 137 130 120 106 99 80 53 20 7 20 42 50 48 57 59 47 44 62 71 74 96 101 83 76 84 88 84
35 40 26 5 9 29 37 38 61 63 40 42 77 78 46 82 80 33 17 28 36 33 41 52 61 66 63 76 79 80 81 83 89 96 84 53 43 43 36 36 71 75 55 49 60 58 54 53 69 81 77 94 96 92 102 92 72 65 49 32 19 6 4 11 25 51 56 50 73 85 97 114 109 86 55 19 24 40 55 79 85 85 91 80 58 54 67 62 58 90 84 63 56 73 94 89
37 40 26 2 23 39 32 33 56 57 36 50 75 69 51 82 77 32 28 41 48 48 50 56 64 64 55 54 52 52 54 55 64 92 90 52 39 38 39 43 73 77 54 55 77 87 66 57 59 53 50 66 69 80 91 87 87 87 74 58 45 27 8 2 15 37 51 57 63 55 49 52 40 15 12 36 47 49 74 97 94 90 99 92 82 69 70 67 64 94 90 64 60 73 84 47
39 38 23 7 35 42 29 32 53 53 37 61 69 55 54 81 74 32 36 50 53 53 50 59 69 73 79 85 79 69 58 51 57 84 76 40 29 27 30 50 78 70 54 67 67 83 86 86 84 67 68 65 68 82 86 79 74 79 72 64 57 48 24 1 7 20 36 53 65 50 25 35 46 47 45 49 59 58 81 90 74 67 74 68 71 64 65 62 55 81 85 56 77 101 93 49
45 38 13 17 40 41 28 33 53 53 39 67 68 47 53 79 71 31 44 55 49 43 43 50 52 59 70 82 79 75 62 52 75 86 66 52 35 25 29 51 71 59 53 73 54 47 66 79 86 68 70 71 82 94 93 91 89 93 92 82 68 69 43 5 2 4 17 35 59 56 36 61 68 54 49 62 82 84 101 98 74 63 68 49 46 40 49 42 35 66 82 58 75 99 84 55
53 36 4 24 42 40 26 41 61 54 41 66 67 43 57 83 67 36 54 59 45 39 46 47 34 42 43 47 50 49 47 47 78 86 63 57 49 37 41 57 72 62 61 76 59 38 51 60 62 50 55 62 73 94 86 79 82 87 90 89 82 84 52 13 3 5 22 43 65 64 48 67 66 44 44 65 79 74 89 85 62 61 72 59 63 56 56 44 30 64 82 63 82 74 33 43
54 31 13 30 44 40 28 54 64 46 39 61 63 41 71 87 56 40 58 58 44 49 61 59 49 57 50 42 39 38 37 33 67 78 53 46 50 39 44 59 76 68 65 81 73 56 72 70 60 50 57 64 55 78 70 60 59 63 68 65 92 94 50 25 8 8 27 55 67 59 53 66 66 44 48 61 60 55 69 65 42 58 78 65 68 60 54 51 62 95 95 63 70 72 26 24
51 25 23 36 45 45 40 66 65 41 37 57 59 41 79 85 45 38 59 60 45 62 70 59 50 53 40 38 56 54 46 56 79 84 50 38 37 25 35 51 71 64 69 87 71 55 81 79 65 67 85 86 77 95 83 62 52 64 66 52 98 98 50 34 14 8 29 63 69 54 50 62 64 47 61 73 66 56 65 64 43 61 68 47 55 50 36 37 69 99 79 46 33 56 52 20
48 16 31 43 48 46 48 69 63 42 38 51 52 41 82 86 44 36 60 64 47 67 65 42 36 38 26 29 61 68 52 50 87 91 51 48 45 36 48 54 68 63 77 80 51 37 76 81 59 66 82 72 60 92 88 58 53 67 69 61 100 100 56 41 20 9 32 66 71 51 44 59 62 51 73 68 48 43 59 64 47 65 71 54 68 68 48 32 64 69 35 11 10 28 37 51
44 7 35 49 48 43 50 66 57 40 45 49 42 41 82 85 43 43 63 63 50 67 61 36 37 37 21 12 36 47 21 22 79 81 45 53 50 39 49 53 60 60 84 81 56 48 76 83 56 49 53 35 24 80 85 54 57 63 64 69 105 102 57 52 31 14 33 62 69 48 46 57 54 52 84 71 33 40 61 57 44 66 77 64 65 86 75 42 60 62 21 6 9 17 17 54
41 5 36 50 50 45 54 66 59 40 51 52 46 44 72 76 46 57 62 49 48 63 59 46 51 39 11 1 31 46 24 30 69 59 34 44 42 28 44 48 50 51 86 90 57 47 78 98 90 76 51 22 29 74 76 48 58 57 49 65 108 96 49 57 41 14 31 54 63 48 57 57 43 49 85 76 36 55 64 47 45 68 75 59 48 60 83 49 45 53 14 7 11 15 18 53
40 6 35 50 55 52 56 68 63 43 58 57 53 56 58 55 43 66 62 45 55 71 74 70 83 71 32 9 22 43 38 51 62 45 51 60 57 34 46 46 40 44 84 91 54 37 59 88 88 75 44 23 37 66 62 47 64 61 48 68 105 87 44 57 43 9 28 47 54 44 64 62 40 45 79 75 42 67 73 52 51 67 66 52 68 24 76 54 30 42 10 10 14 17 24 62
37 9 34 52 62 55 60 74 66 44 62 62 47 53 60 53 42 56 50 29 34 49 58 56 79 84 52 27 11 40 56 76 71 48 55 67 68 51 57 58 52 58 78 80 59 49 34 52 47 54 45 25 46 59 48 49 73 69 47 70 99 81 51 61 45 7 31 48 50 45 69 68 46 54 75 67 50 80 83 59 53 61 57 47 82 41 74 71 29 26 7 16 25 26 34 77
29 19 37 58 69 57 70 76 57 42 63 63 39 51 59 57 56 58 48 32 30 29 26 27 59 74 64 55 32 30 42 71 63 42 40 48 50 45 58 67 60 68 85 87 77 67 36 48 47 63 49 22 47 53 41 49 79 73 44 75 93 73 64 72 53 22 41 50 47 52 74 70 50 66 78 68 67 88 82 56 54 55 49 49 91 54 60 69 36 20 15 34 51 44 40 91
15 30 40 59 68 55 71 70 46 40 63 63 38 58 60 41 44 51 49 43 46 43 33 32 48 47 48 77 56 0 30 52 48 34 34 39 33 26 46 58 44 66 96 99 90 53 23 35 44 66 49 26 43 47 40 45 76 71 37 72 87 65 67 86 66 38 47 42 48 58 77 73 51 71 75 59 57 77 72 45 52 47 40 54 94 51 46 57 36 32 35 63 91 100 120 128
5 34 43 60 65 56 74 72 47 52 68 61 45 63 65 46 46 48 46 45 51 48 44 43 48 40 27 72 68 11 26 32 35 25 31 34 45 50 63 62 40 73 92 76 53 23 64 54 62 65 44 33 42 46 47 52 71 59 29 64 81 60 55 82 65 38 43 36 54 59 77 80 54 69 71 48 42 69 74 52 65 58 43 58 90 45 33 47 38 34 37 77 110 119 129 88
5 35 53 66 62 59 77 76 52 63 69 56 49 67 69 51 56 58 54 54 62 66 69 62 49 39 30 60 64 7 22 27 36 26 28 43 59 72 73 60 44 76 84 61 18 67 72 42 49 45 30 32 40 44 47 59 59 36 36 69 86 60 55 70 61 56 52 52 64 63 79 86 62 70 65 38 32 51 56 49 73 74 49 64 75 42 23 16 50 71 67 80 108 92 38 42
11 41 65 74 61 59 77 77 53 65 62 45 43 66 73 55 63 60 51 54 61 61 64 74 71 61 55 72 67 26 27 27 33 35 44 49 56 61 52 39 35 71 78 54 12 75 55 22 35 33 23 32 44 44 41 60 55 50 59 81 96 62 63 61 47 48 43 50 49 57 79 85 79 88 76 45 36 42 38 38 74 78 50 69 55 28 28 25 39 57 78 96 86 58 32 50
25 51 76 80 59 57 80 78 54 71 70 55 54 69 72 54 60 54 43 45 48 46 48 61 74 70 63 76 65 44 44 49 69 83 90 92 82 58 37 22 22 63 70 49 24 78 63 51 55 47 30 36 50 45 40 66 76 72 53 86 91 60 69 61 25 16 22 35 26 54 82 85 88 92 73 71 77 76 72 67 82 74 42 64 45 12 19 35 45 44 54 55 11 54 79 56
42 54 81 83 58 66 84 72 53 74 72 51 59 72 68 56 64 64 59 65 60 47 55 62 59 56 47 60 53 56 67 67 75 82 83 83 75 67 51 40 33 61 65 49 16 67 81 80 80 73 54 51 57 57 60 68 68 50 63 89 70 60 77 82 65 43 21 32 22 62 90 84 89 87 58 57 85 96 93 78 74 60 28 50 47 21 19 28 45 56 52 38 68 85 93 89
61 67 92 90 61 73 79 60 52 73 74 44 55 64 53 50 69 74 65 76 75 75 82 91 84 85 71 66 67 65 71 49 35 33 37 38 43 58 62 55 42 53 58 45 32 44 54 49 58 68 71 74 79 79 67 55 47 40 72 81 53 47 61 69 70 65 16 32 37 79 94 75 88 79 53 50 60 62 57 44 39 37 14 38 47 30 38 59 60 41 36 85 111 112 106 111
64 71 90 85 59 73 73 53 54 75 72 42 55 60 43 45 75 83 64 78 78 82 86 97 82 85 77 76 76 57 63 53 45 39 38 35 40 44 48 44 40 45 51 47 38 20 51 51 42 26 28 43 55 54 49 62 59 43 69 72 42 32 39 33 39 69 28 37 57 89 85 59 75 71 52 57 73 60 34 30 22 28 19 40 52 49 74 73 33 15 65 93 95 87 79 89
57 72 85 73 52 68 66 48 58 74 62 39 55 58 44 50 82 88 66 84 77 59 60 83 63 66 62 60 55 35 49 42 43 48 55 49 49 49 49 46 41 44 56 61 31 44 64 63 58 49 36 19 28 37 45 66 59 44 69 65 36 36 40 27 30 66 30 43 74 92 74 51 61 59 50 59 84 67 18 8 24 48 67 100 106 83 73 23 41 53 60 58 43 36 23 31
78 88 81 55 46 63 59 42 62 66 48 38 55 57 42 58 81 76 61 80 68 35 40 77 57 58 57 40 35 29 39 25 26 42 53 48 44 45 42 41 44 64 76 53 21 67 61 62 46 24 29 32 35 38 52 64 49 44 68 59 30 46 49 27 32 56 18 57 88 89 66 55 64 58 44 62 82 56 27 20 34 55 85 122 102 66 14 41 63 50 44 40 35 31 13 0
79 74 57 39 41 62 59 41 62 60 41 39 55 55 38 63 71 56 60 82 81 70 82 98 68 14 31 62 54 44 41 27 28 42 32 25 26 31 28 28 41 68 50 22 75 73 49 56 48 24 23 31 34 33 49 56 42 45 69 58 31 51 50 29 35 40 16 68 87 84 69 69 81 74 60 67 63 32 27 40 49 47 92 103 20 45 58 67 56 39 29 31 36 29 10 0
39 39 38 33 42 62 54 38 58 57 37 38 53 56 46 66 67 54 57 73 69 52 79 96 81 59 52 61 58 52 40 40 51 53 35 31 34 31 20 24 41 44 11 76 80 48 35 49 50 30 27 35 39 36 48 54 46 59 77 53 30 51 49 33 31 21 33 67 83 89 74 72 88 80 62 52 38 19 21 52 63 52 95 93 23 78 70 47 32 22 23 38 43 24 3 5
36 42 42 33 51 59 43 37 56 53 35 38 47 51 55 71 66 55 59 70 68 49 71 77 60 63 89 53 51 58 36 40 52 49 42 46 60 64 54 41 22 15 50 81 64 34 30 42 48 31 31 37 39 39 48 54 49 74 78 41 33 57 55 35 24 7 45 63 84 93 70 74 89 67 36 34 36 37 45 72 80 55 71 72 22 65 56 31 16 15 32 51 50 31 19 7
37 55 59 48 56 54 36 36 52 49 31 40 39 32 41 61 56 42 53 64 67 61 74 77 61 73 93 60 26 63 39 31 36 34 33 36 48 57 42 35 28 44 55 72 58 33 28 38 46 33 38 41 36 34 39 50 45 72 68 30 36 61 53 28 10 22 55 63 87 95 68 84 85 49 26 34 45 48 60 79 60 21 42 60 22 49 73 37 12 30 54 57 46 36 44 29
