data/CentralKootenay/slope.asc
ncols        779
nrows        635
xllcorner    -1620000.000000000000
yllcorner    438000.000000000000
cellsize     100.000000000000
NODATA_value -9999
[rows 240 to 287 of 635, columns 576 to 671 of 779]
52 32 49 79 80 68 72 72 46 42 35 29 31 35 37 41 57 81 70 51 56 64 70 68 65 63 61 52 31 12 41 71 75 69 80 92 58 68 103 102 69 69 62 50 46 45 27 0 7 13 20 23 33 35 33 37 37 29 30 40 36 37 49 52 42 28 26 32 32 30 41 38 7 36 51 38 32 41 39 27 36 37 29 34 43 38 24 31 34 31 37 45 43 37 33 33
86 75 93 91 75 68 76 74 56 56 54 51 46 43 40 40 44 61 54 41 47 45 51 62 66 68 68 66 63 56 34 25 32 35 75 100 68 64 102 97 60 73 63 42 40 47 37 13 9 15 22 29 39 39 39 48 46 35 33 41 37 28 40 45 33 27 23 26 29 30 37 40 27 9 34 38 40 46 40 31 39 38 26 26 37 38 26 28 28 23 27 39 41 37 41 38
91 70 84 64 44 41 65 74 58 60 61 56 51 54 59 60 60 71 73 73 59 50 50 49 50 51 53 53 55 64 71 66 46 37 37 57 62 59 98 92 70 83 77 51 42 47 40 20 19 14 8 14 32 38 39 53 54 41 38 42 41 34 45 49 39 32 26 24 23 29 32 30 29 12 13 24 38 48 39 35 42 45 37 36 39 39 38 39 34 26 26 31 29 27 40 40
77 69 86 69 53 49 70 67 45 49 55 38 42 55 58 57 65 73 78 87 86 81 78 78 80 82 79 67 59 59 60 64 60 58 49 20 22 66 87 64 55 72 76 58 52 50 39 24 25 18 6 2 13 24 29 46 49 38 39 41 39 32 41 45 43 42 36 32 28 36 37 33 32 21 3 16 29 39 35 31 35 38 39 45 40 36 39 46 42 31 36 35 28 28 42 42
60 65 88 70 69 90 100 86 67 66 63 41 41 51 43 35 49 52 51 63 79 85 83 80 80 83 90 93 91 90 86 83 80 68 55 51 43 87 97 66 59 67 60 39 56 57 35 27 30 22 6 5 4 16 24 44 50 39 40 42 35 25 34 36 35 41 37 32 31 38 37 35 38 33 10 18 29 34 33 31 32 27 27 42 36 26 29 41 42 33 41 40 27 28 41 43
50 62 87 71 56 81 87 74 63 66 68 61 64 64 56 53 61 56 53 60 62 61 59 57 55 54 64 80 87 87 83 81 87 85 82 87 90 113 118 80 66 67 54 31 47 53 33 28 36 26 6 6 5 5 14 35 48 50 58 58 44 34 35 33 28 38 34 22 26 38 35 28 42 40 20 9 28 33 30 33 35 28 28 43 44 31 29 34 34 30 40 39 26 27 33 33
82 71 88 73 47 54 49 45 42 48 57 56 61 61 58 58 72 84 91 89 81 74 70 69 61 54 55 55 57 59 58 56 60 69 77 86 95 111 107 69 70 80 70 59 57 43 23 27 37 26 9 8 8 4 3 19 31 40 62 68 53 46 42 36 32 45 45 30 27 43 39 23 41 41 27 13 20 31 25 33 35 25 24 36 44 39 41 41 36 37 48 44 30 35 30 20
93 101 113 92 74 82 75 63 50 47 49 39 39 41 44 44 57 80 89 81 71 65 61 66 72 75 79 77 77 77 66 55 54 52 49 52 62 79 76 50 65 75 63 57 53 41 28 26 26 27 27 23 16 8 2 9 14 17 45 58 48 50 42 30 29 41 46 37 34 49 46 26 39 41 31 25 11 29 21 31 33 23 20 28 34 33 41 45 39 38 53 53 42 49 39 25
63 95 108 88 83 87 72 61 62 68 69 62 56 48 42 39 42 48 49 45 40 37 35 41 57 68 70 70 72 78 82 79 83 85 89 92 84 75 68 47 56 52 31 22 16 11 8 6 18 27 29 30 26 13 6 6 13 16 39 52 47 56 46 23 20 30 35 34 38 50 46 33 39 39 34 35 9 29 30 38 41 34 26 26 27 23 30 35 30 30 45 50 47 56 47 31
61 66 63 54 58 56 42 37 49 64 65 60 55 49 45 45 46 47 44 41 38 31 29 32 34 36 38 41 43 52 69 77 80 82 90 94 87 81 76 61 54 36 16 11 7 18 25 27 23 18 19 28 31 21 14 4 7 12 31 47 50 68 64 42 34 35 33 30 46 51 39 37 42 40 35 43 20 24 31 39 44 42 40 32 30 31 35 37 30 28 35 37 40 54 47 31
78 73 65 57 52 48 40 34 36 40 36 32 32 35 39 40 36 30 25 25 30 31 35 38 38 38 38 37 37 39 43 46 45 46 50 51 56 62 57 42 25 4 27 41 55 63 64 62 58 50 36 30 31 30 26 15 2 4 19 33 42 64 66 49 41 40 35 29 51 57 43 44 51 45 35 47 30 13 22 30 35 36 46 40 30 33 39 39 31 34 36 35 44 61 59 39
64 62 55 49 50 54 46 38 36 37 30 24 22 23 21 16 11 8 4 4 15 25 30 29 26 22 20 21 21 24 30 35 37 37 34 31 30 24 13 4 21 32 38 55 70 73 74 71 67 65 61 43 33 35 37 28 11 2 9 18 25 50 55 44 41 35 32 27 44 53 45 52 58 46 36 49 39 9 11 24 31 29 41 40 24 23 34 36 27 36 36 32 40 58 65 55
39 39 36 30 40 42 31 27 27 28 19 11 8 4 8 19 24 20 12 6 3 3 3 3 3 8 9 6 6 7 6 4 5 4 4 13 20 28 39 43 41 43 40 47 52 48 47 47 49 56 70 59 39 36 41 38 23 12 2 13 21 45 56 48 51 40 28 28 38 42 38 59 62 43 37 51 45 20 5 15 28 30 42 45 30 24 31 31 24 32 30 23 29 43 48 49
43 38 30 23 33 30 10 9 15 14 4 12 20 23 27 33 36 36 33 34 38 42 44 41 30 23 22 23 25 26 28 25 27 30 35 43 50 57 62 66 70 69 67 71 69 65 61 53 50 53 66 63 46 39 41 39 28 23 8 7 14 34 51 52 62 57 42 38 45 43 34 59 63 44 39 51 48 24 16 7 22 28 40 43 32 30 30 32 33 39 38 30 35 40 36 35
37 32 25 22 27 24 11 7 8 6 18 27 32 32 26 24 22 33 45 55 60 62 63 64 62 58 55 52 49 49 49 40 36 37 39 41 42 47 50 58 70 72 72 73 69 67 71 79 79 76 83 80 64 54 45 36 29 30 18 2 4 18 33 42 56 59 49 45 53 49 35 57 61 46 45 58 54 27 24 14 10 22 38 40 28 30 29 27 29 36 37 35 43 44 43 46
19 19 17 15 16 18 18 19 20 27 38 46 51 54 47 34 29 35 44 51 53 51 51 56 66 70 66 63 61 59 63 66 65 64 64 61 55 51 51 54 52 50 52 51 51 48 53 69 82 79 85 82 72 74 62 44 39 40 29 10 2 11 20 30 45 49 42 46 52 44 37 57 58 42 45 58 52 41 41 30 9 13 36 37 27 27 23 17 19 26 28 29 39 38 38 44
11 16 19 17 19 26 28 26 29 38 43 50 54 59 62 57 50 48 58 69 70 59 50 50 51 53 52 52 53 50 54 66 70 70 70 67 65 67 70 74 75 74 76 70 57 51 51 46 60 63 72 70 58 76 73 53 46 47 37 18 6 6 16 26 44 51 42 55 54 33 33 54 57 39 52 53 37 41 50 43 25 9 26 34 36 38 30 22 22 23 22 24 34 30 23 26
25 38 44 41 40 37 35 32 30 35 38 46 46 50 58 58 52 48 55 65 70 77 78 75 73 73 75 72 61 52 53 55 54 53 53 52 55 65 73 79 81 77 83 85 81 80 78 67 70 74 73 62 51 67 67 48 48 48 34 21 15 4 10 19 38 50 44 64 64 37 32 51 58 44 59 53 28 28 41 42 31 17 7 21 32 43 35 21 25 24 19 24 34 34 28 29
42 43 48 50 58 64 68 66 59 60 66 67 54 48 49 46 38 38 44 52 48 67 78 78 75 71 72 76 79 79 83 87 86 75 59 52 52 58 60 65 63 56 65 70 80 84 73 64 67 87 80 58 58 73 73 57 67 58 30 23 21 12 4 14 29 39 39 60 66 45 36 43 50 45 57 55 38 36 42 41 33 30 19 9 10 36 36 18 25 24 17 19 28 30 28 35
41 39 43 44 55 68 76 75 67 67 75 76 68 59 55 65 69 62 46 49 42 48 56 61 55 47 48 59 73 79 84 87 86 85 84 82 80 87 94 101 86 66 66 66 62 61 49 53 60 84 80 57 57 72 72 60 81 74 41 31 27 19 2 14 26 31 35 52 60 48 45 41 41 40 49 49 38 36 41 40 38 41 33 23 15 26 31 19 26 25 14 13 19 21 18 27
68 64 63 55 52 49 50 51 41 44 62 70 69 60 54 62 69 64 42 43 45 63 81 95 86 61 50 56 55 53 57 57 56 64 81 86 77 80 92 98 94 96 93 88 82 73 60 63 65 78 73 51 49 63 62 51 77 74 50 40 35 25 8 10 24 29 38 53 57 50 54 44 37 38 43 43 33 34 33 34 34 36 34 27 21 16 18 16 26 29 17 17 18 16 14 21
79 79 91 98 87 67 56 57 46 42 69 73 58 52 40 34 33 45 35 34 46 71 75 78 95 86 78 80 81 77 72 62 57 56 60 60 53 53 73 68 68 85 82 64 44 35 45 58 69 81 74 56 57 64 56 48 73 69 46 44 40 26 12 2 17 25 34 54 57 47 59 49 37 38 45 45 36 36 27 25 26 26 27 22 17 12 8 7 22 29 19 19 18 14 13 21
63 65 80 92 86 65 49 46 46 55 77 72 57 72 66 42 31 42 33 25 48 73 64 31 57 75 79 84 85 82 89 101 104 93 91 92 84 69 75 68 42 27 12 10 24 45 44 33 52 77 73 56 65 68 52 50 77 76 50 57 49 23 13 3 11 21 30 50 54 43 56 53 37 37 42 41 39 40 29 25 29 30 29 24 19 16 15 11 15 26 21 18 16 15 12 21
62 61 59 51 54 51 41 32 34 52 68 64 49 57 75 68 55 54 44 37 59 67 52 37 28 51 59 59 57 62 88 106 115 104 93 88 87 82 71 40 16 48 58 53 46 57 51 37 30 58 67 53 69 67 45 44 73 77 52 68 59 23 14 9 5 19 35 46 47 45 54 52 36 41 39 31 35 40 35 26 26 29 32 33 30 29 28 26 16 18 25 19 15 15 16 26
78 79 87 74 69 54 45 29 33 42 57 56 40 31 51 65 64 65 48 39 51 50 40 43 30 53 76 73 64 65 85 80 85 84 68 60 57 57 41 17 53 74 75 71 68 78 70 64 56 41 47 54 73 68 39 41 63 65 51 71 62 27 17 14 4 15 36 43 43 49 60 55 39 48 41 26 28 35 33 25 23 23 27 34 31 30 30 31 32 23 22 25 20 16 22 27
74 69 58 60 74 52 45 24 31 48 66 55 37 35 39 49 53 64 46 27 34 38 36 42 46 46 56 68 86 98 110 95 80 67 47 38 18 1 22 51 53 71 61 58 65 75 69 68 69 58 43 49 68 65 41 53 61 49 49 72 62 29 19 16 8 10 31 36 35 47 59 51 41 53 47 33 33 40 40 31 26 20 21 26 24 21 23 25 31 36 28 31 27 18 24 27
55 45 22 69 63 42 43 26 28 54 64 48 43 47 45 57 66 74 62 40 32 31 30 44 54 46 39 56 66 88 86 42 47 49 66 80 69 62 58 62 53 75 66 48 48 51 47 42 44 49 53 55 62 54 37 62 62 40 44 66 61 32 26 20 7 9 29 32 26 47 55 40 37 50 46 31 31 37 41 38 35 29 26 30 30 27 24 23 24 28 31 31 26 15 23 29
57 40 54 79 47 30 35 29 25 57 60 40 42 38 28 38 60 72 69 61 54 44 32 45 52 40 43 69 61 39 7 49 66 78 100 92 71 67 65 64 54 78 80 57 69 77 66 46 41 47 49 51 62 57 44 60 59 40 40 57 57 35 33 24 7 8 31 34 24 47 51 35 33 46 43 24 25 28 30 33 36 30 27 31 30 29 28 28 29 29 32 30 23 15 20 27
46 19 72 82 37 25 29 34 30 51 57 41 36 17 2 4 31 56 60 65 61 51 40 37 41 36 44 66 63 54 65 75 59 74 101 75 46 44 47 52 55 81 83 57 65 80 76 74 73 77 77 79 82 65 46 54 53 38 39 51 51 35 36 26 9 3 27 35 29 45 46 33 34 46 46 33 32 29 26 27 30 22 20 25 25 23 25 25 23 22 24 25 25 23 21 23
24 19 80 74 25 22 19 23 26 44 51 33 39 17 6 7 15 45 58 57 49 41 36 27 27 35 46 45 56 92 100 89 83 92 109 85 63 65 56 58 63 78 73 49 46 53 55 69 78 78 76 77 75 59 48 52 50 40 46 48 38 33 38 28 10 2 21 31 33 44 44 31 34 41 37 35 39 33 32 36 38 31 25 24 25 23 19 17 13 11 12 15 20 21 20 19
26 39 79 63 16 17 11 11 18 44 48 22 40 27 12 7 29 47 72 77 66 51 40 27 18 38 45 15 49 69 71 69 86 100 106 83 65 70 82 91 92 97 88 61 56 60 51 46 49 48 47 49 47 40 41 45 44 38 46 40 27 27 35 30 13 1 15 28 33 45 43 28 37 39 27 27 35 30 27 36 39 32 33 32 32 32 30 28 24 17 13 14 13 13 12 13
43 52 80 62 16 14 16 15 25 54 53 34 40 32 16 11 47 59 64 76 73 61 57 47 27 41 26 32 56 54 46 48 70 78 79 60 54 52 73 89 90 96 85 69 80 90 76 71 70 69 63 52 46 38 34 33 32 30 41 36 23 22 28 26 14 11 9 27 34 48 47 34 44 45 29 25 31 23 15 26 31 23 26 30 30 30 30 28 28 28 23 16 13 15 17 16
48 55 80 63 28 25 25 27 51 82 82 69 51 34 23 19 54 70 41 49 61 48 39 40 19 28 24 43 63 66 76 90 86 89 78 53 56 51 54 61 68 75 60 56 83 87 70 67 68 69 71 69 64 56 51 40 26 26 39 35 21 23 27 18 9 16 9 20 32 43 42 36 48 49 36 34 37 28 22 29 31 18 13 15 18 19 19 18 21 26 27 19 13 16 18 17
47 58 71 47 28 27 24 27 63 86 78 73 76 56 43 43 71 80 45 38 51 42 43 54 46 44 42 36 69 79 92 98 87 87 74 62 73 72 76 83 83 74 58 54 71 60 37 38 41 43 49 58 57 51 47 41 31 30 40 35 22 28 27 16 9 12 15 6 31 37 32 32 46 46 34 35 37 28 27 33 37 26 16 12 17 21 19 17 18 19 21 21 16 12 14 11
59 65 58 27 11 14 14 22 66 77 60 47 62 58 42 40 74 63 22 41 65 64 75 77 61 49 54 32 64 96 84 57 56 63 63 60 78 90 89 84 81 76 74 80 87 70 54 50 41 37 36 34 31 27 26 29 29 32 41 34 22 28 26 14 14 12 14 9 30 38 31 32 46 43 26 34 33 20 22 30 35 31 27 14 14 19 20 19 21 24 28 31 29 16 11 12
56 60 45 13 4 10 20 30 69 75 55 52 24 47 33 28 55 23 30 61 77 65 82 77 59 64 80 74 63 105 98 49 50 59 62 53 75 83 68 66 70 68 72 79 78 62 51 49 45 44 44 45 43 38 31 28 27 27 34 27 16 24 25 12 13 15 18 16 25 34 30 33 49 47 31 38 37 24 21 29 30 23 29 16 11 13 17 14 15 19 23 27 31 31 21 15
47 55 36 9 13 21 29 29 58 71 52 61 29 61 58 41 33 22 50 60 67 56 77 72 43 56 77 85 66 99 104 58 60 75 80 77 98 88 59 61 64 55 49 52 45 32 25 25 30 33 33 35 36 38 39 41 41 36 32 24 18 21 23 13 12 12 15 12 22 28 24 30 44 42 31 35 37 35 34 39 40 31 33 24 15 14 16 10 7 9 8 10 17 27 26 15
39 51 39 24 26 28 25 21 45 67 52 72 49 59 63 28 17 53 77 84 79 65 65 70 51 47 47 62 58 89 103 64 69 79 78 82 101 87 69 72 72 64 54 52 38 25 19 16 15 13 14 15 18 25 31 33 34 29 22 19 17 21 23 15 15 15 11 6 18 28 22 31 41 34 27 26 23 28 31 38 41 37 38 32 28 26 26 21 15 10 5 5 7 12 18 16
33 37 55 73 69 47 27 21 39 62 50 77 55 22 51 54 63 74 93 91 86 75 63 63 55 68 66 83 85 85 100 63 68 63 54 63 81 71 60 64 61 52 44 41 30 27 24 21 20 18 17 15 15 18 18 17 16 15 10 12 13 20 20 14 16 15 10 8 14 30 28 37 42 39 33 27 15 12 16 26 31 32 33 29 25 25 27 25 21 16 11 9 7 5 8 12
31 20 48 67 68 59 36 31 39 56 51 67 46 34 56 73 73 64 81 70 55 58 59 55 50 82 79 70 89 91 101 69 73 69 59 61 74 65 43 40 35 25 21 23 19 21 23 20 19 20 22 22 21 23 26 27 26 23 11 8 15 22 16 10 15 13 10 13 16 27 29 38 39 40 43 33 17 11 14 25 29 30 30 21 12 14 22 23 23 22 16 8 6 7 6 2
33 13 26 27 24 52 45 37 32 45 51 47 29 55 75 82 76 61 76 69 49 50 48 41 41 80 86 45 56 81 87 64 71 70 59 62 74 67 50 45 36 25 19 20 15 12 17 20 22 24 28 28 27 26 26 26 25 28 19 4 19 28 19 13 15 14 8 12 11 21 20 34 36 32 44 40 21 13 13 22 30 35 34 27 18 17 23 26 23 23 20 8 3 9 12 5
50 25 21 27 17 41 47 34 24 34 49 31 27 62 81 80 66 60 80 78 63 66 60 52 55 78 83 53 46 57 58 50 62 64 53 62 69 60 44 36 29 23 21 21 17 17 26 32 29 27 26 23 22 20 16 15 15 24 23 11 20 33 21 15 15 16 12 14 13 21 17 30 37 31 44 42 23 16 11 14 22 36 35 29 25 17 21 29 29 31 31 21 11 9 13 10
58 42 25 27 36 40 61 66 59 46 42 14 36 58 75 71 57 58 86 82 60 63 57 56 63 73 73 58 62 70 70 60 64 64 50 59 55 39 29 20 15 14 17 17 14 17 20 20 20 18 14 8 4 5 12 15 12 18 18 13 19 33 23 14 16 16 13 11 14 20 20 28 34 36 50 48 36 28 21 16 13 29 32 25 26 16 18 24 28 32 35 28 17 16 19 17
41 45 34 30 40 36 50 69 66 50 24 11 52 57 75 74 54 65 88 75 47 45 43 47 50 57 63 59 74 74 64 61 70 73 59 64 55 35 24 19 15 12 11 9 10 12 6 2 5 7 2 8 13 10 1 16 18 16 13 15 18 30 24 16 13 12 9 5 8 14 17 21 25 29 46 45 39 37 32 28 22 30 37 33 31 20 21 19 19 26 30 29 18 16 20 20
29 47 39 26 29 36 22 19 24 16 20 44 62 54 70 75 50 70 87 65 48 58 54 51 49 54 58 58 74 67 43 49 67 66 53 57 48 31 24 23 19 14 12 9 8 7 4 5 5 5 12 15 11 10 12 6 24 19 8 10 12 27 26 20 12 9 6 3 4 8 16 18 16 19 35 32 22 28 30 28 24 25 32 36 39 36 34 29 29 34 34 30 18 11 14 20
30 49 55 42 29 32 13 38 56 52 49 54 59 50 69 78 53 81 86 54 46 66 59 61 72 72 71 68 73 65 44 52 54 41 34 40 31 16 18 21 13 6 3 2 2 11 16 16 13 13 19 18 12 8 14 12 17 25 6 3 7 25 30 22 10 4 2 2 2 4 14 19 19 21 33 32 18 18 22 23 19 16 21 28 33 32 28 23 24 34 39 37 27 19 19 25
49 46 55 50 36 14 28 74 82 78 82 84 77 60 75 80 58 83 87 50 44 61 60 52 65 65 66 64 70 67 54 60 53 39 36 36 24 10 11 8 2 8 9 9 17 24 24 22 16 11 13 13 10 10 6 15 1 26 19 7 5 23 34 23 7 1 1 1 2 2 7 13 18 23 31 33 27 23 23 28 29 21 19 22 23 18 11 8 9 21 32 39 31 20 17 20
50 21 28 35 25 20 59 84 74 71 82 91 84 78 83 79 68 86 87 57 51 60 57 47 40 41 48 55 70 66 54 59 52 38 31 27 18 9 3 10 17 14 11 15 28 26 21 21 18 10 5 13 1 12 6 8 14 21 36 29 25 22 29 24 8 0 0 0 1 2 4 6 10 20 26 26 28 26 23 26 32 26 21 25 30 32 26 16 9 13 21 31 28 15 10 11
