data/Harvest40x40/saz.asc
ncols        20
nrows        20
xllcorner    457900.000000000000
yllcorner    5716800.000000000000
cellsize     100.000000000000
NODATA_value -9999
 342 324 308 298 305 315 312 45 91 93 86 86 85 84 153 217 123 91 162 183
 345 335 334 327 325 329 338 65 90 97 102 95 89 87 116 188 203 110 95 144
 346 335 335 332 327 318 33 97 97 105 126 114 109 103 95 136 206 204 56 17
 347 334 328 315 272 207 142 111 108 120 142 123 116 113 86 83 164 210 213 209
 334 286 221 198 190 188 132 109 109 123 147 126 117 115 103 86 94 190 211 197
 185 189 191 195 199 191 122 103 101 111 130 120 129 138 131 109 97 126 199 195
 183 193 202 203 202 187 115 95 92 103 128 115 125 147 146 129 111 107 164 188
 184 193 200 200 201 191 114 94 92 102 134 118 114 136 147 135 126 119 133 168
 183 192 198 200 205 204 121 94 91 97 131 131 123 136 147 138 133 137 149 172
 182 191 198 202 209 213 155 92 86 90 120 144 141 144 151 145 135 133 155 183
 172 185 200 208 215 218 205 96 85 92 117 149 148 145 150 149 142 135 152 180
 33 83 193 216 220 222 223 142 88 93 111 146 141 136 144 146 147 140 150 177
 27 58 93 205 217 223 229 214 92 87 94 132 135 129 134 139 142 138 150 178
 43 68 80 149 209 224 233 231 105 88 93 130 147 135 133 146 146 133 151 184
 84 85 86 100 193 225 232 232 152 97 95 119 150 117 123 148 158 137 151 189
 125 102 95 90 122 225 231 227 180 113 99 106 169 103 104 128 155 143 158 195
 97 82 73 71 81 201 227 219 188 133 111 121 176 125 105 111 137 144 172 201
 47 52 51 58 73 123 220 206 185 154 129 141 172 139 114 111 124 140 187 206
 45 58 62 69 77 96 191 179 174 165 149 161 168 148 128 116 117 133 198 201
 71 85 87 85 85 90 136 151 151 154 150 171 149 129 119 107 102 113 212 206
