data/GlacierNationalPark/aspect.asc
ncols        771
nrows        726
xllcorner    -1620000.000000000000
yllcorner    438000.000000000000
cellsize     100.000000000000
NODATA_value -9999
[rows 672 to 713 of 726, columns 95 to 189 of 771]
309 292 280 274 281 307 351 0 64 97 104 79 59 40 105 112 120 142 146 139 135 129 104 87 72 82 90 91 90 85 77 70 79 85 79 68 4 290 290 291 285 281 278 271 266 263 262 260 257 253 262 265 268 273 274 275 282 347 19 0 1 1 10 31 27 6 352 343 325 281 240 258 66 41 19 20 17 10 19 30 23 18 38 46 35 56 73 73 72 78 76 64 62 55 17
291 285 276 267 266 274 328 64 89 76 29 54 48 57 90 101 108 118 106 100 88 72 80 87 94 94 88 72 60 60 57 52 71 81 77 73 12 275 273 279 288 298 302 286 271 261 262 262 253 245 258 266 269 273 277 275 273 297 352 354 356 8 19 24 16 5 5 21 76 160 189 188 173 174 172 144 92 11 34 31 23 32 60 64 49 63 63 51 57 70 74 64 64 57 15
273 277 276 272 268 266 252 98 90 64 29 74 106 135 128 108 87 65 76 78 62 57 71 79 76 70 59 45 42 53 56 52 69 72 69 71 52 260 256 265 277 283 288 294 300 303 286 280 268 256 259 261 256 263 269 264 257 271 314 353 356 11 20 20 35 67 114 125 137 150 167 174 175 180 183 180 184 186 169 158 136 99 83 77 63 70 68 60 65 73 74 62 63 61 42
264 266 267 271 275 276 297 84 88 77 71 95 113 135 132 106 67 57 72 71 47 53 63 59 43 46 49 45 51 68 71 68 78 79 75 71 70 246 250 258 265 274 281 288 305 332 315 301 300 289 271 259 248 255 257 253 251 260 276 333 356 34 72 110 116 124 135 131 139 152 150 150 162 178 186 186 185 182 178 177 172 162 111 85 70 79 81 79 86 88 78 58 63 68 72
267 258 255 263 271 275 302 75 75 73 96 98 101 105 86 73 77 79 77 68 43 37 30 28 21 29 45 46 63 79 78 73 83 85 83 81 87 229 251 257 262 269 282 291 299 324 323 323 330 327 303 282 263 260 259 253 252 257 258 272 5 99 120 136 127 121 125 119 130 152 156 155 161 179 185 183 181 179 180 177 173 168 140 105 85 85 84 79 87 92 86 77 80 82 84
291 271 260 261 267 271 292 72 80 106 136 116 100 62 60 87 101 87 78 68 29 1 10 24 24 45 59 60 78 85 80 78 86 85 80 82 88 194 251 257 260 260 273 284 289 296 303 315 333 334 326 317 300 271 259 247 258 271 269 263 133 112 122 120 110 101 97 100 113 137 146 152 159 179 179 173 176 176 178 177 181 175 163 156 135 107 96 89 88 90 94 98 97 98 103
302 276 264 268 275 275 283 87 101 116 131 127 100 8 64 94 124 60 23 16 7 6 23 46 58 76 79 80 85 85 81 83 86 84 78 80 81 66 256 258 256 250 262 271 282 285 283 289 312 321 329 338 335 293 270 259 272 285 293 277 123 117 135 132 122 107 99 97 99 111 122 137 154 163 160 162 169 168 170 175 184 180 172 172 163 151 145 132 103 98 100 97 98 105 121
313 291 279 273 273 271 273 90 97 98 93 98 11 341 75 79 45 325 340 5 17 35 53 60 76 89 88 85 86 85 84 92 94 88 82 84 83 73 259 259 256 250 261 270 284 293 286 285 296 305 322 345 351 324 296 288 280 280 286 268 112 115 135 135 133 131 120 107 101 107 117 138 165 148 129 138 158 150 150 166 177 174 172 172 164 159 169 164 129 119 123 121 114 114 131
322 315 314 282 271 268 260 102 96 74 60 46 359 349 65 54 6 326 324 28 63 71 73 72 85 93 89 81 80 78 74 85 90 85 85 88 87 83 282 272 265 260 265 268 273 285 290 282 261 258 263 283 321 328 322 309 282 272 262 166 107 108 126 129 135 141 133 122 116 112 111 136 174 161 131 132 154 147 142 154 162 158 160 164 155 153 169 163 138 130 135 125 121 122 138
324 330 330 300 284 281 215 109 99 61 41 20 1 0 24 23 1 344 349 74 80 83 84 84 88 89 87 83 82 80 76 81 82 84 88 90 90 90 276 269 263 265 270 271 271 277 285 282 243 246 245 231 262 291 314 313 280 263 245 145 119 120 129 126 129 134 132 129 132 128 110 124 173 157 138 137 148 146 146 153 164 162 160 168 162 155 161 150 129 123 131 110 102 111 127
326 343 349 322 295 291 64 86 68 47 7 345 351 11 37 31 8 31 99 124 127 120 114 115 105 99 100 105 106 102 98 94 93 94 90 88 89 86 269 261 258 260 267 276 294 292 293 320 329 294 285 289 277 278 286 293 274 258 240 126 113 120 122 123 130 138 131 133 143 138 113 114 162 135 132 140 142 136 135 142 158 161 156 174 167 153 159 149 126 114 126 119 106 98 101
312 340 356 343 325 330 33 47 31 29 343 324 343 91 117 148 168 146 134 142 142 143 145 140 132 136 145 141 139 139 135 109 100 97 96 98 95 76 279 272 266 268 274 277 284 284 288 312 328 319 317 330 310 299 294 283 268 257 249 103 91 95 109 115 121 130 119 128 151 153 140 143 169 145 138 147 141 126 100 85 68 35 18 11 32 54 48 61 63 57 56 65 68 54 62
288 314 344 343 334 350 62 73 67 54 318 205 160 136 136 160 173 163 145 144 141 146 155 151 142 147 158 152 149 153 157 136 121 116 105 103 99 67 281 275 269 270 272 268 254 253 254 255 276 295 310 319 308 305 307 281 257 250 249 108 94 101 112 118 116 111 103 113 139 148 148 152 168 145 132 133 70 18 20 20 17 11 1 7 16 19 15 21 26 31 34 41 47 39 57
288 297 318 335 177 166 130 129 147 158 171 157 152 138 139 159 167 167 160 157 153 158 162 155 146 146 159 153 150 156 159 146 135 134 109 98 81 35 288 269 262 262 258 249 240 241 240 235 249 252 246 248 261 272 286 244 235 243 237 140 119 126 121 121 122 109 98 100 110 114 118 115 60 49 34 4 353 349 1 9 11 7 1 4 10 10 13 23 26 30 36 49 58 52 73
299 300 194 153 165 176 145 122 136 158 159 143 130 116 123 148 151 157 158 157 151 161 169 160 159 160 167 165 160 159 157 148 142 140 109 85 39 22 305 265 259 261 254 239 225 228 235 231 239 240 235 239 252 255 218 200 230 249 228 132 120 122 105 105 118 113 94 82 69 58 31 11 6 7 13 357 344 342 356 4 356 358 1 5 8 5 15 26 23 23 33 48 51 47 72
299 336 123 140 161 184 156 128 135 142 151 157 135 108 110 130 131 136 144 142 134 146 163 157 159 164 167 172 171 161 146 110 61 55 61 37 20 29 6 273 263 260 254 240 237 245 244 229 238 243 235 236 245 233 197 196 233 257 219 108 92 67 78 90 104 100 81 62 43 33 12 7 4 3 9 359 349 354 2 351 333 337 355 3 7 8 23 40 40 33 50 61 54 53 68
298 92 103 103 116 174 142 135 142 137 142 165 158 124 123 142 141 147 158 151 130 130 147 139 138 150 145 194 324 4 356 1 6 15 16 10 14 23 20 335 283 263 256 248 257 263 252 240 253 254 234 234 233 214 199 204 222 237 226 62 32 28 60 74 71 68 64 49 32 26 12 2 5 10 12 5 357 2 2 344 339 343 350 2 20 34 54 80 84 81 80 76 66 63 71
327 85 88 92 105 119 111 116 124 121 128 153 154 137 134 144 139 142 162 159 139 134 142 111 58 24 347 344 352 355 346 349 1 4 6 12 18 29 29 4 326 275 258 245 250 248 241 250 256 248 226 230 225 210 205 214 221 223 234 305 8 29 58 54 23 26 27 18 18 22 15 5 22 32 17 15 2 354 351 336 333 338 346 34 79 106 120 112 103 97 88 81 71 77 87
50 78 79 91 127 136 120 122 124 115 121 141 135 132 136 138 130 127 150 149 140 138 49 340 358 1 345 346 356 357 353 351 356 359 8 25 31 43 43 19 345 303 268 253 255 251 240 242 238 222 206 215 220 212 208 224 232 224 232 231 224 72 67 45 15 23 21 12 20 26 20 18 32 27 18 22 357 339 341 335 310 245 177 132 121 130 133 129 125 118 104 95 85 86 90
156 118 99 93 109 131 132 136 140 128 129 145 132 130 142 145 134 127 138 125 88 350 339 326 336 349 341 345 358 358 356 354 353 4 19 26 25 40 43 20 352 326 280 263 260 255 240 236 226 212 209 226 236 227 226 247 246 227 232 227 222 185 80 50 19 34 35 26 38 41 31 28 35 25 21 15 343 341 357 25 128 170 164 138 120 120 119 123 131 127 112 109 107 93 86
169 144 114 92 91 109 123 136 140 136 134 142 129 125 135 143 141 132 124 0 348 352 346 328 326 329 324 335 356 356 346 347 354 15 32 28 25 38 33 14 13 13 304 266 256 251 236 239 240 240 250 262 265 258 262 268 263 250 239 229 223 231 358 16 11 31 43 40 52 58 47 43 43 26 17 356 334 345 33 77 102 142 140 128 113 99 91 95 112 123 119 116 116 105 95
171 160 157 151 147 137 136 139 128 128 130 130 117 112 117 119 125 88 346 326 333 355 355 344 342 338 331 339 356 347 336 342 3 40 51 37 38 40 25 16 33 42 339 294 273 265 257 263 267 265 261 265 268 271 271 271 272 278 260 232 231 255 293 359 13 33 42 34 42 35 16 25 30 12 2 338 328 35 94 92 86 74 86 90 78 63 67 71 76 95 109 120 121 116 105
168 157 161 164 161 154 154 155 132 130 140 139 124 114 114 97 26 338 335 320 321 346 354 353 347 342 332 342 357 335 337 0 21 44 44 31 40 38 24 35 61 63 347 312 300 289 288 286 285 280 279 280 275 266 270 278 281 278 282 267 269 268 270 308 22 43 45 36 37 24 10 33 35 5 356 326 185 130 108 80 65 32 43 46 44 58 81 91 95 97 103 117 117 117 124
161 148 151 161 159 160 161 159 133 124 135 137 129 107 63 8 344 341 344 328 318 336 355 2 346 337 320 328 346 327 342 48 54 55 51 35 40 36 27 43 66 67 342 304 300 296 292 288 292 303 290 287 283 284 288 295 311 322 348 344 328 299 284 291 15 55 58 50 51 54 85 108 118 163 173 161 160 161 156 135 124 146 144 143 153 139 113 115 126 115 113 119 107 100 108
152 143 144 154 153 158 160 151 114 98 95 99 97 28 8 339 330 336 349 344 327 336 3 12 359 344 322 320 327 328 46 92 93 88 73 47 50 48 43 53 70 67 340 296 298 304 301 291 292 306 282 271 267 277 285 296 320 327 343 347 342 320 306 314 20 80 97 102 104 114 130 130 144 168 172 156 154 168 163 159 157 159 155 154 170 166 143 136 138 123 117 119 111 105 97
120 119 123 136 140 148 150 141 106 97 89 76 34 345 347 322 313 323 340 348 331 330 10 21 5 350 332 333 336 4 58 69 66 76 67 53 68 72 69 82 89 81 334 285 290 297 299 298 298 308 292 280 274 277 282 290 311 316 326 339 342 322 315 326 60 96 117 129 132 130 134 125 133 159 167 156 149 158 148 148 152 151 140 136 157 157 146 142 137 121 110 102 98 102 97
104 112 117 124 137 154 146 124 101 101 96 45 350 345 345 331 320 324 339 349 320 319 23 33 359 341 327 335 347 39 61 50 48 44 36 45 69 77 82 93 98 96 282 274 276 279 281 287 293 295 294 291 287 282 279 276 283 302 321 345 347 326 314 253 110 104 107 113 123 126 125 112 113 138 147 145 142 139 130 136 147 154 136 122 132 122 118 114 96 83 69 57 71 71 62
118 116 117 109 108 135 141 120 102 90 67 336 326 337 334 335 339 339 352 351 327 331 28 32 354 322 316 338 35 76 65 43 45 44 42 59 79 90 101 102 104 111 239 267 269 270 269 269 275 282 285 287 287 277 271 263 262 277 296 346 3 219 178 169 142 109 95 97 103 104 95 91 86 73 91 113 127 105 105 117 134 149 134 116 111 95 78 55 59 57 44 35 54 60 55
114 109 103 83 62 51 79 102 96 70 24 319 311 323 310 318 347 0 355 341 328 340 28 21 354 326 322 26 77 83 64 45 57 66 73 93 103 105 108 107 111 128 258 270 262 253 260 266 275 283 283 282 285 279 276 272 265 262 249 179 155 164 171 170 165 124 80 75 76 81 89 87 81 74 88 98 117 96 92 90 72 69 89 84 56 45 28 14 20 21 19 21 41 52 52
107 105 104 97 93 106 132 104 43 10 355 329 323 331 303 296 341 18 350 332 324 341 23 7 345 339 358 66 76 76 66 64 85 99 109 100 103 108 105 102 103 123 270 269 257 247 255 259 264 275 285 289 290 286 286 289 285 271 231 175 153 151 171 175 180 169 103 75 72 66 70 74 70 60 63 50 25 47 70 63 33 43 39 24 21 17 7 356 7 20 24 30 50 57 53
92 83 89 115 135 138 142 280 335 346 341 327 326 336 320 313 341 5 358 351 334 342 16 350 332 3 68 88 81 77 81 101 106 114 141 122 116 127 126 112 105 108 262 255 247 247 258 264 269 277 288 297 295 290 293 301 291 257 193 175 156 154 176 184 181 181 172 103 74 56 58 65 57 41 41 31 17 21 36 27 10 15 13 10 15 7 355 354 20 49 53 59 69 69 61
83 79 68 71 84 83 40 305 308 325 317 312 316 322 321 317 330 358 6 0 346 355 19 346 308 121 116 124 125 125 130 127 119 116 132 126 125 133 132 122 110 21 257 246 246 260 274 281 292 290 294 305 298 288 289 297 287 183 174 177 156 152 177 183 175 176 179 163 116 66 55 55 43 38 36 19 5 9 13 10 7 11 13 10 18 11 355 10 54 67 63 74 82 77 70
64 67 43 41 28 7 1 330 327 341 316 306 308 304 310 313 314 353 16 347 345 30 73 135 148 144 146 148 152 155 157 143 131 125 125 117 118 126 124 121 113 26 263 266 275 288 291 287 282 275 276 288 294 287 278 274 271 115 158 178 149 141 167 177 171 168 171 180 176 157 83 44 24 18 1 4 6 2 6 8 17 27 35 37 58 67 94 110 93 85 77 81 83 77 73
57 51 28 18 8 1 349 333 335 350 334 318 311 297 301 317 317 353 38 288 180 126 130 149 134 133 144 144 147 150 153 146 145 149 149 137 134 140 132 124 114 -1 296 300 301 297 295 292 285 279 283 296 299 293 269 253 197 127 155 172 157 136 145 166 162 153 149 174 192 186 178 171 5 0 345 9 24 16 34 45 61 73 88 107 115 130 156 139 112 101 89 82 80 79 80
55 45 26 359 353 357 327 322 332 342 344 333 309 292 293 304 191 172 156 174 171 147 141 147 124 121 129 131 130 128 131 130 140 150 151 140 136 147 132 22 347 346 324 318 320 301 291 297 303 301 306 318 317 316 297 269 163 128 159 157 154 145 147 157 159 160 153 165 191 194 199 212 218 235 218 150 122 127 148 164 166 153 125 104 90 92 125 133 121 109 95 89 89 90 98
47 31 13 352 350 355 331 320 327 334 354 357 313 286 283 157 146 159 160 170 167 157 161 161 136 133 141 147 155 150 138 125 126 136 137 130 121 39 335 340 340 336 325 320 328 314 300 301 299 294 300 314 322 338 320 307 98 119 171 155 145 151 156 149 147 155 149 160 185 192 196 197 203 206 180 164 154 136 141 161 174 180 171 151 85 64 55 86 108 124 127 109 97 83 85
42 21 5 347 346 349 335 331 335 344 6 6 342 311 291 120 121 126 138 160 151 149 163 161 144 139 145 145 160 166 156 142 138 146 139 130 69 336 321 325 334 324 314 310 319 314 306 305 300 297 299 307 324 350 332 4 105 107 151 156 145 146 147 135 129 134 131 147 178 186 194 194 201 205 179 161 159 143 135 145 160 180 187 185 185 79 45 62 73 84 98 93 81 63 70
27 11 358 344 342 335 319 325 340 355 9 358 343 342 51 111 118 127 140 158 147 145 156 152 138 135 143 137 147 162 159 146 141 150 144 350 336 340 330 328 338 329 313 307 311 302 298 303 292 293 300 307 328 0 30 105 102 76 67 103 131 155 146 143 141 136 127 134 169 179 192 195 198 208 188 153 150 147 147 151 143 162 182 188 203 209 154 77 69 54 48 56 59 60 78
4 359 1 6 0 328 305 311 342 7 358 347 347 45 91 100 103 117 138 155 149 152 163 158 152 153 155 141 141 151 149 138 130 122 314 320 331 333 331 333 339 337 324 315 317 308 308 320 289 281 290 301 327 40 84 90 78 68 69 84 107 147 133 135 140 131 122 127 157 170 184 190 195 214 205 147 122 131 150 156 139 145 172 190 208 212 210 139 58 43 46 61 66 69 84
0 357 10 19 4 345 324 322 355 16 353 328 83 103 100 95 92 99 118 135 133 142 158 149 149 163 166 153 151 155 141 88 29 4 319 317 326 321 325 337 336 328 323 322 319 314 317 329 301 290 296 303 340 91 98 95 89 89 91 92 95 104 97 101 107 105 103 108 123 141 171 184 190 205 203 178 127 117 139 152 139 136 162 193 213 220 229 228 89 65 72 81 79 76 84
354 358 23 15 356 350 339 337 8 67 132 173 162 148 143 147 121 111 119 127 116 117 133 124 127 153 161 156 148 111 340 345 1 355 334 332 338 333 340 355 346 322 315 323 310 308 316 319 301 297 301 311 107 120 115 114 106 94 98 100 98 92 90 89 84 92 100 102 95 105 137 174 190 204 203 193 147 120 127 140 139 144 168 189 215 232 244 236 172 147 125 110 105 94 89
352 4 16 2 350 357 357 29 112 111 123 156 158 152 151 155 136 125 128 132 128 129 139 121 112 114 76 354 355 351 326 332 350 345 333 332 338 341 358 6 354 332 326 336 319 308 315 312 295 294 300 36 113 133 128 122 112 96 95 98 100 104 98 94 91 95 101 110 105 103 110 147 196 215 206 201 160 118 114 121 129 144 169 186 206 222 236 225 177 166 150 140 137 122 108
