data/GlacierNationalPark/aspect.asc
ncols        771
nrows        726
xllcorner    -1620000.000000000000
yllcorner    438000.000000000000
cellsize     100.000000000000
NODATA_value -9999
[rows 588 to 629 of 726, columns 285 to 379 of 771]
214 205 194 200 206 204 208 203 199 204 212 206 195 198 190 174 172 171 172 174 178 174 166 170 170 172 178 175 164 168 161 153 181 230 247 255 246 240 252 253 246 257 270 271 268 269 270 271 276 279 276 273 262 193 154 195 235 239 232 237 244 260 269 261 118 60 48 45 45 73 92 97 101 97 102 116 112 103 100 99 94 97 122 147 165 161 185 131 114 128 138 117 106 112 110
227 206 192 198 204 204 200 191 192 198 202 201 195 202 195 168 165 163 166 173 172 169 165 169 172 172 184 187 174 176 173 176 199 220 240 243 234 235 249 251 244 257 268 267 263 267 268 267 273 277 273 267 242 162 171 208 232 239 240 251 256 255 240 209 201 229 39 53 70 94 111 138 145 119 120 134 131 121 112 102 93 92 98 119 168 142 152 127 122 133 137 110 95 88 88
284 217 236 247 215 203 193 187 189 195 199 202 195 196 194 178 171 170 171 173 166 158 157 158 167 172 193 193 181 183 193 208 210 219 231 224 216 220 235 240 239 253 257 257 260 265 264 261 264 264 261 258 199 148 181 211 228 230 232 245 247 238 216 192 202 212 201 92 88 101 108 139 145 131 131 142 136 135 136 121 96 89 81 80 113 138 120 100 99 104 106 96 84 68 77
16 7 6 339 354 45 -1 266 234 228 216 206 194 196 196 185 172 176 184 175 171 164 161 159 175 206 207 259 301 318 309 299 284 247 239 225 215 224 236 235 229 238 244 243 248 259 261 258 262 262 259 255 169 131 186 214 233 236 238 248 242 223 203 188 207 222 223 155 104 101 100 116 127 125 128 141 131 133 143 129 98 87 80 85 106 135 109 93 93 96 97 95 82 66 76
24 15 24 9 358 22 7 343 9 333 288 270 236 226 214 197 171 179 197 178 182 183 171 310 333 338 338 334 340 348 354 357 350 329 272 254 236 249 251 239 229 238 244 240 252 266 264 253 258 257 249 236 172 144 178 213 245 253 261 266 255 224 212 216 247 268 275 125 107 94 95 108 116 118 127 141 126 129 139 125 98 88 84 91 99 116 100 92 91 86 85 84 67 59 73
32 25 30 14 4 21 28 10 7 354 340 340 344 334 327 288 276 330 346 5 337 326 339 331 339 346 337 330 338 351 6 14 8 1 351 286 236 252 249 241 241 251 251 240 253 263 259 252 258 256 246 224 174 167 177 213 242 244 253 263 258 244 259 277 291 292 312 52 74 79 85 94 107 115 124 134 115 119 133 123 102 87 77 78 75 83 115 101 91 73 75 64 36 49 67
31 27 28 15 8 34 53 35 2 336 339 342 343 345 355 0 351 350 357 0 354 359 358 336 342 347 333 329 337 350 6 15 13 9 27 47 244 252 248 240 240 248 244 234 248 250 245 253 261 260 252 220 159 169 183 221 241 240 247 248 243 248 271 292 307 303 332 52 52 61 72 76 93 105 116 116 107 109 117 105 94 76 60 57 59 78 106 101 91 78 79 62 21 59 71
25 15 18 16 16 45 60 48 17 303 320 335 339 344 354 357 354 356 357 357 355 3 5 348 349 352 342 345 354 351 3 12 17 25 49 56 11 260 250 244 253 258 250 241 250 249 242 252 260 254 242 195 150 171 199 239 248 246 251 248 238 241 268 287 300 306 344 34 31 37 49 61 85 96 116 116 106 101 96 86 80 71 61 52 55 66 84 86 79 75 83 86 350 72 71
25 14 25 36 40 65 74 64 29 295 307 327 337 348 354 355 358 359 352 353 353 358 0 351 348 349 343 354 3 354 1 10 12 32 54 57 40 291 262 253 263 267 261 253 257 257 250 256 255 238 218 182 167 185 201 232 243 245 252 251 244 256 277 282 285 287 323 44 41 48 50 53 78 92 119 125 119 115 98 87 85 84 84 72 49 41 53 68 76 85 92 98 271 78 69
44 55 83 90 90 90 89 76 1 297 295 308 327 346 356 0 2 356 359 0 350 354 355 351 345 337 338 354 2 355 2 15 16 39 50 41 37 2 265 242 253 257 255 255 261 262 258 257 246 222 204 186 191 200 201 228 232 233 245 252 256 276 289 287 282 272 230 123 103 62 42 46 65 77 89 104 114 136 143 111 99 91 88 94 62 25 48 62 76 99 109 118 249 98 97
89 105 114 112 103 95 92 83 316 292 284 283 297 325 352 6 4 350 2 4 352 357 357 357 357 338 332 354 4 1 10 24 25 49 53 42 50 54 268 241 253 253 247 259 267 260 250 251 239 213 201 204 219 213 219 245 246 246 256 264 277 284 290 286 264 237 183 154 173 209 32 50 62 68 61 76 89 118 142 126 113 99 90 91 138 183 95 70 55 53 63 65 238 109 119
107 106 113 125 119 104 96 54 308 301 292 284 286 301 342 14 6 341 353 357 351 354 358 2 6 346 333 355 9 9 11 20 32 55 61 57 69 75 307 275 261 253 246 260 266 257 246 243 232 207 204 218 227 222 244 267 277 284 287 290 300 289 277 258 232 210 168 153 189 216 209 62 44 30 30 54 74 84 105 115 119 108 92 89 92 134 131 83 49 53 60 55 113 120 124
108 100 103 120 123 117 106 339 301 305 308 297 289 296 335 13 5 340 344 344 343 344 358 14 11 344 326 352 18 15 13 29 41 55 59 53 66 69 1 297 267 259 254 259 259 252 248 250 248 219 225 242 251 267 287 296 302 299 305 314 315 297 256 235 222 201 152 140 197 224 226 227 10 14 29 40 41 46 75 107 128 135 107 105 102 92 102 109 69 72 74 72 96 111 115
127 104 102 114 111 111 86 320 296 298 309 305 298 298 322 1 359 347 346 345 347 347 8 27 15 335 318 352 35 25 31 51 62 70 65 56 69 71 30 327 273 264 260 262 261 256 257 265 271 287 289 288 292 300 303 311 319 302 296 289 246 207 207 211 200 191 155 142 210 249 247 230 235 293 30 44 47 46 63 88 114 133 111 111 126 105 109 132 149 93 87 90 102 104 98
151 126 124 142 123 71 348 327 298 297 304 298 298 301 309 336 346 350 339 337 349 0 18 26 14 343 339 27 20 32 52 65 80 84 75 69 78 78 43 351 283 270 266 265 263 258 263 269 269 284 301 305 307 308 305 302 295 273 245 193 188 190 196 197 196 197 174 165 250 264 232 210 223 234 277 53 56 47 55 68 77 89 95 99 124 104 104 121 151 113 92 84 93 102 99
145 127 125 148 150 340 346 341 316 310 314 302 300 304 304 315 327 348 324 318 344 10 27 30 17 4 28 34 356 36 63 70 76 74 71 75 80 79 55 5 281 267 264 265 263 254 257 260 255 259 280 293 295 278 249 217 215 225 209 179 184 196 199 196 210 217 198 239 284 277 182 200 222 227 241 9 36 32 47 61 61 71 88 91 101 97 96 95 95 89 80 69 75 84 90
126 117 105 7 322 324 337 335 327 322 312 297 302 315 312 321 331 347 331 320 347 36 57 50 30 41 59 3 346 44 70 73 78 77 73 72 74 71 48 19 296 267 264 265 261 250 251 250 241 245 256 255 233 207 194 193 205 213 197 182 188 196 205 211 237 255 281 294 288 218 138 195 223 227 241 260 5 28 44 45 25 39 78 106 102 92 92 91 90 90 82 72 75 76 71
123 112 25 343 330 323 328 318 323 331 310 284 285 303 303 313 327 339 330 331 16 60 60 35 30 54 60 340 351 74 83 78 81 81 76 80 84 75 54 37 332 268 265 264 253 236 243 243 238 242 242 227 202 190 189 200 210 217 207 191 203 215 231 251 281 303 325 276 230 173 139 183 230 238 250 252 237 86 57 40 21 38 60 71 74 84 85 84 96 103 99 89 82 77 71
116 43 329 337 342 339 340 325 327 348 337 292 280 278 278 287 305 317 312 332 44 60 41 20 35 52 37 349 24 70 70 65 78 81 76 85 93 89 74 61 3 277 267 261 245 233 239 237 224 220 221 216 208 201 203 217 240 259 261 268 286 291 290 299 307 321 72 194 208 190 150 169 217 229 251 252 208 171 150 102 58 62 58 36 37 65 70 67 88 100 104 98 88 81 72
93 317 313 318 332 341 343 326 326 352 352 323 307 300 283 283 293 296 292 320 57 60 40 21 39 46 27 2 44 64 59 62 73 72 59 69 72 68 72 63 9 300 269 254 242 238 241 233 215 221 233 238 236 247 286 312 307 313 325 341 331 318 319 308 306 126 138 185 230 208 158 160 209 235 252 235 177 166 171 172 168 146 94 46 32 31 33 31 52 63 62 71 80 74 54
345 300 303 296 308 332 336 314 313 339 347 336 323 315 291 286 297 303 305 333 47 50 33 22 46 55 36 29 67 74 68 72 75 66 53 66 68 65 67 54 4 319 274 253 239 231 234 236 235 254 261 253 236 252 284 315 305 306 317 344 340 325 325 297 196 150 147 216 247 223 138 146 246 273 262 211 164 159 162 169 170 171 166 147 109 83 59 41 37 27 27 42 55 48 34
308 298 306 295 305 334 344 319 311 326 338 340 321 311 287 281 291 298 305 345 57 62 51 43 62 58 35 43 70 76 69 74 77 71 65 74 77 74 73 63 358 321 287 260 239 225 227 230 228 237 238 226 229 254 258 258 266 263 257 269 299 299 289 169 165 179 173 219 227 213 167 349 306 291 282 150 128 110 78 51 53 95 151 168 158 151 154 145 118 62 70 81 88 90 88
305 295 302 291 297 324 344 329 316 326 341 350 341 337 295 279 280 280 282 11 83 88 94 92 76 62 47 62 78 80 69 71 71 67 64 74 78 75 75 73 354 303 295 271 244 230 226 224 218 224 227 217 226 237 228 223 235 243 244 249 253 234 186 155 173 227 204 193 211 217 237 303 316 299 315 21 33 25 26 32 38 64 81 96 94 90 101 122 153 153 135 114 111 125 135
301 287 287 281 284 302 325 324 317 319 329 345 349 348 320 295 282 275 279 23 83 92 93 86 84 85 87 90 91 91 85 80 77 71 68 75 75 68 73 72 350 309 306 308 275 259 249 241 234 237 232 218 227 230 223 222 235 242 233 232 225 201 180 177 206 224 208 201 233 246 260 277 294 290 307 5 24 17 16 13 4 18 33 36 55 77 93 102 106 98 86 83 83 84 101
302 294 297 287 285 296 306 308 306 301 303 327 355 332 319 304 281 269 271 27 87 96 100 98 102 108 114 113 112 111 112 95 90 86 91 93 84 77 81 80 330 316 323 340 324 290 279 263 246 244 240 230 242 244 235 229 246 249 228 221 208 191 181 194 214 210 209 217 233 256 264 269 277 279 287 338 16 20 17 3 353 12 29 24 34 58 86 90 95 92 85 85 84 79 81
310 300 301 293 295 309 309 309 313 308 302 322 5 313 295 290 277 268 267 356 91 102 133 145 135 138 149 133 125 120 107 95 93 92 95 100 99 97 95 85 316 316 333 347 320 291 283 272 260 253 242 230 239 237 228 242 261 254 227 221 209 193 188 210 223 220 225 233 241 261 273 280 289 280 277 291 346 21 20 1 353 12 22 20 43 57 41 67 83 97 98 90 85 76 73
309 295 296 296 299 312 310 306 311 306 305 331 3 337 315 311 303 272 267 284 90 101 134 143 136 133 139 130 117 101 91 96 100 105 101 103 111 111 107 77 316 327 18 45 259 265 274 281 274 261 244 233 241 238 231 246 252 234 212 209 208 201 208 231 245 247 248 249 250 271 287 290 291 277 268 263 141 159 178 179 179 200 236 41 69 62 36 54 76 93 102 100 87 71 77
316 302 292 290 292 296 297 294 296 289 293 319 352 354 332 318 323 285 267 271 77 78 76 97 114 111 101 98 92 86 107 115 117 123 114 114 119 113 106 337 329 342 13 21 18 315 309 333 302 277 265 254 253 247 235 243 240 222 212 214 222 220 227 238 246 248 246 245 248 269 282 284 279 270 262 259 111 135 179 179 179 226 254 73 74 51 34 43 53 58 85 93 77 57 69
308 300 289 289 300 307 303 300 298 283 280 290 323 359 344 321 310 291 267 264 69 67 51 63 74 74 68 62 70 97 111 121 132 132 118 115 118 106 10 318 326 335 5 19 11 350 345 5 358 327 299 286 271 253 238 251 250 239 229 232 237 228 236 248 253 249 246 245 247 254 251 245 249 257 260 262 90 90 275 342 48 270 270 72 64 49 47 58 61 46 48 47 34 38 62
283 284 283 286 301 310 305 304 308 292 287 290 305 353 0 348 310 288 272 266 75 74 58 58 50 31 39 53 80 114 115 116 133 137 124 117 116 101 311 310 315 317 349 14 5 354 359 18 19 3 326 300 298 289 265 257 250 238 235 236 233 227 245 261 268 272 281 284 269 251 238 229 242 259 264 264 70 43 17 44 94 251 243 215 79 76 80 85 82 58 51 53 49 57 72
282 281 276 275 283 296 302 304 307 293 287 289 296 338 10 14 332 300 297 278 77 81 68 63 53 39 55 83 101 117 112 112 122 127 118 114 110 322 305 317 321 322 343 11 5 358 13 37 39 24 356 292 291 303 295 267 250 235 235 237 234 234 253 265 276 281 287 288 260 250 249 243 253 260 258 255 39 15 25 44 45 224 224 223 216 62 74 85 82 72 73 68 64 80 91
292 284 276 273 274 283 296 303 302 290 283 282 283 311 20 38 348 302 303 285 83 83 74 72 70 77 100 110 115 120 106 105 111 113 113 110 101 295 299 311 312 316 341 6 8 11 22 42 38 30 24 297 281 287 294 277 261 246 246 247 249 257 265 268 267 263 251 222 219 253 265 265 258 251 244 235 226 230 40 63 45 341 0 251 252 55 66 68 51 32 27 34 44 67 88
295 282 272 267 261 266 278 296 302 296 293 288 279 288 41 56 349 311 308 288 109 97 88 87 94 106 110 111 112 118 111 108 113 110 113 113 38 288 289 294 291 296 321 349 11 29 35 41 35 30 21 341 312 302 305 298 283 274 270 273 282 292 291 282 270 265 266 287 312 311 302 298 288 276 252 224 223 236 240 72 17 332 27 343 290 69 69 56 31 31 39 49 56 70 74
293 284 279 270 260 264 272 286 296 298 302 303 292 303 26 39 345 326 327 55 120 124 117 104 105 113 108 105 104 108 107 107 115 105 99 70 327 299 297 299 287 284 293 309 17 47 43 43 43 34 18 0 340 313 309 318 319 318 304 304 315 311 315 321 318 307 310 324 323 326 333 331 322 317 300 258 252 250 245 44 359 303 60 0 311 102 88 80 69 93 118 141 110 80 75
314 293 287 282 278 277 278 284 286 290 294 296 291 303 18 35 346 329 337 86 114 141 147 136 119 108 105 110 114 112 110 106 108 104 93 347 315 297 294 298 290 290 300 307 355 35 41 49 56 47 22 8 354 326 303 312 325 324 311 306 310 300 309 329 334 328 329 343 332 318 328 331 334 339 339 316 301 290 287 250 144 166 168 178 182 168 144 135 145 128 130 167 172 103 95
314 289 278 275 277 277 279 286 283 281 283 280 277 285 3 36 7 336 330 79 94 119 131 138 138 121 108 113 128 119 114 108 102 101 93 301 298 292 287 286 284 288 298 305 333 26 43 51 56 36 7 4 1 344 307 304 320 315 305 298 291 278 279 294 304 305 311 342 343 330 330 328 339 358 355 320 317 316 308 59 97 135 137 155 178 179 168 154 151 131 129 174 184 132 121
293 283 276 272 271 273 275 280 280 282 286 286 282 286 333 26 24 3 336 66 74 66 77 93 117 117 101 100 112 109 108 111 105 98 67 301 301 297 289 281 275 275 277 281 301 18 47 57 59 31 356 2 3 353 320 313 333 325 319 311 296 278 268 259 262 265 259 265 304 323 337 334 334 351 356 340 322 293 250 90 66 63 94 112 156 178 170 157 152 128 126 168 178 135 124
289 282 279 278 282 283 281 279 278 281 287 290 290 289 305 13 30 23 356 70 66 46 54 67 73 84 90 87 80 87 98 112 108 95 338 298 297 298 303 298 284 279 276 275 286 355 52 68 69 43 344 349 355 353 321 311 334 325 327 332 322 300 285 275 270 269 259 250 261 277 320 323 327 340 348 358 98 194 209 228 46 45 58 67 78 138 153 151 150 122 111 139 154 126 113
295 284 277 271 276 285 287 279 276 278 281 280 281 277 274 36 92 103 142 117 88 67 69 74 79 99 105 97 81 83 88 100 107 104 294 288 285 290 300 303 299 294 292 285 291 336 43 62 56 36 351 333 341 349 315 298 318 317 322 334 330 315 303 297 276 261 243 236 245 250 270 295 303 245 189 154 142 177 228 238 233 51 57 56 53 76 115 134 127 107 98 104 113 114 111
298 285 275 265 267 273 278 273 271 273 277 273 271 268 254 151 141 146 153 147 130 129 113 100 96 100 106 107 99 92 88 89 99 112 283 286 281 279 281 284 292 299 295 283 286 315 43 60 48 36 5 338 338 346 331 309 307 307 313 324 322 320 316 308 285 269 253 250 251 247 243 235 192 172 179 174 167 188 231 234 231 170 66 53 44 55 69 101 106 97 92 90 89 89 90
295 294 287 273 269 269 270 275 277 275 272 272 272 257 190 149 151 161 158 151 140 138 129 117 103 92 90 94 100 96 92 91 92 345 286 292 289 286 285 278 280 289 286 276 276 287 46 60 49 41 16 343 332 335 334 325 318 312 319 333 320 318 325 313 293 291 303 304 290 264 246 213 177 177 190 203 209 209 231 222 221 229 29 34 38 50 49 42 71 99 98 94 88 84 77
297 306 319 294 277 270 264 271 275 272 268 270 271 231 142 142 153 168 163 151 145 143 141 142 133 102 88 81 93 102 104 103 102 281 282 290 294 292 287 278 279 288 292 280 278 286 0 36 34 31 28 3 321 316 319 321 320 311 314 332 315 309 325 323 305 299 302 294 272 255 244 208 172 194 222 242 244 240 240 209 210 232 254 22 46 45 38 31 40 54 68 78 88 87 88
