data/GlacierNationalPark/aspect.asc
ncols        771
nrows        726
xllcorner    -1620000.000000000000
yllcorner    438000.000000000000
cellsize     100.000000000000
NODATA_value -9999
[rows 462 to 503 of 726, columns 570 to 664 of 771]
93 97 105 103 93 76 59 67 65 46 56 61 52 53 60 55 38 27 34 61 45 270 234 214 234 263 257 235 93 79 60 61 81 74 54 15 39 70 77 82 74 54 63 72 64 71 82 82 61 -1 -1 -1 -1 -1 73 81 -1 257 262 -1 249 255 259 258 252 240 236 241 241 241 245 235 218 229 247 255 245 255 265 -1 259 263 261 251 266 280 284 280 268 259 240 235 230 224 239
94 86 62 58 59 54 55 71 76 61 65 62 49 55 54 35 23 34 41 45 43 329 270 248 258 262 260 254 90 78 58 63 72 56 45 29 24 53 69 71 55 45 58 66 63 88 92 85 67 60 -1 -1 -1 -1 86 90 -1 253 242 198 231 248 247 249 251 240 246 259 255 249 255 251 219 254 264 260 250 262 275 356 321 282 262 244 260 270 263 253 265 265 252 256 258 250 239
66 45 31 43 48 45 57 75 81 74 80 79 72 68 56 31 24 48 53 46 47 35 -1 225 261 266 267 262 83 75 61 63 61 50 53 50 14 46 68 65 47 54 67 72 72 80 73 59 55 60 -1 -1 -1 -1 74 75 54 246 229 217 200 240 240 243 242 226 242 250 245 241 250 249 231 272 277 272 262 262 262 285 304 285 265 256 261 258 246 253 259 248 230 245 252 244 243
32 32 34 47 49 38 48 59 55 51 70 76 68 70 66 45 42 68 72 64 58 58 62 243 260 263 265 253 105 68 48 35 42 49 63 80 -1 60 78 75 58 65 75 83 90 81 68 56 59 61 51 -1 -1 -1 18 59 57 -1 231 219 203 232 242 248 245 226 236 240 238 240 250 246 230 260 259 247 244 251 251 237 255 261 255 251 255 254 245 254 254 241 226 242 247 229 228
35 43 49 60 61 43 51 58 55 55 66 71 61 64 54 28 37 66 69 56 53 59 59 14 248 238 231 214 161 56 41 16 32 45 56 72 -1 63 80 77 59 72 84 85 79 80 75 69 73 76 67 345 6 -1 324 72 80 -1 -1 -1 212 225 255 262 255 234 240 244 243 255 263 253 236 251 249 235 238 250 250 227 237 244 243 245 252 251 239 249 254 253 250 255 250 221 221
52 49 55 68 71 61 71 75 71 66 67 68 60 60 45 24 47 74 72 42 29 31 35 34 -1 228 226 216 210 278 62 39 16 48 60 67 70 150 89 78 62 80 82 70 60 73 78 75 80 83 57 344 26 -1 288 84 91 258 -1 -1 -1 225 250 246 229 213 225 237 239 255 262 253 240 248 250 246 260 270 267 239 246 247 240 245 249 238 223 239 245 251 260 261 249 223 236
69 67 76 79 70 57 69 73 69 71 78 75 64 66 59 46 82 87 67 23 24 29 36 49 57 248 221 212 204 197 169 177 254 76 79 79 78 90 81 71 60 75 76 67 73 81 73 62 75 81 60 -1 -1 -1 302 72 82 264 -1 90 -1 -1 236 227 217 214 230 241 234 241 241 227 219 238 251 253 265 273 274 266 266 258 240 246 247 230 225 238 243 245 249 248 235 219 231
73 69 81 81 68 60 70 74 71 72 74 65 55 60 62 68 84 72 41 24 42 50 49 62 59 22 -1 209 210 199 169 184 213 144 88 77 61 54 76 71 63 74 78 77 81 74 55 51 75 84 111 -1 -1 -1 306 88 85 -1 -1 83 -1 -1 246 236 230 231 247 251 236 241 236 219 214 241 253 241 248 251 245 257 265 256 243 252 246 232 237 244 243 239 242 239 228 225 233
73 63 73 74 67 67 74 80 80 76 71 57 54 61 66 72 71 43 23 26 46 54 43 62 60 35 24 41 270 270 107 155 214 195 97 80 58 49 66 64 51 63 69 66 62 51 48 60 80 84 93 153 -1 306 -1 96 95 -1 -1 -1 -1 -1 -1 233 234 248 259 255 236 245 247 237 252 268 264 241 248 249 241 249 251 237 233 245 236 227 233 238 239 240 250 248 236 235 243
83 71 76 73 61 70 84 88 86 84 78 62 59 69 77 79 72 30 14 30 50 49 21 49 53 36 29 48 -1 219 118 109 229 221 116 91 63 40 57 61 41 62 65 51 39 31 31 38 69 76 72 -1 266 293 45 87 96 -1 -1 -1 -1 -1 -1 239 241 251 246 226 209 234 249 253 269 273 264 251 255 252 242 246 240 217 232 244 241 236 234 235 232 226 236 232 222 240 256
90 79 80 77 68 76 79 73 67 70 65 51 67 83 87 85 79 25 346 52 65 56 22 50 54 39 41 45 29 5 59 58 333 214 138 111 52 27 60 68 57 76 72 51 33 23 24 35 65 71 65 45 286 299 100 104 109 -1 -1 -1 -1 -1 -1 194 228 240 232 218 217 243 251 247 254 250 239 237 243 245 238 246 244 192 229 245 253 253 235 233 225 209 232 232 221 245 260
89 82 83 84 84 81 71 61 60 65 63 55 69 75 65 54 53 13 342 61 74 68 56 71 66 54 57 49 17 13 33 41 21 47 87 90 335 353 50 62 62 85 80 53 32 29 35 62 78 75 66 49 288 284 108 113 118 -1 6 0 -1 158 157 180 205 237 241 237 239 251 253 250 252 248 243 243 244 241 233 240 238 171 206 236 243 239 215 230 227 204 245 246 239 253 257
112 107 97 92 89 87 83 76 73 76 76 67 70 67 57 58 57 18 357 71 72 64 64 71 66 55 56 50 26 33 79 75 30 40 45 56 315 303 75 77 87 100 66 17 23 33 39 70 79 73 68 62 278 186 103 95 -1 329 6 -1 -1 108 142 -1 -1 244 226 217 233 252 252 251 258 258 258 264 266 245 232 240 240 188 194 242 237 222 199 225 227 213 255 252 252 262 260
90 104 109 108 109 103 103 99 91 90 83 69 75 77 73 79 86 90 -1 95 86 78 82 83 57 37 40 37 25 32 80 100 -1 55 55 65 352 206 114 99 93 92 355 355 30 46 45 64 65 62 60 58 48 -1 94 76 348 -1 -1 104 -1 90 -1 264 -1 -1 202 210 242 251 244 246 253 250 245 257 270 245 235 247 247 216 201 242 232 221 208 225 230 234 250 238 234 245 248
57 71 83 86 86 88 88 85 86 86 76 65 71 72 68 75 82 111 135 101 101 88 83 84 45 16 32 33 30 45 74 96 180 181 36 61 59 125 109 97 86 66 309 326 53 64 55 63 66 63 69 78 91 189 98 101 194 -1 -1 84 104 101 104 234 225 -1 -1 225 253 249 243 248 247 225 219 237 236 203 226 241 233 210 210 229 233 230 227 235 236 233 230 227 232 241 243
59 65 66 55 53 65 69 70 80 81 74 73 77 78 69 70 73 83 138 119 125 112 79 78 116 243 22 38 43 58 67 66 107 208 200 119 133 155 159 143 100 24 331 342 59 66 59 69 75 73 80 86 87 -1 94 98 180 204 -1 105 101 84 63 -1 -1 265 -1 99 258 256 251 255 243 212 230 253 253 244 258 249 232 218 227 231 231 227 225 232 237 228 225 241 249 250 247
48 60 65 57 67 83 87 89 92 91 89 87 88 86 70 73 79 90 124 124 131 162 110 95 111 203 219 68 47 57 61 56 66 135 180 154 135 142 165 163 186 320 339 2 40 50 48 60 66 67 74 74 61 30 51 49 4 8 -1 119 108 -1 60 -1 -1 261 -1 110 260 254 238 239 226 226 264 276 277 284 290 268 245 235 240 242 236 230 229 232 225 215 232 249 254 257 250
36 60 67 61 79 91 91 84 83 82 76 79 86 83 69 78 84 93 110 115 116 151 126 99 59 86 198 201 140 66 58 51 72 88 116 12 51 58 41 28 295 283 318 0 28 46 47 60 64 61 66 63 51 39 27 27 2 27 53 98 135 -1 -1 59 -1 251 143 120 266 257 232 241 248 265 267 262 261 254 252 248 237 233 246 255 257 256 245 227 217 225 247 250 255 257 245
45 69 70 62 75 77 68 65 69 68 58 67 78 74 67 77 76 64 68 86 98 107 101 70 27 52 45 225 180 127 67 56 77 69 335 352 36 51 28 25 341 260 276 338 29 57 68 83 83 65 64 59 51 51 50 29 10 56 68 77 111 201 201 -1 341 -1 108 -1 265 257 242 261 271 275 263 256 255 243 257 289 309 244 248 247 235 241 225 218 227 241 250 244 255 255 244
45 59 59 54 68 66 54 56 67 71 62 68 72 65 63 75 74 55 51 55 51 53 47 20 15 45 35 17 65 118 120 72 71 50 309 338 53 61 39 60 107 221 227 205 176 61 66 80 84 71 71 66 57 62 65 15 24 72 81 75 74 -1 219 209 -1 -1 108 -1 251 239 228 253 258 255 259 264 257 240 265 299 22 323 263 245 231 227 201 207 225 239 238 230 246 247 247
55 66 62 54 62 60 51 61 75 76 69 76 78 70 76 87 83 64 58 54 42 42 30 12 10 37 43 36 50 54 66 72 72 51 313 309 70 72 61 79 96 182 208 193 192 202 100 82 70 41 61 64 50 60 66 15 26 70 84 91 84 68 -1 209 198 -1 -1 -1 240 225 212 241 246 238 250 260 253 246 265 282 41 11 281 251 240 232 198 195 225 237 231 228 235 237 240
73 80 73 62 65 65 58 71 78 71 63 74 78 73 79 80 68 59 62 55 42 51 47 21 5 43 54 49 53 65 68 61 71 45 350 350 70 72 74 94 97 104 189 186 190 202 168 115 77 29 62 64 45 61 60 24 25 58 79 94 112 108 -1 -1 -1 -1 -1 -1 -1 225 205 242 244 238 250 253 241 238 249 257 5 27 331 250 245 242 212 183 229 231 225 228 240 243 241
71 75 69 64 73 77 75 80 77 67 65 74 77 71 71 64 54 54 47 24 19 40 48 34 0 49 58 50 66 87 80 59 65 40 12 49 71 70 70 72 53 4 9 23 49 192 176 143 150 171 82 56 41 64 67 48 54 82 86 77 79 96 -1 -1 -1 -1 -1 -1 -1 -1 -1 256 250 248 257 255 239 245 256 259 271 38 47 260 237 236 216 168 212 225 223 229 249 255 248
75 69 55 60 72 69 66 77 78 70 73 78 77 63 65 63 53 51 38 9 12 44 54 46 18 18 28 33 55 69 63 57 72 66 38 81 105 93 73 52 25 352 358 18 28 28 25 38 35 57 127 119 87 82 84 73 78 101 113 100 94 -1 305 -1 -1 -1 -1 -1 -1 -1 -1 245 243 245 254 254 242 256 263 260 247 180 61 50 237 239 222 170 194 223 228 240 251 242 235
73 67 55 61 66 54 55 67 71 69 74 78 67 50 61 60 47 54 54 12 11 62 65 53 39 340 4 34 56 61 47 55 67 68 67 89 95 94 68 45 28 353 323 6 32 29 14 7 14 41 75 110 131 88 61 37 64 92 135 135 128 -1 -1 -1 36 -1 -1 -1 -1 -1 -1 220 236 236 244 242 229 244 244 236 233 229 63 62 -1 251 222 191 183 229 238 248 246 228 227
63 68 60 64 63 55 64 73 75 70 76 78 64 57 65 59 42 53 49 18 22 66 65 54 53 5 266 57 69 69 48 54 58 59 68 78 66 34 50 45 19 13 333 319 35 37 10 5 29 57 55 35 37 41 37 45 71 89 139 126 -1 -1 -1 -1 -1 60 -1 -1 -1 -1 -1 -1 234 232 243 241 230 243 241 231 226 225 218 104 -1 225 211 214 188 228 243 243 236 228 230
63 55 44 58 67 69 76 80 77 70 76 74 63 67 74 72 56 61 52 31 37 55 53 40 43 40 331 29 68 66 48 60 62 59 60 66 65 48 68 54 351 11 6 334 6 30 10 5 35 58 60 44 39 35 56 70 78 84 100 -1 -1 -1 -1 -1 -1 -1 -1 345 324 -1 -1 -1 265 265 261 251 241 249 248 239 243 248 233 171 149 191 206 213 186 200 225 231 233 226 230
110 80 58 67 69 59 65 70 63 56 67 68 58 71 85 90 85 81 73 56 50 52 49 38 51 57 47 -1 64 52 26 40 52 59 61 67 66 52 63 30 326 353 13 359 339 22 22 2 26 51 51 37 42 50 63 71 80 81 67 -1 -1 -1 -1 -1 -1 -1 -1 345 333 0 36 -1 291 262 249 236 235 246 246 241 255 266 253 189 177 188 198 207 180 189 219 228 228 222 231
145 150 132 94 76 53 63 67 59 56 64 65 53 65 69 58 55 74 77 69 78 83 74 58 70 73 68 -1 93 50 19 42 48 37 48 54 33 25 45 33 319 330 7 0 328 17 40 9 13 50 50 40 47 48 54 64 75 76 63 -1 -1 -1 -1 -1 -1 -1 -1 -1 -1 -1 -1 -1 -1 239 225 226 232 239 238 225 238 241 221 193 188 198 187 191 171 181 221 232 233 228 236
153 170 168 130 105 85 79 74 66 65 71 71 57 64 60 48 49 65 79 89 96 104 96 73 72 70 58 62 116 161 -1 71 65 37 57 52 9 22 46 41 338 325 341 341 337 10 39 32 6 68 62 54 61 60 60 78 86 80 66 63 255 -1 -1 -1 -1 -1 -1 -1 -1 -1 -1 -1 -1 263 241 238 248 256 250 226 238 241 230 214 168 184 187 180 168 184 219 238 245 236 246
151 172 176 161 156 158 125 97 76 69 75 76 67 71 71 62 57 68 78 91 100 115 135 125 96 82 65 68 90 156 191 128 109 109 90 78 336 39 61 55 11 332 307 304 320 3 32 36 41 67 57 52 65 68 73 87 90 82 70 61 0 -1 -1 -1 -1 -1 -1 -1 -1 -1 -1 -1 -1 -1 248 234 260 265 257 241 251 248 239 225 162 174 195 185 159 194 232 245 237 216 232
137 158 165 162 167 170 155 136 111 90 87 80 63 70 73 67 74 85 82 76 88 107 150 146 128 112 94 86 83 92 156 113 71 43 68 68 -1 111 85 62 11 7 329 261 263 308 29 45 55 63 47 50 61 62 69 80 73 64 68 68 64 -1 -1 -1 -1 -1 -1 -1 -1 -1 -1 -1 -1 -1 -1 234 252 242 225 227 243 244 240 231 181 171 210 206 138 209 248 238 221 205 222
132 145 141 145 159 164 156 151 152 111 94 77 62 71 75 67 73 78 70 68 80 88 113 121 117 112 98 86 76 60 33 20 19 30 56 53 42 57 26 10 3 19 30 291 270 289 26 61 67 68 42 61 68 67 74 80 68 53 55 60 63 -1 -1 -1 -1 -1 -1 -1 -1 255 -1 -1 -1 -1 -1 270 245 234 225 227 232 230 226 224 212 178 202 220 138 203 244 220 213 204 235
113 87 78 87 109 131 134 143 162 125 97 81 78 79 74 59 65 67 64 70 72 56 24 32 39 35 44 51 43 29 28 24 27 71 69 54 45 17 342 346 5 31 45 33 270 276 24 50 64 66 34 69 78 79 79 74 61 48 55 60 56 38 -1 -1 -1 -1 -1 -1 -1 -1 255 -1 -1 -1 -1 263 243 240 236 241 245 233 222 229 228 193 212 233 149 165 219 211 203 205 247
28 6 37 46 28 40 58 60 60 86 83 75 77 76 67 58 70 74 73 73 65 40 14 27 36 29 34 38 28 18 31 40 38 69 53 45 48 23 327 270 -1 66 61 57 266 252 233 49 64 59 28 57 69 66 55 54 57 54 66 66 57 56 75 -1 -1 -1 -1 -1 -1 -1 -1 -1 -1 -1 -1 281 239 235 237 252 260 245 235 247 246 221 231 241 158 131 209 222 190 211 247
352 357 46 44 7 30 40 26 27 45 50 47 51 52 53 54 68 74 71 74 72 53 31 51 52 38 44 49 36 24 47 59 57 51 1 21 46 43 45 233 203 103 66 56 33 234 223 174 82 55 34 60 72 58 45 59 63 51 62 60 48 51 56 -1 -1 -1 -1 -1 -1 -1 -1 -1 -1 -1 -1 270 -1 225 235 247 246 236 242 253 254 235 232 238 172 115 204 238 178 218 247
357 15 55 30 351 32 43 22 28 46 47 36 48 52 51 56 68 73 66 64 59 38 28 38 45 41 62 70 53 45 62 68 66 26 318 20 56 53 46 55 167 157 77 45 50 -1 225 199 139 62 51 70 79 72 82 86 73 51 63 62 51 62 71 -1 -1 -1 -1 -1 -1 -1 -1 -1 -1 -1 -1 -1 -1 -1 226 246 247 244 251 258 253 238 232 214 187 124 200 243 170 231 252
22 40 22 358 351 26 34 17 28 47 48 36 55 61 57 61 70 74 65 60 51 34 29 39 49 46 56 45 19 20 43 62 62 34 268 -1 77 70 61 59 82 153 201 -1 47 39 315 194 183 191 78 72 78 77 88 89 76 61 72 71 63 76 82 -1 -1 -1 -1 -1 -1 315 -1 -1 270 -1 -1 -1 -1 -1 -1 256 251 242 252 270 261 246 230 189 202 123 197 232 181 235 253
53 25 343 340 354 32 32 22 35 44 39 27 43 48 46 63 75 71 59 59 53 41 45 61 62 42 49 40 11 28 56 57 43 30 336 346 62 75 79 74 74 74 -1 237 59 43 34 83 164 209 209 82 77 70 77 72 58 53 68 70 65 78 81 -1 -1 -1 -1 -1 -1 -1 -1 -1 284 -1 -1 -1 -1 -1 -1 245 242 237 248 259 250 242 230 187 220 133 168 223 208 254 258
51 352 324 325 4 48 36 35 40 39 39 29 45 49 46 58 61 48 38 43 49 52 68 77 67 39 61 73 86 97 83 53 40 38 6 342 58 73 63 52 68 65 -1 -1 172 142 97 84 94 215 223 117 81 71 74 71 60 63 73 69 63 76 77 49 -1 -1 284 -1 -1 -1 -1 -1 296 -1 -1 -1 -1 -1 75 227 236 233 241 241 220 222 221 197 185 172 181 248 270 271 256
46 336 323 331 5 35 36 41 37 45 51 42 59 63 55 61 56 43 43 54 63 63 66 58 40 22 45 62 76 94 66 41 48 57 46 309 75 68 46 37 53 49 8 83 139 170 147 102 101 171 216 170 97 81 78 75 70 76 77 67 67 77 75 57 45 -1 284 -1 -1 -1 -1 -1 -1 -1 -1 -1 -1 -1 55 -1 244 236 244 244 227 233 243 177 166 202 222 243 249 248 239
45 325 313 326 352 26 37 29 29 44 43 46 69 71 61 71 72 65 64 71 75 65 61 51 35 23 36 50 38 20 14 19 31 49 56 4 66 60 43 42 52 35 7 55 85 151 150 99 97 130 192 182 144 103 73 67 68 74 73 69 74 78 75 60 52 6 305 -1 -1 -1 -1 -1 -1 -1 -1 -1 -1 -1 63 59 266 255 256 253 242 250 244 143 153 236 248 228 241 239 229
