data/GlacierNationalPark/aspect.asc
ncols        771
nrows        726
xllcorner    -1620000.000000000000
yllcorner    438000.000000000000
cellsize     100.000000000000
NODATA_value -9999
[rows 0 to 41 of 726, columns 190 to 284 of 771]
226 224 207 220 165 107 92 85 81 62 45 315 271 258 262 260 255 258 254 239 227 226 214 191 216 217 212 223 255 262 260 266 274 280 274 271 274 276 275 278 294 303 278 279 66 77 54 30 45 71 73 65 75 76 68 69 77 81 74 37 4 338 322 311 311 345 35 27 14 346 314 316 353 69 80 78 78 65 51 62 7 306 48 321 298 292 274 96 91 243 253 263 258 249 213
214 208 195 198 176 120 93 86 76 38 16 12 293 255 251 243 238 247 242 223 222 223 197 183 197 204 202 236 267 268 257 260 266 278 284 282 283 289 285 285 304 313 292 294 49 61 39 31 45 67 67 55 61 55 44 44 54 50 29 17 345 346 346 340 335 354 357 355 2 332 307 318 5 61 66 42 32 25 15 27 20 351 14 321 324 345 339 57 90 203 258 262 252 240 265
215 209 196 203 199 118 87 81 63 27 10 22 27 305 271 243 231 240 238 217 229 234 189 178 200 217 223 269 279 277 266 266 270 274 277 278 272 271 279 299 330 326 312 314 53 62 57 62 82 91 83 65 62 51 37 44 55 42 23 15 356 356 2 357 349 2 338 331 356 305 292 301 11 64 63 34 29 27 5 18 20 5 0 332 338 8 18 47 75 323 292 285 275 258 267
213 205 193 207 226 260 62 59 39 22 4 14 27 348 318 294 239 245 243 222 239 241 192 176 220 246 266 269 263 258 262 270 271 265 262 264 258 251 260 266 274 278 276 250 99 74 65 66 84 92 85 72 73 65 45 62 68 48 28 20 11 8 18 11 359 1 338 338 351 300 287 296 0 63 63 41 46 34 358 14 19 3 352 344 353 28 40 50 39 352 308 291 289 282 266
216 204 201 230 254 288 11 22 14 13 6 6 24 22 337 341 312 260 251 241 258 259 232 185 270 289 305 283 269 265 267 266 261 257 267 270 269 263 253 235 211 223 228 222 142 78 72 69 79 80 69 61 70 74 76 82 75 57 52 46 32 21 38 32 6 346 326 331 337 292 262 256 290 55 54 35 38 28 11 24 25 339 327 355 39 56 45 42 27 359 318 283 278 283 271
211 205 232 261 270 280 318 356 10 17 16 10 23 26 6 359 8 292 253 241 258 266 284 336 305 304 314 301 290 288 287 281 271 267 278 291 305 305 288 266 239 242 243 235 211 98 76 72 78 75 49 52 66 63 59 77 76 65 49 19 6 15 37 39 21 333 299 300 308 300 264 250 260 63 71 52 48 41 31 35 5 326 313 9 53 30 14 24 27 10 338 291 272 269 271
196 199 233 248 256 266 279 311 10 33 39 25 23 27 17 8 24 7 271 251 258 263 278 319 321 327 328 302 296 294 287 286 279 272 279 292 311 305 303 302 291 267 246 221 222 260 46 55 64 57 33 53 63 51 45 59 63 50 26 0 356 12 34 40 35 0 309 300 300 304 301 272 258 130 99 92 76 63 44 29 343 328 323 8 29 8 6 16 20 18 5 325 304 297 291
171 200 236 242 242 244 252 260 321 31 41 37 27 47 51 27 41 35 324 279 266 262 267 294 311 339 346 313 302 304 291 292 295 293 284 284 293 281 280 285 288 281 267 251 266 292 25 44 45 39 23 36 44 40 37 50 53 39 22 0 348 4 39 49 42 7 330 323 322 320 327 294 268 51 72 58 63 61 36 2 330 330 339 0 12 4 15 25 19 26 15 338 331 325 309
128 198 240 245 239 245 256 256 259 340 31 36 34 52 47 8 22 30 358 318 284 268 265 276 289 327 337 313 303 300 287 292 303 302 296 289 289 281 277 277 285 285 280 287 144 188 225 56 50 43 25 35 43 33 22 40 46 35 30 22 356 338 45 61 44 350 336 337 332 327 333 327 284 334 48 38 40 39 10 338 332 342 349 6 21 8 43 48 25 33 19 328 316 330 317
83 153 238 243 237 254 260 253 250 272 0 35 44 50 23 359 11 23 2 338 325 317 315 288 280 303 295 289 290 285 278 280 289 287 291 293 282 280 289 305 308 319 333 130 135 202 251 81 74 57 35 51 55 35 33 55 56 45 37 18 356 352 22 36 14 348 341 344 341 333 332 343 277 291 45 40 41 32 3 321 325 352 7 29 23 352 27 48 24 31 25 309 282 303 108
63 77 236 235 229 245 244 238 244 260 292 28 52 52 13 359 5 12 357 340 332 333 346 314 273 251 281 294 312 320 297 288 292 280 281 297 296 291 304 324 320 322 125 132 134 226 224 196 224 29 30 58 63 42 64 79 72 55 34 6 350 0 21 20 3 350 348 351 356 356 355 3 276 276 13 39 37 24 9 313 306 346 36 50 11 337 21 34 14 11 5 346 315 26 81
67 80 169 227 233 248 247 241 249 259 263 332 38 28 13 15 358 355 350 343 336 337 4 341 285 282 293 301 317 332 323 317 327 303 297 317 317 299 307 326 319 312 106 115 134 225 198 206 225 229 31 55 48 14 40 57 54 43 25 7 346 11 14 3 358 347 347 355 4 6 3 12 293 272 301 16 20 22 20 325 294 198 104 76 16 296 7 28 17 6 357 356 354 51 71
69 84 119 234 247 257 258 251 255 257 250 253 351 8 21 28 0 348 346 350 0 12 22 4 311 305 306 319 335 340 333 328 335 314 310 330 334 321 313 311 292 140 116 108 345 32 352 225 225 206 196 221 30 356 34 58 45 32 28 17 356 353 352 354 357 347 344 356 17 21 8 9 310 272 268 313 21 41 30 347 302 142 117 106 113 167 203 185 114 6 347 96 113 98 85
67 79 95 235 245 257 258 251 256 256 248 244 256 305 31 40 14 341 340 353 17 25 22 10 330 315 303 320 347 351 349 346 344 326 326 336 329 323 308 245 236 95 74 46 44 349 346 16 225 225 251 271 357 350 55 73 43 39 42 16 347 339 344 351 356 357 351 355 24 33 7 359 318 290 278 273 107 84 58 49 86 97 89 78 50 102 157 181 177 180 180 159 153 131 111
74 82 90 248 255 258 252 241 253 255 245 243 253 260 16 58 46 325 325 347 20 24 22 13 344 324 292 298 334 351 358 354 349 336 331 334 292 253 205 202 218 49 19 25 44 44 293 45 78 270 251 197 180 199 218 75 43 48 41 13 342 323 329 339 352 5 1 354 23 27 6 354 335 318 301 294 81 80 84 91 81 73 69 37 35 77 108 155 158 186 208 139 129 117 96
88 89 90 266 274 271 257 244 253 247 231 238 247 240 230 69 42 343 332 344 15 22 21 13 351 336 304 289 296 331 357 342 336 311 227 192 216 220 205 204 215 214 213 38 62 72 218 164 100 224 198 179 180 225 251 60 15 10 11 10 6 342 323 329 338 6 21 5 4 12 7 352 340 328 312 280 105 83 77 71 48 61 66 59 74 63 49 86 133 221 257 78 72 69 66
102 97 93 264 269 268 259 254 255 243 226 238 243 235 234 223 29 357 345 347 9 12 7 1 346 337 329 311 287 213 183 195 192 186 187 195 221 224 210 212 216 222 228 249 72 64 44 241 62 36 338 340 55 251 224 177 179 200 233 18 15 355 341 347 129 160 197 228 344 352 7 353 341 331 313 155 137 107 89 78 57 75 85 93 90 45 37 68 73 278 265 139 104 87 75
114 106 100 279 272 266 264 263 260 254 241 247 245 233 232 236 263 0 346 349 8 6 348 342 326 309 305 277 217 183 186 193 197 204 207 213 235 236 215 220 222 220 228 241 42 44 44 44 50 0 338 6 68 224 198 179 179 226 253 35 11 128 161 180 152 152 206 226 231 346 6 5 2 6 63 104 124 114 100 94 90 93 99 106 85 19 51 48 29 356 328 74 86 83 75
121 120 131 262 275 279 282 280 275 263 245 253 251 233 238 249 254 267 293 338 30 339 297 285 265 239 212 195 194 197 208 204 204 205 197 202 225 228 206 222 227 217 219 235 238 43 45 45 45 234 281 32 50 30 11 359 10 251 224 179 180 153 153 180 161 134 225 244 253 357 20 43 46 49 90 111 132 116 101 96 99 95 96 102 91 90 87 347 25 33 15 30 51 79 80
129 126 182 254 270 281 294 294 290 277 260 266 268 265 265 262 249 228 241 225 322 318 303 286 271 248 226 216 232 246 242 215 211 202 193 210 229 218 196 211 214 199 209 225 221 204 48 45 26 17 44 3 40 38 45 55 97 270 225 160 180 161 134 347 19 63 83 270 270 47 74 87 97 111 106 119 145 122 105 99 104 97 91 93 76 68 334 290 74 75 35 52 71 88 92
143 132 237 264 276 288 307 304 310 325 316 292 284 285 276 268 253 249 253 251 290 303 298 282 271 257 244 243 259 264 254 233 234 214 212 259 250 213 203 225 223 200 220 225 210 200 224 45 16 44 71 263 105 117 141 314 341 333 359 45 44 325 6 80 122 117 109 269 269 103 115 117 124 132 110 114 145 128 113 100 91 87 83 74 29 45 313 298 112 114 111 109 107 100 98
157 174 263 268 273 279 294 300 317 340 336 321 312 301 274 270 266 264 269 299 295 286 276 270 263 257 251 251 257 252 232 225 226 214 240 259 239 230 258 266 261 248 257 249 233 236 238 222 225 92 90 185 157 315 341 333 333 342 359 45 44 44 135 124 127 132 126 269 269 123 127 134 146 146 126 125 150 124 111 93 77 79 81 54 43 339 302 95 115 135 122 119 119 124 118
183 258 270 279 278 273 273 281 294 322 327 329 345 348 299 283 285 290 301 321 299 277 272 271 273 275 250 246 252 246 232 239 236 233 254 254 246 258 272 274 268 263 275 281 283 276 271 262 251 71 63 45 169 287 314 341 310 155 189 45 63 72 152 119 122 135 315 296 288 126 120 125 144 143 129 125 149 117 94 83 82 83 77 19 42 315 297 99 104 113 108 101 102 124 116
272 288 302 288 280 268 259 260 260 263 278 298 342 353 330 313 311 317 337 355 333 316 302 295 283 275 229 246 252 250 249 259 264 262 256 258 276 290 280 273 272 294 307 324 336 333 343 342 292 36 43 45 1 295 286 153 154 161 192 240 90 90 -1 104 315 341 333 314 315 134 119 116 127 124 119 119 133 126 97 100 108 102 71 6 17 325 64 99 100 102 98 91 90 79 71
291 296 308 287 270 255 243 246 243 236 249 253 260 303 315 315 313 329 8 17 355 333 322 318 292 243 200 239 247 249 250 260 270 285 284 288 295 311 299 296 311 317 326 342 345 339 3 24 300 222 51 48 0 313 313 154 152 163 202 268 89 89 24 315 315 333 342 314 151 149 134 128 130 123 126 132 128 152 123 114 107 102 17 26 333 340 90 98 95 97 95 90 79 37 62
296 295 298 289 283 268 259 257 244 231 235 226 210 211 217 214 232 264 19 24 9 341 331 328 313 -1 257 261 258 252 252 274 314 339 339 339 334 342 327 325 331 128 184 182 160 200 224 86 133 169 177 57 358 306 160 174 169 176 206 256 90 90 -1 288 296 315 113 119 151 148 134 132 126 122 125 133 133 147 149 118 75 57 350 79 277 18 91 93 90 91 93 89 73 42 75
335 320 297 288 288 284 272 267 252 236 233 224 206 212 212 200 215 214 199 250 357 12 0 353 343 9 342 316 294 274 269 285 315 341 346 349 340 341 129 162 182 153 181 180 152 224 249 121 127 131 133 147 198 192 173 184 180 186 218 245 73 45 359 314 287 135 115 112 133 129 110 104 109 116 124 119 127 101 125 279 50 26 44 67 279 126 101 91 86 87 87 84 75 75 87
352 353 333 313 304 299 264 251 244 242 248 246 233 242 237 221 222 215 215 233 257 24 19 10 355 358 354 333 328 316 297 294 312 346 349 344 339 338 77 80 336 87 134 179 114 296 286 141 145 151 153 144 172 189 185 200 194 203 242 253 41 15 358 341 315 135 115 109 123 126 129 117 110 117 123 97 132 82 16 33 338 9 67 358 338 99 100 76 83 82 82 86 82 81 83
346 355 348 334 332 343 301 268 263 267 271 269 267 265 256 242 241 250 247 237 237 260 23 9 355 356 358 337 338 341 331 318 328 358 357 345 337 331 39 18 359 45 72 173 288 297 319 146 145 159 172 158 165 182 190 205 205 208 243 266 280 286 267 164 151 127 97 95 101 101 115 117 102 68 54 72 41 19 6 68 280 309 72 325 50 88 61 76 82 61 71 78 72 53 35
336 350 356 344 340 355 345 306 286 289 295 298 302 298 300 304 293 273 259 246 248 240 206 325 348 357 359 339 332 337 329 320 325 5 23 321 203 189 182 182 197 73 44 0 315 289 103 131 130 147 173 165 161 180 196 207 197 190 210 242 258 262 203 145 179 182 110 88 88 89 87 95 77 6 55 24 359 15 31 42 335 4 44 352 97 97 66 90 81 35 58 60 36 11 3
339 352 1 358 356 0 355 331 301 290 293 301 302 299 310 330 327 303 273 254 247 227 211 242 274 329 349 343 329 328 310 290 224 158 147 163 177 183 190 192 211 43 17 1 342 315 122 144 138 136 164 163 161 185 199 200 187 183 215 253 253 229 178 148 176 191 183 144 132 118 101 91 13 354 64 349 336 42 60 348 326 43 3 48 87 69 71 82 45 21 47 45 22 0 351
333 349 1 3 6 2 357 352 331 299 285 283 283 285 295 322 324 317 294 260 243 229 219 222 221 235 252 289 292 275 240 208 179 157 140 151 177 211 228 218 226 236 179 145 157 153 143 159 160 149 166 163 170 188 189 192 186 178 255 267 247 198 176 163 170 188 198 193 205 49 70 44 350 17 49 344 338 62 59 325 289 79 316 86 85 28 73 66 17 21 33 26 13 359 350
312 332 349 359 4 0 359 357 347 317 293 288 290 290 291 309 313 315 308 263 242 234 225 230 231 223 218 225 226 203 203 187 177 165 154 168 190 214 221 216 230 245 137 109 122 141 153 169 169 158 166 158 164 184 186 190 187 178 229 243 219 175 174 175 177 191 208 232 270 3 50 3 357 33 21 354 21 75 41 353 38 67 281 92 82 45 79 54 9 21 19 13 10 2 347
323 332 337 347 2 3 1 358 352 332 312 302 292 290 290 294 302 307 317 288 243 228 218 234 241 232 246 256 244 207 206 179 160 159 165 186 198 208 210 201 208 219 156 105 109 129 160 182 172 163 163 152 150 169 181 188 183 178 225 237 202 168 178 189 197 213 235 261 274 1 52 356 23 42 4 16 61 70 17 39 90 129 149 99 84 64 64 28 12 9 0 4 14 12 344
333 335 335 338 356 3 2 359 358 344 329 318 294 293 303 302 303 310 329 334 257 225 220 238 240 228 252 257 231 201 203 181 140 136 169 200 201 206 203 191 206 216 172 127 122 137 176 180 171 171 180 178 158 163 178 180 174 179 236 238 187 173 193 205 221 238 243 242 246 260 23 6 27 35 11 64 84 84 106 109 91 63 106 99 65 22 15 8 4 359 358 3 14 21 8
329 326 319 321 336 354 7 5 1 351 344 338 318 326 353 352 322 327 349 6 37 257 257 253 246 239 255 252 216 193 192 180 161 157 184 205 196 201 202 192 231 236 148 130 132 150 183 172 166 170 186 188 172 175 178 173 175 192 232 231 177 179 207 214 230 240 235 219 238 248 307 23 43 53 96 139 155 165 183 195 173 340 51 32 343 355 4 5 357 2 11 13 19 31 23
345 323 314 308 307 331 16 6 352 353 351 335 313 328 19 26 354 356 18 49 78 271 274 269 262 261 264 255 214 183 180 176 166 175 204 205 184 187 201 200 233 237 115 111 122 146 177 161 159 168 186 186 176 178 172 165 175 203 224 217 182 186 206 219 232 237 236 225 249 246 220 162 144 139 148 156 162 169 190 195 182 186 170 200 273 330 6 8 2 24 44 41 36 45 32
1 335 331 328 315 333 12 345 344 0 354 328 299 311 55 47 12 19 47 60 24 325 300 292 284 282 274 256 214 179 173 173 156 206 222 191 171 181 206 211 236 214 123 110 109 124 145 139 145 171 176 178 180 176 148 133 154 220 231 218 191 203 222 233 239 240 231 211 238 246 223 161 154 155 157 164 171 173 183 178 173 179 182 209 230 208 184 184 165 110 35 34 35 48 42
356 334 332 331 317 344 357 334 348 7 355 345 311 313 76 65 39 51 61 47 2 335 304 297 294 291 291 298 325 34 125 180 176 197 204 174 156 177 220 230 249 199 107 98 94 102 114 114 115 158 146 168 184 172 140 125 129 231 239 222 199 221 238 242 247 244 229 209 239 247 215 148 144 158 160 174 189 185 165 151 154 168 199 228 228 202 189 193 189 213 282 8 12 19 12
350 327 325 316 305 332 342 323 343 6 355 356 342 6 66 45 40 44 44 33 0 338 304 301 302 299 300 319 4 34 60 101 182 173 178 169 161 175 216 230 250 274 65 68 74 86 97 95 86 53 91 121 167 164 142 130 147 178 205 203 201 230 242 237 241 239 227 212 245 246 199 136 129 158 161 175 190 187 164 153 155 170 217 234 229 215 210 226 225 234 244 292 352 17 9
357 344 338 330 311 321 328 308 319 353 355 359 4 42 55 41 50 41 35 21 358 345 318 316 319 308 302 319 21 47 62 56 60 120 143 160 165 176 207 234 249 249 55 61 64 68 87 101 81 39 74 76 98 131 142 136 142 137 167 185 217 241 237 218 220 220 213 207 238 239 180 133 127 155 160 166 182 188 156 148 159 181 227 238 227 214 211 214 216 228 241 243 229 117 30
349 350 338 336 325 331 340 329 328 347 2 24 81 93 67 60 67 47 34 14 350 333 310 311 322 301 290 311 12 46 62 55 56 99 125 147 164 175 197 237 242 229 206 80 70 64 69 61 4 25 49 55 87 121 148 141 142 124 127 139 230 234 224 211 216 217 208 208 229 219 172 148 147 168 173 169 175 186 142 119 136 206 254 251 218 210 213 211 222 228 223 211 203 201 187
