data/GlacierNationalPark/elevation.asc
ncols	771
nrows	726
xllcorner	-1620000
yllcorner	438000
cellsize	100
NODATA_value	-9999
[rows 518 to 554 of 726, columns 0 to 84 of 771]
1976 1996 1998 1930 1966 1991 1982 1938 1903 1870 1806 1828 1844 1862 1920 1954 2008 2137 2161 2202 2250 2235 2232 2248 2336 2384 2425 2449 2387 2348 2318 2241 2239 2209 2168 2169 2197 2168 2055 2039 2032 2054 2102 2085 2047 1969 1937 1908 1875 1791 1728 1673 1580 1562 1567 1575 1594 1609 1634 1665 1677 1698 1698 1711 1728 1733 1771 1810 1806 1797 1800 1833 1891 1950 2005 1977 1920 1833 1807 1770 1725 1644 1562 1529 1446
1823 1833 1940 1876 1896 1941 1933 1911 1880 1845 1777 1782 1796 1813 1877 1934 2001 2098 2145 2186 2226 2232 2232 2235 2341 2399 2454 2457 2348 2303 2275 2206 2201 2176 2143 2121 2160 2157 2049 2012 1967 1953 2016 2010 1973 1960 1912 1876 1829 1734 1670 1623 1571 1574 1583 1603 1620 1644 1687 1736 1766 1797 1813 1823 1819 1849 1891 1857 1855 1837 1852 1900 1957 2006 2018 1956 1915 1840 1806 1769 1735 1681 1661 1640 1509
1763 1763 1785 1808 1764 1801 1809 1808 1850 1820 1753 1736 1751 1812 1863 1925 1982 2073 2127 2170 2233 2232 2246 2289 2434 2458 2425 2399 2313 2251 2230 2169 2159 2140 2114 2059 2097 2116 2028 2001 1957 1918 1957 1950 1900 1855 1813 1755 1710 1619 1588 1586 1587 1597 1601 1619 1663 1702 1750 1795 1820 1844 1857 1869 1887 1928 1927 1953 1953 1926 1943 1975 2010 2016 2016 1954 1916 1845 1807 1777 1731 1715 1694 1671 1518
1725 1716 1718 1730 1702 1757 1787 1761 1756 1750 1690 1699 1730 1813 1851 1906 1956 2050 2100 2150 2230 2239 2271 2341 2425 2403 2370 2325 2281 2228 2172 2074 2056 2051 1986 1964 2028 2035 1997 1972 1936 1885 1886 1867 1832 1781 1731 1690 1656 1588 1585 1590 1635 1668 1694 1747 1753 1814 1811 1866 1875 1885 1904 1941 1958 1979 1966 1987 1998 1978 1979 1997 2026 2056 2014 1972 1932 1856 1832 1790 1759 1743 1723 1690 1516
1705 1686 1658 1659 1640 1692 1746 1711 1699 1698 1674 1714 1749 1832 1884 1944 2001 2112 2165 2206 2239 2261 2318 2398 2380 2341 2319 2267 2233 2185 2128 2029 1989 1978 1930 1925 1914 1916 1893 1877 1840 1763 1817 1796 1776 1711 1673 1639 1592 1600 1607 1622 1704 1732 1764 1833 1812 1856 1926 1991 1973 1960 2009 2062 2032 2007 2002 2028 2030 2003 2005 2025 2053 2067 2046 1984 1940 1874 1857 1845 1810 1775 1714 1617 1512
1672 1632 1565 1532 1537 1627 1681 1668 1656 1647 1703 1740 1776 1862 1922 1987 2041 2155 2212 2265 2328 2374 2398 2368 2293 2253 2201 2198 2171 2117 2061 1979 1949 1918 1896 1888 1878 1879 1849 1830 1800 1726 1695 1677 1658 1630 1618 1623 1616 1632 1653 1700 1794 1809 1838 1899 1883 1926 1993 2043 2028 2014 2048 2093 2096 2065 2076 2070 2076 2084 2036 2043 2080 2090 2059 1999 1926 1900 1876 1865 1801 1735 1660 1538 1499
1672 1640 1546 1505 1504 1521 1542 1550 1565 1676 1735 1770 1808 1898 1965 2023 2132 2190 2246 2300 2361 2386 2360 2278 2241 2200 2143 2079 2042 1996 1943 1916 1893 1904 1870 1860 1849 1846 1809 1787 1765 1694 1665 1655 1637 1643 1648 1664 1729 1771 1831 1885 1934 1946 1960 1959 1952 1978 2036 2092 2077 2071 2096 2128 2114 2089 2105 2113 2120 2147 2138 2152 2168 2140 2082 2041 1929 1875 1836 1811 1735 1676 1622 1522 1505
1670 1620 1537 1502 1476 1490 1483 1545 1597 1678 1733 1776 1825 1939 2000 2060 2153 2195 2256 2295 2335 2342 2308 2228 2190 2150 2109 2053 2021 1986 1935 1921 1902 1881 1843 1830 1813 1776 1758 1755 1737 1667 1649 1646 1657 1685 1703 1736 1825 1874 1908 1992 2005 2015 2030 2062 2057 2091 2161 2171 2162 2121 2131 2139 2122 2107 2145 2202 2198 2214 2211 2220 2198 2130 2081 2040 1909 1849 1785 1732 1667 1628 1587 1539 1542
1681 1621 1517 1480 1454 1463 1490 1538 1586 1681 1713 1758 1815 1930 1973 2017 2118 2160 2200 2234 2264 2243 2208 2136 2140 2112 2085 2031 2006 1990 1973 1955 1937 1913 1874 1852 1830 1788 1764 1733 1695 1689 1699 1705 1751 1806 1777 1835 1913 1953 1989 2070 2084 2099 2100 2122 2120 2151 2203 2213 2197 2192 2184 2176 2164 2162 2188 2260 2286 2276 2242 2205 2121 2097 2054 2010 1876 1814 1759 1675 1647 1614 1594 1604 1602
1676 1621 1508 1466 1431 1429 1454 1491 1556 1668 1696 1748 1848 1893 1929 1962 2068 2112 2149 2235 2246 2219 2182 2117 2099 2081 2084 2084 2082 2077 2020 2008 1992 1966 1909 1880 1851 1794 1766 1739 1725 1725 1738 1751 1837 1904 1957 2002 2061 2111 2162 2231 2168 2180 2167 2175 2184 2206 2253 2257 2245 2233 2216 2211 2193 2181 2226 2340 2309 2223 2176 2141 2092 2054 2027 1981 1841 1784 1736 1656 1629 1612 1619 1634 1641
1683 1630 1514 1464 1435 1421 1442 1476 1522 1636 1685 1720 1782 1819 1863 1933 2018 2052 2111 2203 2227 2205 2174 2122 2106 2103 2118 2126 2134 2160 2159 2141 2113 2029 1990 1946 1874 1806 1782 1783 1778 1771 1777 1794 1913 1984 2048 2096 2147 2195 2233 2311 2336 2314 2292 2305 2295 2310 2305 2304 2302 2284 2264 2264 2244 2224 2298 2326 2279 2191 2131 2094 2071 2030 1969 1905 1783 1730 1678 1632 1619 1633 1644 1676 1683
1686 1635 1530 1468 1429 1404 1421 1456 1511 1616 1651 1680 1763 1799 1825 1856 1949 1989 2039 2173 2222 2212 2183 2135 2129 2128 2133 2176 2195 2225 2212 2179 2128 2054 2030 1989 1946 1876 1891 1907 1904 1892 1892 1833 1964 2059 2136 2183 2239 2290 2317 2376 2401 2385 2374 2366 2346 2355 2395 2414 2415 2399 2404 2369 2304 2309 2320 2276 2189 2144 2096 2045 2016 1974 1914 1852 1736 1694 1657 1656 1670 1685 1707 1754 1748
1642 1572 1534 1474 1426 1384 1409 1443 1545 1584 1628 1671 1721 1757 1799 1886 1927 1974 2031 2165 2216 2243 2236 2201 2194 2184 2254 2220 2259 2307 2257 2207 2160 2084 2061 2039 1988 1939 1950 1956 1954 1957 1954 1944 2003 2080 2171 2333 2393 2382 2398 2463 2480 2484 2443 2425 2408 2408 2447 2503 2495 2414 2363 2317 2278 2233 2217 2176 2078 2048 2006 2000 1938 1904 1855 1754 1704 1670 1651 1683 1701 1719 1773 1781 1780
1605 1556 1531 1472 1424 1372 1393 1416 1487 1536 1581 1625 1717 1757 1788 1876 1927 1975 2025 2144 2197 2233 2259 2241 2230 2224 2339 2353 2391 2304 2266 2242 2194 2114 2072 2047 1982 1994 2001 1999 2028 2041 2022 1987 2022 2086 2185 2354 2367 2381 2402 2427 2422 2419 2447 2483 2479 2501 2533 2512 2476 2367 2313 2262 2208 2168 2167 2135 2039 1993 1952 1908 1827 1797 1764 1691 1669 1658 1665 1715 1751 1776 1806 1800 1802
1588 1540 1524 1473 1428 1360 1383 1404 1472 1519 1556 1592 1687 1738 1785 1870 1913 1957 2015 2121 2169 2206 2289 2305 2287 2301 2415 2420 2434 2328 2287 2257 2222 2130 2114 2090 2063 2078 2076 2072 2078 2092 2073 1996 2022 2081 2181 2310 2312 2329 2344 2346 2343 2353 2381 2392 2403 2462 2476 2414 2369 2293 2285 2232 2176 2095 2093 2082 1986 1935 1889 1855 1786 1764 1740 1689 1689 1694 1716 1798 1834 1852 1852 1831 1821
1634 1543 1508 1457 1387 1357 1371 1389 1439 1481 1527 1583 1680 1723 1769 1857 1905 1951 1994 2085 2128 2160 2271 2338 2349 2382 2488 2487 2465 2376 2318 2285 2249 2152 2130 2115 2107 2118 2111 2116 2116 2111 2092 2010 2009 2078 2170 2266 2273 2279 2289 2294 2296 2305 2334 2338 2353 2399 2422 2377 2332 2250 2201 2144 2043 1984 1950 1933 1921 1876 1835 1780 1757 1739 1723 1712 1722 1722 1793 1833 1870 1888 1874 1863 1827
1673 1570 1522 1476 1398 1366 1344 1361 1434 1493 1548 1651 1690 1734 1780 1863 1904 1948 2037 2082 2118 2153 2269 2335 2402 2486 2455 2443 2431 2427 2402 2327 2282 2179 2161 2152 2149 2147 2144 2146 2130 2125 2100 2011 2018 2080 2139 2164 2183 2192 2220 2219 2263 2273 2294 2311 2324 2349 2369 2359 2304 2212 2149 2098 1977 1933 1899 1878 1823 1803 1789 1796 1798 1783 1742 1762 1759 1753 1823 1868 1898 1910 1898 1872 1826
1707 1599 1541 1493 1412 1372 1337 1349 1417 1461 1514 1603 1655 1727 1786 1862 1910 1956 2046 2087 2122 2159 2271 2334 2401 2435 2409 2395 2379 2357 2356 2325 2240 2219 2209 2206 2187 2174 2171 2150 2134 2122 2094 2011 2030 2077 2105 2115 2124 2128 2164 2177 2190 2211 2247 2256 2261 2287 2295 2347 2283 2160 2082 2023 1927 1887 1863 1847 1812 1800 1805 1826 1843 1854 1839 1833 1822 1821 1885 1914 1914 1919 1914 1875 1843
1739 1630 1565 1517 1422 1380 1340 1349 1397 1434 1482 1605 1666 1720 1759 1842 1899 1952 2039 2073 2113 2154 2267 2329 2390 2402 2384 2370 2351 2303 2290 2273 2228 2221 2213 2205 2176 2164 2153 2115 2103 2085 2064 2016 2039 2063 2076 2074 2073 2078 2110 2126 2142 2193 2219 2234 2232 2248 2247 2213 2106 2045 1993 1949 1892 1868 1851 1837 1833 1829 1837 1876 1903 1897 1871 1864 1859 1863 1902 1925 1938 1937 1928 1904 1879
1764 1698 1621 1558 1446 1394 1344 1361 1388 1427 1486 1603 1638 1670 1753 1811 1880 1928 2003 2048 2100 2147 2261 2321 2387 2390 2365 2347 2334 2265 2243 2231 2208 2200 2193 2183 2152 2142 2134 2106 2091 2076 2059 2053 2054 2057 2055 2055 2055 2055 2069 2090 2101 2147 2176 2200 2212 2214 2208 2170 2083 2030 1978 1946 1912 1902 1893 1923 1935 1942 1955 1935 1940 1922 1904 1895 1892 1909 1917 1935 1950 1949 1937 1916 1896
1732 1692 1631 1571 1453 1393 1337 1356 1388 1420 1470 1576 1608 1660 1782 1833 1876 1917 2007 2057 2102 2194 2247 2310 2363 2389 2353 2324 2244 2208 2192 2187 2184 2177 2179 2153 2138 2131 2125 2105 2092 2076 2065 2066 2063 2064 2063 2061 2063 2075 2093 2099 2101 2103 2098 2107 2173 2192 2179 2147 2071 2024 1979 1963 1952 1946 1969 1989 1989 2002 2022 2016 1995 1975 1966 1958 1956 1957 1935 1950 1960 1968 1952 1927 1902
1658 1626 1595 1548 1432 1381 1332 1363 1395 1435 1487 1607 1667 1725 1833 1879 1926 1964 2051 2079 2116 2190 2232 2285 2334 2380 2335 2293 2217 2196 2187 2189 2182 2173 2164 2145 2134 2124 2118 2108 2092 2083 2078 2074 2073 2077 2072 2082 2089 2109 2105 2114 2121 2114 2104 2105 2113 2119 2126 2123 2095 2076 2004 2004 2003 2015 2051 2048 2046 2073 2094 2047 2021 2002 1991 1985 1983 1979 1973 1972 1972 1979 1970 1963 1926
1487 1492 1476 1459 1410 1365 1320 1368 1399 1438 1491 1619 1689 1734 1818 1861 1903 1943 2035 2066 2085 2178 2224 2271 2315 2359 2306 2264 2210 2199 2194 2197 2179 2171 2162 2147 2137 2126 2122 2127 2123 2116 2093 2094 2103 2108 2091 2088 2099 2114 2115 2129 2139 2128 2116 2109 2107 2101 2105 2111 2129 2139 2144 2126 2128 2150 2171 2193 2118 2140 2104 2069 2043 2030 2014 1996 1999 1976 1976 1976 1976 2004 2001 1993 1988
1405 1418 1411 1365 1348 1326 1295 1351 1383 1426 1552 1614 1661 1692 1761 1806 1852 1937 1991 2028 2063 2173 2224 2264 2348 2333 2286 2259 2228 2214 2203 2185 2177 2170 2164 2154 2145 2135 2135 2148 2143 2130 2117 2118 2125 2129 2114 2111 2120 2136 2129 2124 2121 2131 2119 2109 2109 2112 2108 2109 2137 2173 2199 2201 2221 2236 2228 2277 2258 2227 2140 2100 2082 2064 2016 1999 1999 1977 1975 1985 1998 2025 2024 2020 2015
1363 1345 1328 1303 1307 1295 1279 1342 1377 1419 1510 1530 1570 1633 1758 1790 1811 1902 1951 1999 2039 2152 2197 2235 2337 2330 2293 2272 2237 2222 2212 2195 2191 2189 2192 2196 2188 2181 2157 2162 2161 2148 2152 2161 2160 2164 2145 2132 2139 2141 2133 2126 2128 2125 2130 2111 2124 2126 2130 2122 2126 2160 2210 2285 2315 2304 2308 2313 2270 2223 2136 2108 2081 2051 2010 2000 2003 2024 2028 2038 2051 2043 2041 2039 2040
1395 1354 1320 1264 1256 1259 1279 1331 1364 1397 1483 1532 1592 1666 1803 1832 1862 1931 1948 1975 2016 2130 2185 2225 2332 2329 2300 2282 2245 2235 2235 2224 2219 2222 2220 2224 2218 2210 2208 2209 2205 2215 2247 2247 2199 2203 2186 2170 2170 2160 2154 2147 2137 2131 2126 2116 2117 2120 2130 2138 2123 2118 2142 2280 2347 2401 2366 2306 2258 2206 2137 2091 2043 2015 2006 2018 2030 2055 2056 2069 2077 2075 2080 2090 2104
1496 1451 1407 1308 1254 1236 1278 1317 1366 1407 1508 1563 1623 1797 1851 1883 1915 1965 1978 1993 2082 2142 2195 2238 2341 2331 2307 2288 2254 2251 2256 2253 2253 2256 2251 2251 2249 2243 2257 2265 2271 2281 2280 2280 2281 2273 2260 2242 2229 2228 2184 2182 2146 2132 2129 2121 2117 2120 2130 2142 2123 2120 2127 2247 2327 2375 2308 2268 2233 2200 2123 2077 2024 2009 2021 2053 2066 2079 2080 2097 2104 2102 2109 2119 2118
1542 1489 1440 1325 1266 1227 1264 1298 1346 1398 1517 1577 1632 1818 1879 1915 1954 2005 2013 2023 2105 2158 2210 2248 2348 2336 2316 2282 2286 2292 2301 2321 2318 2326 2326 2295 2314 2305 2322 2326 2323 2317 2307 2308 2315 2291 2282 2268 2251 2254 2248 2234 2172 2155 2145 2136 2121 2129 2141 2142 2122 2126 2122 2233 2314 2358 2302 2263 2231 2204 2144 2108 2075 2068 2097 2114 2122 2130 2106 2135 2134 2130 2139 2150 2108
1588 1517 1453 1341 1280 1231 1257 1290 1332 1381 1495 1553 1612 1732 1791 1840 1885 2009 2058 2053 2126 2180 2229 2266 2362 2345 2325 2300 2308 2317 2333 2350 2352 2361 2358 2407 2430 2429 2411 2397 2387 2344 2339 2337 2343 2307 2300 2284 2273 2278 2272 2250 2193 2175 2160 2146 2137 2159 2168 2122 2126 2110 2131 2223 2298 2348 2299 2270 2240 2213 2166 2144 2115 2120 2141 2152 2157 2152 2193 2214 2184 2167 2143 2118 2084
1575 1512 1394 1342 1291 1243 1239 1271 1310 1432 1500 1553 1599 1675 1726 1798 1869 1991 2056 2110 2221 2264 2307 2343 2408 2373 2332 2324 2334 2348 2378 2389 2386 2385 2396 2455 2459 2451 2434 2413 2408 2385 2380 2371 2351 2336 2310 2291 2294 2301 2290 2270 2214 2200 2191 2156 2144 2174 2172 2128 2125 2106 2131 2217 2284 2338 2311 2318 2303 2208 2189 2169 2153 2169 2183 2198 2180 2186 2243 2229 2178 2158 2135 2074 2052
1538 1492 1390 1336 1291 1257 1207 1247 1291 1424 1465 1509 1551 1651 1705 1776 1908 1972 2043 2113 2267 2310 2352 2430 2434 2404 2392 2390 2400 2424 2421 2427 2432 2411 2394 2427 2440 2438 2443 2426 2439 2403 2397 2380 2356 2339 2304 2275 2268 2285 2302 2302 2267 2250 2214 2174 2165 2178 2155 2123 2111 2104 2127 2211 2282 2330 2343 2359 2341 2277 2242 2238 2224 2231 2238 2234 2216 2229 2246 2220 2168 2145 2117 2065 2044
1512 1472 1387 1330 1289 1255 1200 1240 1293 1436 1500 1549 1586 1691 1751 1830 1914 1975 2046 2121 2271 2302 2339 2407 2417 2425 2431 2426 2427 2420 2376 2363 2365 2364 2308 2301 2317 2332 2416 2426 2431 2406 2395 2379 2339 2324 2294 2259 2222 2249 2268 2306 2285 2264 2249 2216 2203 2173 2126 2100 2098 2087 2136 2218 2286 2331 2380 2381 2355 2287 2262 2263 2252 2250 2254 2247 2216 2221 2228 2201 2145 2120 2103 2064 2046
1541 1489 1382 1325 1276 1242 1191 1234 1294 1430 1496 1553 1613 1719 1767 1833 1963 2019 2075 2093 2150 2188 2240 2362 2379 2411 2448 2451 2425 2403 2356 2335 2321 2312 2259 2245 2267 2293 2299 2322 2359 2354 2348 2347 2327 2302 2282 2250 2188 2199 2221 2278 2290 2270 2244 2212 2204 2175 2120 2094 2061 2061 2184 2245 2297 2403 2413 2390 2366 2296 2291 2294 2273 2267 2260 2238 2195 2174 2199 2162 2138 2112 2080 2051 2048
1518 1474 1372 1321 1269 1192 1178 1236 1304 1428 1493 1556 1686 1748 1791 1821 1931 1995 2034 2061 2087 2142 2197 2262 2314 2363 2413 2383 2360 2372 2338 2316 2297 2278 2217 2207 2230 2265 2265 2263 2283 2323 2314 2316 2295 2268 2247 2210 2143 2117 2122 2235 2270 2253 2226 2195 2183 2165 2108 2081 2050 2063 2197 2247 2303 2410 2441 2412 2360 2222 2192 2174 2272 2275 2261 2228 2174 2130 2130 2157 2132 2099 2069 2046 2038
1505 1451 1345 1296 1258 1175 1181 1242 1304 1418 1471 1535 1633 1659 1737 1769 1913 1968 1993 2005 2042 2088 2130 2252 2313 2360 2344 2321 2309 2292 2255 2234 2227 2182 2153 2174 2199 2220 2217 2219 2257 2294 2276 2266 2255 2242 2215 2180 2118 2092 2078 2112 2163 2177 2161 2141 2131 2153 2101 2072 2044 2064 2206 2248 2306 2394 2377 2352 2300 2171 2132 2116 2113 2135 2144 2122 2101 2044 2009 2141 2133 2098 2067 2045 2035
1498 1445 1340 1291 1254 1163 1182 1230 1286 1386 1441 1496 1571 1611 1678 1735 1832 1856 1873 1925 1992 2035 2106 2261 2318 2326 2276 2252 2248 2246 2205 2187 2171 2131 2111 2097 2130 2112 2099 2116 2200 2233 2239 2218 2209 2201 2172 2114 2085 2060 2033 2052 2089 2115 2109 2099 2097 2101 2079 2040 2018 2143 2211 2251 2312 2313 2306 2276 2183 2129 2097 2080 2058 2062 2070 2055 2023 1997 1956 2003 2025 2020 2017 1988 1967
1499 1402 1350 1308 1246 1160 1181 1213 1300 1352 1409 1459 1523 1587 1660 1694 1765 1795 1820 1939 1993 2052 2127 2291 2329 2284 2231 2207 2193 2193 2160 2136 2117 2087 2070 2050 2095 2077 2063 2071 2154 2193 2184 2143 2096 2134 2115 2047 2048 2018 1994 1999 2024 2052 2046 2047 2050 2062 2056 2025 2017 2151 2216 2274 2321 2215 2176 2144 2077 2044 2062 2045 2020 1999 1995 1971 1953 1940 1903 1937 1958 1944 1951 1931 1912
