data/GlacierNationalPark/elevation.asc
ncols	771
nrows	726
xllcorner	-1620000
yllcorner	438000
cellsize	100
NODATA_value	-9999
[rows 666 to 702 of 726, columns 425 to 509 of 771]
2048 2108 2148 2163 2182 2191 2199 2200 2193 2192 2188 2181 2180 2177 2164 2115 2091 2070 2010 1993 1985 1976 1949 1933 1912 1887 1880 1867 1859 1863 1871 1882 1924 1954 1990 2033 2115 2155 2194 2247 2283 2305 2312 2359 2392 2432 2520 2531 2519 2483 2437 2412 2381 2359 2368 2359 2342 2282 2299 2295 2218 2197 2203 2189 2168 2169 2147 2141 2166 2192 2235 2227 2210 2203 2226 2243 2257 2273 2365 2426 2492 2555 2637 2584 2524
2059 2113 2151 2165 2197 2205 2209 2203 2193 2188 2184 2171 2167 2157 2115 2087 2063 2049 1992 1975 1968 1948 1935 1924 1911 1894 1881 1867 1855 1855 1861 1871 1921 1951 1983 2022 2095 2129 2168 2242 2276 2310 2338 2392 2419 2445 2507 2512 2474 2435 2377 2348 2320 2311 2350 2331 2295 2251 2259 2246 2167 2146 2141 2139 2136 2143 2116 2101 2136 2158 2176 2184 2186 2200 2245 2261 2261 2280 2366 2427 2496 2626 2635 2571 2521
2055 2100 2151 2174 2208 2211 2212 2200 2191 2181 2165 2121 2105 2082 2052 2038 2022 2028 1982 1966 1958 1941 1929 1921 1915 1908 1892 1872 1848 1849 1853 1864 1905 1938 1970 2044 2083 2122 2158 2229 2261 2295 2348 2369 2388 2407 2468 2490 2468 2430 2378 2352 2325 2295 2281 2256 2225 2202 2198 2185 2144 2130 2118 2112 2110 2106 2080 2075 2106 2126 2150 2173 2189 2208 2256 2271 2284 2310 2387 2452 2519 2624 2584 2562 2512
2048 2091 2149 2187 2216 2218 2212 2192 2181 2165 2143 2095 2079 2063 2038 2027 2022 2011 2005 1993 1986 1970 1965 1934 1932 1914 1899 1876 1849 1847 1850 1862 1908 1938 1971 2042 2077 2112 2146 2210 2232 2249 2277 2287 2296 2356 2422 2457 2474 2403 2377 2363 2347 2302 2282 2263 2215 2203 2192 2172 2139 2121 2104 2073 2067 2050 2032 2049 2075 2099 2126 2168 2188 2210 2255 2277 2307 2348 2420 2469 2527 2579 2560 2525 2484
2050 2086 2127 2194 2196 2194 2190 2181 2165 2151 2107 2088 2075 2062 2046 2045 2047 2037 2038 2024 2014 1996 1990 1975 1964 1928 1909 1882 1845 1845 1850 1861 1906 1936 1963 2033 2064 2090 2119 2178 2195 2214 2248 2254 2262 2283 2360 2405 2456 2455 2425 2380 2359 2319 2302 2287 2235 2225 2215 2195 2164 2142 2114 2067 2046 2033 2025 2021 2032 2063 2128 2156 2182 2206 2256 2298 2344 2424 2463 2496 2525 2528 2520 2496 2423
2045 2077 2117 2188 2187 2185 2182 2160 2149 2142 2134 2124 2123 2115 2074 2075 2071 2064 2058 2044 2037 2018 2011 1993 1957 1935 1912 1882 1841 1845 1851 1879 1904 1935 1971 2027 2048 2061 2081 2137 2156 2173 2223 2239 2252 2281 2358 2395 2446 2505 2477 2450 2430 2392 2374 2349 2303 2282 2234 2215 2192 2172 2145 2085 2060 2036 2022 2014 2024 2047 2113 2144 2172 2198 2259 2324 2370 2433 2449 2449 2494 2479 2466 2449 2388
2031 2061 2100 2181 2183 2184 2177 2156 2154 2153 2143 2142 2143 2136 2118 2114 2103 2089 2095 2088 2066 2042 2033 2011 1964 1939 1913 1882 1840 1845 1849 1876 1905 1940 1973 2036 2068 2101 2159 2174 2182 2187 2223 2239 2258 2334 2367 2402 2446 2547 2534 2516 2470 2444 2423 2401 2346 2321 2294 2275 2236 2218 2198 2141 2081 2049 2026 2011 2018 2032 2099 2128 2158 2188 2251 2312 2363 2411 2417 2403 2398 2370 2349 2329 2310
2008 2043 2078 2172 2183 2183 2173 2160 2161 2162 2157 2157 2157 2149 2136 2124 2117 2110 2112 2114 2107 2078 2060 2037 1979 1945 1916 1884 1839 1844 1849 1876 1905 1938 1973 2039 2074 2113 2192 2224 2243 2236 2254 2282 2312 2379 2401 2436 2483 2577 2595 2589 2542 2514 2488 2460 2397 2370 2342 2297 2272 2259 2231 2168 2125 2080 2026 2010 2011 2020 2057 2106 2141 2206 2241 2299 2355 2379 2372 2355 2332 2313 2303 2298 2304
1992 2024 2068 2168 2184 2188 2174 2171 2177 2182 2174 2166 2160 2153 2150 2144 2140 2130 2133 2129 2113 2091 2069 2042 1981 1945 1913 1880 1837 1838 1845 1881 1908 1936 1970 2038 2077 2118 2205 2244 2279 2282 2290 2313 2346 2407 2430 2463 2510 2579 2550 2525 2521 2522 2496 2516 2469 2439 2404 2345 2324 2294 2258 2191 2157 2107 2043 2018 2007 2013 2037 2066 2100 2169 2209 2264 2306 2340 2328 2307 2279 2275 2277 2282 2294
1989 2022 2067 2166 2187 2193 2179 2176 2182 2189 2186 2180 2178 2182 2186 2186 2186 2146 2150 2149 2124 2100 2072 2044 1982 1944 1910 1848 1837 1839 1844 1883 1915 1945 1997 2026 2061 2104 2188 2243 2286 2313 2323 2350 2380 2445 2467 2501 2525 2548 2527 2480 2468 2480 2460 2429 2455 2463 2443 2414 2405 2332 2280 2209 2175 2130 2060 2031 2009 2009 2022 2053 2084 2149 2191 2244 2272 2264 2242 2233 2223 2230 2236 2262 2281
1981 2033 2090 2170 2188 2197 2185 2181 2187 2196 2204 2195 2193 2201 2203 2205 2201 2169 2193 2199 2132 2109 2076 2040 1979 1941 1907 1846 1835 1837 1842 1888 1922 1955 2019 2047 2075 2108 2175 2213 2255 2344 2388 2422 2458 2512 2506 2495 2487 2510 2501 2447 2415 2436 2422 2390 2420 2412 2395 2367 2365 2361 2319 2281 2232 2189 2098 2056 2015 1999 2011 2038 2062 2124 2166 2209 2225 2215 2206 2211 2209 2213 2220 2227 2251
1999 2043 2155 2175 2191 2199 2202 2197 2194 2213 2217 2215 2217 2222 2222 2228 2220 2192 2207 2203 2130 2106 2073 2036 1965 1929 1897 1846 1834 1838 1844 1891 1928 1959 2026 2058 2088 2125 2198 2233 2265 2342 2389 2439 2475 2476 2463 2421 2390 2409 2415 2398 2364 2390 2390 2350 2373 2354 2336 2319 2327 2316 2306 2284 2242 2194 2110 2064 2029 1990 1992 2012 2030 2077 2139 2168 2182 2186 2181 2190 2187 2182 2190 2221 2252
2018 2057 2159 2176 2191 2203 2212 2203 2209 2227 2235 2251 2260 2263 2238 2250 2222 2214 2206 2196 2123 2098 2064 1991 1956 1922 1888 1839 1836 1840 1873 1905 1937 1971 2038 2071 2098 2137 2215 2253 2290 2368 2409 2445 2470 2431 2427 2400 2336 2340 2356 2351 2279 2293 2298 2260 2275 2266 2287 2277 2293 2268 2257 2240 2212 2174 2099 2060 2033 1989 1988 2003 2013 2060 2081 2096 2122 2129 2131 2143 2167 2183 2193 2233 2269
2032 2069 2160 2180 2195 2208 2219 2209 2218 2230 2240 2268 2286 2287 2265 2240 2196 2179 2174 2160 2101 2086 2052 1982 1948 1914 1879 1835 1833 1839 1876 1906 1940 1972 2041 2076 2111 2190 2230 2266 2303 2365 2391 2438 2437 2389 2377 2372 2294 2290 2305 2283 2245 2239 2242 2220 2231 2217 2193 2188 2189 2164 2130 2122 2108 2144 2079 2050 2026 1985 1986 1995 2000 2039 2054 2074 2103 2110 2121 2140 2175 2193 2212 2262 2295
2075 2107 2177 2211 2218 2215 2227 2226 2235 2239 2252 2282 2303 2293 2265 2242 2199 2173 2157 2142 2088 2058 2024 1957 1921 1889 1857 1834 1832 1840 1879 1910 1942 1971 2042 2079 2115 2195 2232 2266 2296 2345 2368 2391 2374 2350 2297 2280 2236 2239 2247 2243 2214 2192 2190 2181 2181 2166 2141 2133 2129 2113 2084 2074 2061 2041 2026 2010 1993 1973 1973 1982 2006 2017 2038 2061 2093 2100 2125 2159 2177 2197 2221 2294 2341
2087 2116 2179 2217 2229 2250 2261 2268 2270 2290 2293 2296 2315 2293 2265 2242 2192 2163 2144 2099 2072 2043 2003 1942 1906 1877 1851 1830 1834 1844 1879 1906 1941 1973 2043 2079 2119 2196 2229 2257 2276 2318 2340 2353 2323 2300 2260 2232 2203 2173 2153 2153 2137 2108 2094 2083 2133 2117 2088 2078 2073 2069 2043 2037 2030 2008 1996 1987 1979 1962 1958 1963 1985 2008 2028 2049 2083 2100 2123 2166 2187 2210 2242 2333 2392
2084 2109 2176 2213 2232 2252 2266 2276 2275 2284 2284 2275 2282 2279 2268 2247 2199 2154 2131 2090 2061 2028 1993 1927 1897 1864 1831 1828 1834 1843 1882 1909 1938 1998 2035 2073 2111 2179 2207 2218 2254 2285 2298 2303 2283 2259 2232 2187 2170 2144 2116 2103 2084 2069 2058 2047 2045 2031 2008 1999 1996 1992 2008 2005 1996 1981 1976 1968 1963 1946 1949 1957 1984 2001 2012 2025 2052 2071 2092 2159 2200 2244 2291 2356 2407
2089 2103 2168 2204 2227 2248 2259 2270 2269 2254 2250 2242 2238 2248 2257 2243 2205 2159 2125 2071 2038 1999 1964 1902 1882 1854 1827 1825 1829 1841 1882 1907 1935 1996 2028 2062 2094 2158 2184 2185 2185 2195 2193 2204 2198 2175 2209 2123 2125 2104 2075 2057 2037 2025 2009 2007 2009 1997 1974 1965 1966 1957 1953 1946 1943 1937 1938 1936 1943 1937 1948 1955 1963 1968 1979 1990 2019 2042 2067 2138 2178 2211 2240 2306 2340
2087 2122 2147 2182 2207 2237 2243 2247 2239 2238 2229 2217 2196 2208 2224 2222 2181 2142 2103 2042 2013 1978 1948 1889 1860 1835 1822 1824 1829 1843 1880 1904 1931 1990 2022 2051 2074 2125 2144 2143 2142 2141 2147 2154 2147 2136 2106 2064 2024 2013 1998 1980 1968 1991 1977 1972 1972 1963 1945 1940 1940 1936 1932 1924 1920 1921 1925 1924 1926 1922 1920 1924 1942 1958 1972 1989 2005 2024 2050 2112 2147 2181 2230 2266 2290
2081 2119 2140 2173 2197 2231 2234 2234 2230 2213 2201 2186 2145 2136 2144 2166 2144 2110 2067 2008 1987 1960 1904 1874 1849 1827 1821 1822 1828 1861 1877 1895 1919 1967 1990 2011 2026 2083 2096 2098 2096 2093 2102 2098 2093 2083 2047 2018 1995 1970 1961 1944 1932 1921 1910 1911 1907 1906 1900 1919 1922 1918 1911 1900 1900 1908 1913 1915 1916 1924 1933 1938 1955 1973 1989 2002 2010 2024 2041 2070 2087 2144 2203 2243 2267
2077 2116 2137 2165 2186 2223 2228 2225 2220 2205 2191 2176 2132 2117 2105 2092 2065 2032 1997 1946 1931 1938 1884 1857 1836 1821 1824 1825 1833 1863 1872 1891 1911 1950 1966 1979 2002 1999 1998 1995 2000 1999 1996 2032 2039 2026 1995 1969 1961 1940 1913 1908 1899 1889 1882 1884 1884 1882 1880 1880 1881 1883 1887 1892 1895 1901 1906 1913 1926 1944 1957 1971 1985 1999 2012 2013 2021 2032 2040 2061 2078 2093 2167 2219 2250
2072 2118 2145 2162 2172 2202 2224 2218 2204 2196 2180 2168 2114 2090 2070 2053 2025 2000 1970 1919 1900 1883 1844 1829 1823 1816 1829 1838 1843 1862 1869 1885 1901 1930 1942 1947 1958 1957 1954 1950 1961 1958 1956 1963 1965 1946 1913 1898 1879 1882 1883 1874 1871 1866 1865 1867 1869 1866 1867 1872 1875 1890 1898 1902 1918 1924 1936 1960 2005 2024 2036 2073 2027 2040 2042 2042 2046 2048 2072 2071 2077 2095 2166 2224 2255
2069 2119 2144 2161 2177 2191 2207 2206 2186 2172 2155 2121 2099 2068 2048 2016 1996 1969 1913 1891 1876 1862 1829 1819 1814 1816 1831 1837 1840 1846 1856 1861 1868 1887 1917 1916 1919 1916 1916 1917 1930 1927 1927 1929 1926 1907 1877 1866 1857 1859 1850 1853 1858 1861 1870 1874 1861 1868 1876 1888 1895 1913 1920 1923 1944 1957 1972 1996 2054 2079 2092 2128 2122 2116 2105 2126 2117 2122 2100 2089 2086 2093 2174 2230 2260
2070 2119 2144 2159 2172 2181 2195 2201 2182 2162 2145 2114 2094 2060 2018 1957 1936 1914 1894 1869 1855 1839 1813 1810 1810 1825 1829 1832 1833 1839 1849 1851 1857 1863 1866 1866 1872 1873 1872 1877 1905 1907 1905 1897 1891 1873 1851 1847 1847 1845 1859 1863 1868 1875 1890 1897 1905 1909 1914 1939 1963 1990 1996 1957 1982 1995 2018 2042 2105 2134 2164 2184 2162 2149 2137 2151 2150 2159 2178 2145 2143 2135 2189 2229 2248
2066 2124 2142 2156 2167 2176 2186 2194 2178 2158 2136 2101 2086 2052 2015 1944 1924 1902 1865 1840 1809 1796 1798 1804 1810 1821 1824 1826 1825 1832 1840 1841 1841 1846 1855 1851 1857 1858 1857 1857 1872 1870 1867 1854 1841 1841 1838 1839 1841 1847 1872 1879 1884 1905 1914 1924 1930 1945 1953 1964 2017 2024 2024 2022 2052 2080 2120 2196 2225 2223 2265 2245 2209 2182 2167 2160 2182 2191 2204 2173 2166 2158 2195 2212 2232
2100 2123 2136 2148 2157 2164 2171 2174 2162 2152 2123 2085 2062 2041 2009 1933 1914 1896 1860 1835 1803 1794 1812 1815 1810 1807 1807 1810 1809 1815 1821 1833 1830 1837 1846 1840 1848 1848 1844 1842 1854 1849 1842 1839 1834 1835 1841 1847 1857 1872 1933 1940 1943 1933 1944 1955 1963 1985 1999 2004 2043 2045 2039 2035 2055 2088 2138 2232 2250 2287 2364 2351 2290 2259 2205 2170 2205 2218 2214 2202 2196 2181 2193 2204 2220
2099 2121 2133 2145 2153 2160 2164 2170 2155 2138 2111 2043 2009 1989 1951 1926 1897 1881 1851 1820 1797 1807 1817 1815 1806 1801 1804 1808 1800 1803 1806 1814 1816 1816 1815 1812 1816 1815 1831 1830 1833 1831 1831 1835 1842 1848 1863 1878 1886 1902 1966 1971 1972 1991 2009 2026 2042 2080 2090 2094 2055 2059 2046 2040 2054 2089 2140 2242 2275 2305 2370 2390 2331 2291 2239 2214 2225 2239 2254 2236 2239 2243 2205 2227 2242
2094 2118 2134 2143 2151 2155 2158 2162 2154 2143 2113 2037 2004 1979 1942 1911 1881 1856 1823 1797 1790 1806 1813 1811 1802 1795 1801 1803 1790 1788 1796 1809 1803 1798 1793 1799 1815 1816 1821 1831 1836 1842 1858 1871 1869 1879 1913 1925 1933 1979 1999 1994 1997 1994 2021 2046 2111 2146 2162 2136 2083 2069 2052 2040 2054 2096 2142 2237 2294 2330 2377 2423 2373 2327 2265 2239 2227 2252 2275 2256 2252 2283 2273 2262 2297
2081 2110 2129 2142 2139 2144 2151 2150 2144 2135 2111 2033 2003 1975 1931 1910 1881 1848 1803 1787 1796 1801 1802 1796 1785 1785 1790 1785 1780 1776 1786 1800 1786 1781 1791 1812 1826 1824 1824 1839 1854 1864 1881 1902 1927 1954 2013 2054 2084 2081 2034 2017 2015 2007 2019 2053 2131 2179 2210 2165 2094 2076 2057 2042 2055 2098 2146 2217 2276 2328 2437 2500 2419 2363 2291 2269 2244 2282 2288 2283 2263 2298 2307 2291 2299
2072 2098 2118 2133 2132 2139 2139 2126 2124 2120 2081 2051 2013 1970 1917 1896 1875 1816 1791 1784 1791 1797 1795 1785 1777 1777 1780 1774 1762 1755 1759 1776 1804 1803 1817 1816 1826 1828 1830 1850 1867 1886 1911 1936 1964 1992 2059 2116 2158 2113 2081 2061 2041 2041 2043 2056 2128 2186 2222 2182 2102 2086 2068 2061 2055 2094 2145 2210 2256 2314 2421 2482 2501 2449 2354 2337 2320 2301 2323 2307 2285 2308 2331 2324 2332
2055 2085 2104 2125 2124 2133 2134 2125 2116 2109 2083 2057 2018 1975 1892 1870 1852 1802 1777 1787 1789 1790 1782 1770 1767 1765 1770 1767 1754 1748 1763 1802 1808 1806 1816 1836 1851 1863 1898 1918 1939 1914 1947 1977 2027 2111 2138 2169 2202 2135 2100 2081 2060 2056 2060 2055 2122 2169 2222 2206 2121 2111 2093 2086 2071 2093 2135 2211 2248 2300 2399 2450 2489 2496 2381 2352 2344 2316 2340 2332 2330 2365 2375 2378 2358
2027 2060 2081 2116 2118 2124 2128 2125 2112 2099 2076 2052 2011 1970 1890 1860 1840 1796 1772 1778 1781 1772 1755 1743 1746 1756 1763 1758 1750 1743 1761 1796 1804 1800 1807 1845 1869 1888 1940 1968 1988 1988 2008 2046 2090 2151 2202 2228 2237 2148 2122 2097 2071 2074 2072 2063 2120 2162 2211 2151 2131 2118 2104 2125 2115 2129 2171 2197 2228 2262 2370 2410 2444 2489 2412 2375 2356 2341 2348 2344 2347 2398 2414 2411 2398
2018 2050 2072 2095 2100 2106 2115 2112 2105 2096 2078 2050 2007 1925 1888 1856 1832 1788 1768 1775 1774 1758 1736 1732 1738 1739 1741 1740 1730 1734 1746 1776 1794 1797 1811 1863 1892 1920 1992 2021 2039 2029 2034 2064 2110 2148 2200 2249 2280 2211 2177 2147 2121 2112 2097 2081 2120 2161 2208 2155 2133 2122 2114 2137 2133 2143 2185 2179 2203 2243 2334 2384 2445 2541 2498 2441 2369 2378 2370 2368 2397 2428 2470 2482 2440
2010 2040 2058 2084 2094 2101 2106 2105 2096 2086 2066 2028 1990 1919 1885 1853 1826 1781 1763 1765 1762 1744 1732 1729 1729 1728 1728 1718 1723 1729 1745 1780 1801 1822 1889 1936 1976 2017 2038 2064 2089 2082 2062 2085 2118 2160 2202 2246 2284 2260 2220 2187 2146 2126 2123 2126 2152 2176 2204 2209 2148 2130 2129 2151 2150 2143 2189 2186 2201 2231 2314 2363 2427 2552 2559 2494 2441 2438 2465 2435 2437 2485 2513 2545 2498
2000 2033 2044 2073 2086 2091 2093 2092 2087 2078 2060 2020 1984 1914 1879 1844 1818 1770 1751 1753 1740 1726 1728 1720 1720 1717 1716 1717 1727 1739 1758 1807 1832 1861 1936 1984 2019 2055 2136 2172 2203 2160 2142 2140 2142 2178 2211 2236 2302 2303 2270 2233 2180 2162 2147 2152 2162 2184 2209 2247 2212 2184 2164 2166 2182 2161 2185 2187 2200 2235 2312 2357 2410 2539 2592 2549 2490 2439 2495 2469 2430 2489 2542 2485 2458
1982 2012 2059 2062 2070 2074 2079 2088 2080 2063 2043 2023 1982 1913 1878 1843 1811 1767 1751 1741 1727 1725 1716 1712 1706 1710 1715 1733 1753 1758 1777 1831 1866 1902 1978 2016 2053 2088 2160 2194 2228 2212 2192 2183 2181 2200 2215 2240 2278 2310 2350 2283 2224 2201 2180 2164 2180 2199 2221 2284 2253 2214 2181 2178 2194 2190 2183 2206 2243 2297 2326 2348 2386 2528 2587 2573 2449 2425 2461 2439 2406 2451 2483 2443 2423
1971 2003 2054 2058 2062 2068 2073 2077 2073 2038 2018 1994 1957 1915 1880 1843 1785 1762 1747 1731 1726 1720 1713 1703 1708 1715 1720 1745 1766 1790 1812 1871 1906 1938 2009 2034 2068 2100 2171 2206 2242 2265 2257 2241 2225 2210 2221 2237 2277 2306 2347 2373 2288 2259 2234 2208 2206 2203 2232 2306 2289 2240 2199 2197 2205 2212 2187 2223 2256 2319 2339 2368 2403 2516 2563 2511 2405 2375 2387 2406 2378 2408 2444 2401 2407
