data/GlacierNationalPark/elevation.asc
ncols	771
nrows	726
xllcorner	-1620000
yllcorner	438000
cellsize	100
NODATA_value	-9999
[rows 296 to 332 of 726, columns 85 to 169 of 771]
1523 1485 1464 1462 1479 1508 1545 1642 1696 1762 1910 1977 2025 2067 2144 2189 2238 2318 2353 2386 2426 2423 2436 2445 2555 2645 2690 2674 2615 2603 2609 2555 2538 2542 2532 2498 2517 2540 2675 2669 2682 2729 2678 2672 2685 2696 2687 2670 2660 2655 2642 2619 2588 2531 2511 2505 2599 2691 2659 2576 2527 2510 2494 2471 2454 2429 2397 2353 2334 2322 2283 2283 2286 2269 2290 2316 2359 2347 2324 2317 2309 2288 2272 2255 2261
1523 1485 1464 1463 1479 1508 1543 1641 1699 1763 1898 1975 2018 2048 2117 2146 2215 2299 2337 2361 2391 2397 2421 2427 2514 2594 2673 2702 2662 2650 2669 2685 2641 2607 2611 2608 2687 2634 2751 2745 2784 2783 2725 2722 2731 2711 2694 2676 2667 2661 2641 2618 2604 2579 2565 2568 2670 2675 2580 2534 2517 2499 2484 2457 2441 2413 2361 2335 2316 2303 2263 2256 2261 2232 2225 2244 2272 2348 2311 2292 2292 2258 2244 2230 2240
1521 1483 1467 1465 1477 1502 1536 1649 1703 1749 1881 1941 1977 2001 2079 2103 2130 2211 2253 2294 2348 2336 2383 2397 2496 2559 2648 2714 2700 2698 2713 2728 2688 2655 2661 2681 2735 2812 2857 2895 2886 2865 2799 2766 2756 2714 2701 2693 2679 2656 2636 2616 2614 2606 2595 2603 2709 2640 2573 2515 2496 2474 2454 2408 2388 2392 2348 2323 2299 2279 2248 2232 2238 2212 2198 2209 2233 2324 2315 2286 2267 2246 2226 2207 2194
1517 1490 1476 1474 1475 1503 1586 1648 1701 1741 1850 1894 1925 2010 2051 2081 2107 2192 2239 2283 2324 2322 2347 2388 2477 2533 2616 2779 2739 2741 2759 2759 2748 2720 2706 2770 2826 2871 2904 2912 2894 2881 2822 2789 2760 2725 2705 2678 2658 2633 2629 2614 2623 2630 2625 2661 2713 2636 2578 2505 2484 2460 2437 2392 2371 2347 2317 2300 2265 2239 2218 2221 2204 2197 2180 2176 2195 2286 2315 2283 2261 2240 2229 2210 2181
1521 1494 1481 1480 1477 1498 1577 1629 1687 1727 1808 1864 1926 2002 2044 2082 2113 2177 2229 2275 2302 2313 2350 2394 2490 2541 2613 2795 2815 2825 2837 2828 2817 2819 2822 2861 2888 2913 2936 2927 2908 2870 2830 2785 2763 2717 2692 2661 2621 2608 2590 2575 2547 2552 2559 2580 2689 2666 2598 2484 2464 2440 2414 2369 2353 2335 2291 2279 2250 2221 2196 2180 2157 2145 2136 2119 2120 2242 2292 2288 2247 2226 2214 2199 2167
1530 1506 1493 1496 1490 1499 1569 1619 1677 1722 1801 1862 1937 2041 2093 2146 2206 2287 2303 2275 2292 2302 2348 2393 2487 2557 2628 2798 2847 2855 2866 2874 2876 2904 3000 303 304 304 2992 2983 2979 2876 2821 2780 2752 2708 2680 2646 2596 2577 2559 2544 2504 2486 2494 2507 2546 2587 2528 2462 2440 2418 2376 2359 2350 2329 2269 2256 2240 2189 2171 2151 2138 2114 2124 2109 2124 2155 2211 2257 2215 2193 2168 2114 2143
1540 1515 1547 1543 1515 1510 1571 1612 1662 1745 1788 1848 1921 2028 2078 2134 2193 2311 2336 2308 2297 2317 2376 2421 2536 2596 2663 2807 2870 2900 2910 2931 2948 2985 307 310 310 309 303 300 2967 2860 2809 2771 2731 2685 2659 2637 2579 2558 2543 2526 2485 2463 2447 2453 2499 2552 2505 2456 2438 2419 2376 2348 2312 2272 2214 2201 2222 2173 2148 2126 2114 2091 2102 2093 2089 2121 2171 2226 2212 2182 2152 2079 2063
1550 1539 1559 1551 1549 1550 1569 1595 1633 1720 1779 1824 1885 2004 2061 2113 2223 2280 2340 2342 2316 2351 2398 2490 2537 2589 2663 2749 2773 2828 2947 300 302 306 314 312 310 303 2993 2962 2923 2845 2812 2771 2708 2683 2658 2626 2558 2534 2518 2503 2450 2446 2418 2412 2455 2521 2507 2457 2442 2423 2370 2333 2290 2230 2192 2179 2167 2150 2116 2094 2083 2064 2045 2074 2052 2085 2140 2196 2204 2174 2143 2075 2065
1572 1559 1574 1570 1568 1571 1587 1601 1641 1714 1761 1797 1844 1952 2005 2062 2198 2253 2316 2363 2342 2369 2406 2488 2535 2591 2657 2671 2706 2776 2894 2949 301 308 304 3000 2965 2917 2939 2911 2879 2835 2820 2793 2721 2690 2649 2611 2546 2527 2510 2459 2429 2399 2370 2318 2345 2410 2523 2470 2458 2437 2360 2330 2290 2206 2183 2168 2146 2121 2102 2066 2053 2044 2031 2017 2003 2005 2044 2098 2186 2162 2138 2090 2079
1594 1572 1595 1593 1593 1603 1615 1612 1658 1718 1754 1780 1830 1933 1987 2041 2148 2192 2248 2299 2347 2372 2419 2509 2555 2628 2642 2609 2651 2727 2842 2906 2950 2983 3000 2955 2927 2887 2874 2851 2813 2782 2785 2797 2756 2709 2651 2597 2533 2518 2496 2425 2403 2379 2354 2290 2320 2371 2540 2584 2573 2506 2347 2309 2277 2200 2179 2152 2127 2093 2090 2055 2030 2020 2010 1988 1989 1976 1997 2096 2140 2186 2191 2124 2097
1593 1598 1630 1650 1666 1671 1675 1645 1661 1723 1750 1771 1867 1920 1966 2013 2117 2154 2199 2276 2289 2319 2363 2499 2562 2590 2550 2538 2540 2663 2788 2820 2840 2883 2962 2932 2905 2870 2859 2838 2802 2752 2756 2764 2766 2733 2692 2616 2486 2470 2476 2398 2380 2360 2340 2265 2295 2342 2504 2589 2642 2577 2370 2306 2270 2215 2170 2125 2090 2048 2036 2022 1998 1998 1984 1968 1965 1954 1961 2048 2096 2153 2201 2173 2139
1602 1615 1655 1688 1702 1684 1685 1686 1687 1746 1759 1764 1830 1895 1961 2009 2088 2127 2168 2243 2254 2285 2327 2453 2514 2529 2520 2512 2494 2500 2614 2659 2699 2801 2881 2919 2888 2857 2843 2820 2730 2715 2716 2721 2730 2704 2675 2520 2463 2442 2420 2378 2356 2332 2261 2229 2244 2316 2455 2554 2598 2509 2413 2315 2268 2192 2152 2122 2087 2019 1994 1973 1920 1916 1913 1906 1875 1879 1927 2006 2064 2114 2149 2187 2180
1616 1631 1698 1730 1729 1701 1697 1701 1701 1746 1763 1767 1810 1875 1925 1964 2046 2099 2152 2226 2236 2258 2297 2422 2468 2481 2468 2473 2458 2452 2525 2579 2628 2748 2810 2862 2871 2809 2756 2681 2599 2641 2636 2637 2645 2643 2619 2519 2452 2414 2384 2347 2330 2309 2244 2209 2220 2263 2390 2463 2484 2411 2393 2321 2252 2164 2128 2095 2036 1997 1949 1915 1866 1853 1847 1858 1842 1835 1855 1917 1964 2003 2049 2081 2129
1691 1747 1774 1788 1783 1714 1709 1721 1730 1746 1761 1767 1799 1858 1911 2014 2057 2104 2153 2231 2261 2266 2304 2395 2421 2433 2412 2419 2415 2420 2476 2512 2564 2683 2748 2794 2863 2775 2709 2635 2548 2526 2501 2478 2436 2419 2410 2358 2411 2369 2339 2312 2293 2266 2211 2184 2200 2243 2352 2432 2437 2373 2363 2334 2298 2194 2141 2084 1994 1966 1921 1881 1834 1806 1799 1807 1804 1806 1829 1874 1908 1941 1997 2034 2080
1749 1803 1816 1820 1814 1773 1740 1740 1760 1762 1765 1763 1786 1839 1901 2014 2065 2119 2173 2231 2269 2276 2344 2381 2405 2399 2366 2383 2397 2413 2427 2444 2495 2604 2675 2753 2831 2769 2691 2607 2523 2505 2487 2446 2429 2412 2394 2351 2322 2293 2259 2213 2189 2176 2189 2178 2180 2211 2329 2418 2419 2342 2328 2298 2289 2201 2140 2071 1975 1921 1874 1844 1795 1774 1758 1769 1774 1776 1792 1826 1852 1876 1934 1991 2032
1815 1853 1860 1855 1850 1798 1764 1751 1772 1764 1773 1773 1773 1804 1871 1998 2043 2108 2180 2230 2259 2275 2322 2359 2363 2366 2362 2382 2394 2415 2427 2441 2456 2524 2583 2662 2791 2737 2682 2596 2504 2490 2476 2450 2434 2411 2391 2353 2319 2290 2212 2175 2142 2119 2113 2129 2136 2205 2293 2369 2408 2314 2300 2260 2191 2154 2104 2055 1967 1916 1878 1818 1796 1776 1758 1731 1730 1727 1725 1733 1759 1777 1884 1930 1975
1936 1956 1906 1896 1883 1829 1797 1776 1773 1764 1771 1774 1773 1797 1857 1992 2040 2082 2132 2185 2224 2262 2308 2352 2345 2344 2359 2375 2387 2419 2431 2441 2459 2519 2563 2650 2783 2736 2693 2651 2529 2501 2474 2449 2432 2408 2392 2352 2321 2288 2207 2164 2123 2098 2063 2098 2123 2186 2236 2336 2399 2288 2265 2234 2157 2123 2094 2059 1975 1932 1896 1839 1814 1793 1768 1736 1722 1714 1707 1711 1721 1737 1778 1814 1869
1977 1998 1979 1950 1915 1890 1867 1848 1774 1771 1765 1777 1774 1787 1840 1978 2021 2068 2147 2169 2201 2235 2300 2310 2314 2342 2355 2366 2382 2432 2439 2449 2487 2520 2575 2665 2811 2770 2721 2681 2579 2539 2504 2450 2426 2401 2377 2314 2292 2264 2200 2159 2120 2094 2041 2069 2100 2166 2208 2284 2366 2296 2258 2225 2159 2134 2118 2099 2032 2002 1975 1903 1878 1828 1796 1746 1732 1718 1699 1700 1700 1707 1745 1769 1812
2012 2022 2005 1974 1938 1916 1900 1888 1802 1784 1770 1771 1773 1783 1835 1975 2023 2070 2146 2158 2183 2218 2300 2308 2307 2334 2349 2368 2388 2440 2471 2481 2524 2551 2612 2710 2835 2813 2771 2670 2611 2572 2533 2462 2424 2379 2322 2287 2265 2232 2176 2148 2108 2039 2013 2010 2035 2148 2183 2246 2381 2350 2282 2233 2178 2154 2132 2110 2055 2026 1997 1931 1906 1888 1860 1774 1750 1741 1717 1692 1689 1691 1716 1728 1753
2058 2045 2024 1994 1955 1938 1924 1913 1832 1792 1772 1768 1771 1780 1822 1936 1990 2029 2092 2135 2175 2211 2285 2301 2306 2331 2351 2376 2401 2456 2483 2496 2544 2594 2670 2761 2842 2814 2782 2708 2659 2614 2556 2478 2423 2366 2321 2297 2273 2246 2183 2157 2126 2040 2008 1997 2013 2080 2122 2184 2334 2395 2434 2367 2206 2182 2148 2082 2048 2018 1985 1950 1930 1904 1849 1793 1750 1738 1727 1716 1702 1672 1665 1670 1688
2169 2134 2136 2109 2028 1957 1942 1907 1870 1819 1781 1767 1770 1782 1853 1910 1963 2009 2108 2163 2195 2226 2307 2351 2359 2375 2396 2394 2420 2484 2507 2525 2593 2670 2747 2814 2838 2805 2774 2702 2660 2620 2579 2488 2436 2390 2333 2294 2273 2249 2190 2166 2148 2069 2022 1988 1988 2050 2090 2144 2300 2339 2389 2408 2400 2374 2349 2245 2186 2122 2014 1975 1945 1922 1883 1840 1792 1761 1736 1727 1713 1684 1668 1653 1665
2205 2190 2195 2172 2071 2028 1990 1952 1927 1887 1831 1770 1771 1782 1838 1893 1954 2009 2111 2155 2186 2256 2304 2353 2387 2422 2451 2504 2536 2568 2641 2699 2778 2751 2817 2848 2811 2788 2768 2699 2658 2617 2535 2495 2449 2394 2330 2303 2281 2261 2214 2198 2180 2120 2064 1989 1963 2014 2053 2107 2261 2289 2324 2351 2378 2420 2428 2336 2251 2175 2105 2019 1987 1972 1932 1906 1839 1800 1750 1734 1721 1691 1674 1656 1645
2240 2236 2223 2176 2086 2051 2022 1975 1955 1916 1860 1781 1768 1771 1812 1865 1926 1976 2089 2132 2164 2225 2267 2301 2330 2392 2433 2485 2563 2600 2659 2718 2821 2807 2788 2730 2714 2676 2673 2684 2649 2616 2530 2492 2449 2405 2334 2310 2282 2243 2225 2197 2171 2125 2083 2027 1918 1944 1990 2041 2176 2247 2276 2304 2313 2348 2390 2362 2314 2241 2104 2060 2023 2002 1953 1927 1900 1835 1801 1768 1736 1701 1681 1659 1635
2330 2325 2305 2143 2104 2074 2045 1996 1975 1943 1901 1792 1767 1767 1798 1848 1905 1958 2035 2069 2112 2176 2212 2258 2298 2383 2413 2454 2556 2613 2679 2748 2771 2720 2708 2664 2635 2615 2592 2581 2596 2597 2552 2502 2455 2427 2349 2325 2304 2245 2207 2174 2145 2085 2052 2026 1916 1916 1958 2007 2119 2148 2148 2175 2190 2193 2242 2320 2325 2294 2199 2147 2098 2054 1996 1959 1928 1864 1831 1791 1748 1700 1677 1650 1606
2375 2375 2349 2231 2163 2122 2093 2035 2005 1966 1868 1806 1769 1766 1787 1831 1881 1976 2012 2042 2088 2179 2224 2271 2339 2386 2417 2448 2595 2681 2718 2829 2765 2693 2634 2597 2554 2513 2512 2496 2548 2564 2543 2504 2462 2423 2356 2330 2296 2220 2177 2130 2111 2049 2020 1999 1916 1893 1925 1972 2064 2092 2089 2104 2115 2128 2165 2188 2224 2252 2217 2177 2132 2077 2020 1986 1946 1870 1841 1799 1756 1703 1675 1646 1596
2412 2413 2397 2284 2211 2160 2116 2055 2030 2001 1911 1849 1798 1775 1769 1815 1863 1956 1999 2039 2086 2210 2271 2319 2375 2430 2458 2506 2647 2703 2741 2794 2717 2637 2578 2494 2461 2454 2425 2428 2451 2499 2489 2494 2457 2376 2333 2307 2297 2203 2162 2118 2017 1971 1938 1917 1925 1879 1890 1960 1983 2020 2026 2050 2052 2072 2096 2120 2165 2201 2171 2129 2079 2034 1945 1917 1903 1853 1833 1807 1762 1703 1671 1640 1588
2443 2459 2456 2336 2284 2220 2148 2077 2053 2019 1933 1871 1814 1780 1771 1791 1830 1925 1982 2033 2090 2249 2296 2325 2408 2434 2463 2501 2625 2690 2731 2782 2710 2635 2580 2488 2452 2429 2368 2338 2321 2331 2368 2463 2430 2346 2306 2280 2253 2171 2137 2102 2002 1950 1900 1880 1899 1894 1847 1840 1874 1900 1909 1935 1937 2015 2039 2056 2082 2117 2107 2064 2021 1943 1902 1872 1857 1845 1831 1811 1732 1692 1657 1624 1579
2491 2436 2393 2324 2287 2245 2125 2081 2068 2037 1954 1889 1826 1767 1773 1796 1829 1910 1960 2011 2137 2204 2234 2261 2363 2395 2419 2471 2613 2679 2729 2784 2717 2650 2599 2480 2444 2413 2351 2315 2281 2282 2313 2377 2349 2260 2212 2178 2157 2136 2106 2078 1969 1919 1867 1847 1863 1884 1867 1795 1810 1837 1849 1879 1877 1898 1908 1924 1921 1935 1907 2003 1971 1892 1855 1831 1818 1810 1804 1793 1717 1682 1643 1612 1567
2524 2459 2398 2319 2282 2233 2140 2112 2098 2050 1971 1915 1840 1768 1774 1797 1825 1899 1941 1997 2111 2173 2228 2253 2356 2398 2455 2543 2562 2591 2612 2699 2724 2668 2522 2466 2430 2390 2328 2300 2261 2243 2243 2262 2273 2240 2180 2131 2094 2065 2042 2007 1914 1856 1809 1794 1831 1848 1856 1789 1764 1770 1785 1810 1814 1833 1837 1850 1848 1859 1830 1814 1799 1763 1746 1730 1717 1759 1757 1753 1702 1663 1628 1600 1554
2487 2454 2425 2347 2297 2242 2173 2137 2090 2042 1958 1904 1847 1778 1773 1783 1810 1894 1941 1996 2099 2151 2203 2251 2377 2448 2500 2482 2485 2508 2544 2649 2643 2611 2490 2423 2368 2331 2295 2264 2249 2186 2188 2191 2192 2172 2134 2088 2043 2022 1998 1967 1893 1844 1797 1774 1771 1773 1785 1782 1778 1740 1742 1748 1750 1761 1776 1787 1784 1803 1764 1747 1730 1702 1690 1684 1655 1654 1650 1653 1655 1628 1598 1583 1539
2416 2393 2315 2349 2326 2266 2178 2127 2062 2021 1926 1883 1841 1784 1776 1779 1801 1887 1938 1987 2105 2158 2228 2291 2416 2486 2480 2443 2457 2481 2513 2621 2592 2546 2449 2400 2358 2317 2277 2261 2225 2155 2120 2117 2120 2046 2019 2033 1997 1972 1946 1922 1866 1829 1791 1763 1756 1751 1749 1746 1748 1746 1696 1681 1670 1666 1668 1671 1727 1726 1713 1700 1679 1648 1639 1639 1616 1612 1608 1610 1611 1596 1570 1531 1525
2410 2387 2310 2259 2208 2179 2110 2073 2016 1950 1918 1877 1842 1791 1780 1776 1832 1879 1933 1974 2089 2149 2208 2327 2404 2447 2415 2425 2421 2436 2515 2584 2549 2498 2426 2387 2358 2324 2246 2229 2213 2167 2134 2092 2075 2012 1985 1962 1919 1899 1883 1871 1856 1816 1792 1756 1746 1737 1731 1721 1717 1714 1703 1685 1667 1652 1637 1635 1638 1632 1630 1631 1624 1589 1604 1599 1578 1579 1579 1578 1572 1562 1544 1520 1513
2415 2382 2309 2266 2214 2148 2099 2076 2036 1980 1940 1895 1857 1793 1781 1780 1829 1873 1926 1973 2072 2130 2187 2314 2377 2416 2404 2426 2414 2418 2490 2549 2539 2486 2431 2394 2339 2269 2218 2177 2159 2112 2092 2060 2008 1981 1958 1944 1921 1905 1900 1904 1875 1841 1811 1763 1755 1742 1712 1707 1701 1695 1682 1669 1660 1641 1635 1632 1627 1618 1620 1621 1611 1568 1556 1548 1533 1525 1527 1530 1523 1533 1522 1506 1499
2408 2372 2307 2271 2227 2164 2103 2083 2065 2019 1974 1932 1885 1800 1783 1781 1818 1850 1897 1954 2044 2095 2162 2298 2350 2389 2381 2421 2413 2406 2475 2529 2549 2473 2420 2383 2326 2234 2196 2166 2143 2095 2066 2043 1994 1977 1959 1957 1944 1936 1946 1917 1883 1856 1824 1789 1782 1770 1727 1716 1719 1712 1698 1691 1689 1658 1654 1653 1646 1623 1620 1614 1590 1572 1556 1540 1521 1513 1514 1515 1506 1494 1489 1493 1488
2409 2366 2306 2275 2245 2155 2108 2081 2077 2026 1989 1947 1851 1812 1783 1778 1809 1839 1884 1981 2030 2084 2129 2240 2277 2296 2308 2381 2403 2394 2455 2507 2535 2460 2387 2354 2314 2243 2215 2197 2174 2112 2088 2070 2057 2041 2036 2032 2012 2028 1997 1939 1908 1881 1863 1834 1818 1803 1766 1759 1756 1751 1732 1723 1722 1728 1723 1714 1700 1701 1699 1698 1623 1591 1569 1558 1527 1520 1508 1501 1496 1488 1487 1489 1484
2420 2377 2311 2283 2254 2182 2134 2080 2042 1991 1964 1944 1856 1816 1785 1771 1796 1824 1864 1966 2012 2067 2109 2203 2230 2240 2311 2352 2379 2370 2421 2472 2479 2387 2361 2342 2321 2272 2257 2245 2198 2161 2163 2156 2115 2138 2134 2058 2058 2070 2069 2010 2000 1987 1974 1940 1864 1859 1837 1821 1805 1801 1773 1770 1764 1769 1761 1750 1750 1761 1759 1742 1699 1672 1641 1616 1560 1544 1521 1501 1497 1491 1488 1481 1484
2428 2392 2322 2289 2258 2194 2150 2089 2020 2001 1978 1960 1872 1828 1789 1753 1779 1796 1827 1946 1997 2040 2084 2162 2180 2199 2289 2339 2369 2357 2418 2467 2505 2415 2389 2373 2358 2334 2318 2302 2269 2217 2218 2211 2209 2239 2193 2147 2126 2107 2096 2082 2064 2041 2002 2001 2050 2046 1980 1947 1919 1908 1908 1832 1817 1817 1808 1798 1803 1817 1809 1783 1763 1735 1705 1628 1586 1561 1543 1517 1505 1495 1490 1475 1482
