data/GlacierNationalPark/elevation.asc
ncols	771
nrows	726
xllcorner	-1620000
yllcorner	438000
cellsize	100
NODATA_value	-9999
[rows 185 to 221 of 726, columns 340 to 424 of 771]
1546 1572 1605 1692 1739 1741 1776 1834 1865 1893 1944 1963 1984 2015 2069 2101 2135 2200 2233 2266 2296 2377 2403 2366 2308 2247 2153 2118 2086 2081 2067 2068 2085 2103 2115 2124 2123 2128 2159 2155 2133 2114 2094 2093 2094 2102 2084 2052 2016 1974 1960 1944 1900 1867 1870 1892 1900 1871 1892 1922 1946 1929 1873 1774 1760 1780 1831 1850 1842 1751 1690 1676 1651 1637 1597 1573 1544 1464 1437 1413 1389 1327 1303 1285 1247
1546 1582 1611 1682 1748 1795 1823 1860 1877 1901 1954 1947 1971 2004 2078 2118 2153 2214 2238 2268 2301 2381 2379 2332 2287 2249 2201 2169 2131 2110 2078 2061 2079 2107 2119 2130 2129 2135 2173 2189 2162 2127 2092 2091 2091 2099 2101 2090 2083 2015 1983 1959 1961 1933 1889 1918 1952 1948 1963 1976 1990 1960 1907 1830 1809 1820 1866 1891 1875 1816 1776 1749 1719 1651 1619 1587 1552 1479 1448 1424 1368 1335 1311 1291 1248
1539 1589 1633 1697 1754 1802 1866 1888 1907 1928 1975 1996 2004 2005 2095 2133 2160 2221 2246 2271 2305 2378 2357 2306 2261 2218 2168 2135 2117 2105 2088 2088 2094 2114 2125 2133 2135 2136 2181 2206 2182 2137 2097 2091 2090 2099 2107 2098 2084 2013 1976 1960 1986 1954 1940 1943 2021 2058 2073 2092 2040 2003 1963 1890 1865 1862 1904 1932 1906 1851 1803 1768 1737 1665 1633 1602 1559 1496 1463 1437 1388 1355 1319 1297 1257
1520 1565 1630 1712 1756 1802 1871 1898 1925 1953 1996 2012 2022 2044 2078 2116 2148 2204 2230 2246 2329 2364 2370 2309 2265 2236 2178 2130 2125 2134 2130 2151 2147 2137 2132 2136 2141 2141 2178 2218 2232 2160 2135 2118 2101 2100 2107 2096 2059 2014 1975 1962 1984 1947 1939 1947 2044 2080 2107 2149 2144 2119 2093 1999 1971 1973 1998 1970 1948 1901 1826 1784 1747 1679 1645 1609 1571 1503 1473 1446 1395 1365 1335 1310 1268
1513 1557 1605 1698 1742 1784 1854 1891 1932 1963 2008 2023 2038 2078 2097 2125 2156 2217 2241 2252 2318 2360 2381 2333 2279 2274 2264 2237 2200 2182 2159 2186 2170 2149 2138 2143 2143 2139 2180 2213 2253 2205 2171 2145 2125 2076 2075 2062 2022 2001 1971 1964 1984 1953 1940 1984 2043 2090 2128 2188 2200 2185 2092 2048 2035 2031 2052 2039 1995 1913 1869 1829 1787 1693 1653 1618 1545 1515 1484 1453 1402 1374 1341 1295 1276
1513 1546 1593 1694 1742 1785 1859 1898 1938 1975 2031 2053 2075 2119 2138 2144 2175 2236 2250 2264 2323 2359 2391 2380 2327 2313 2283 2246 2230 2217 2201 2174 2161 2157 2155 2153 2142 2138 2183 2212 2250 2251 2217 2192 2170 2079 2061 2042 2010 1993 1968 1970 2019 2008 1978 2006 2049 2092 2137 2214 2241 2239 2139 2104 2100 2094 2092 2052 2007 1918 1870 1821 1785 1710 1673 1638 1565 1528 1494 1461 1409 1382 1349 1302 1284
1509 1539 1631 1684 1737 1785 1847 1882 1919 1992 2024 2049 2069 2117 2142 2169 2227 2253 2272 2299 2346 2364 2397 2383 2353 2319 2279 2249 2243 2235 2209 2162 2154 2155 2162 2158 2144 2144 2193 2217 2246 2322 2276 2238 2209 2103 2070 2035 2005 1987 1970 1968 2015 2013 1997 2021 2050 2093 2139 2221 2260 2296 2244 2208 2162 2132 2063 2027 1991 1892 1844 1802 1766 1702 1667 1633 1563 1525 1484 1450 1401 1384 1366 1318 1298
1505 1532 1616 1661 1699 1741 1827 1857 1898 1966 2000 2029 2066 2116 2134 2167 2217 2242 2263 2287 2346 2368 2385 2314 2294 2289 2271 2246 2230 2210 2172 2156 2154 2157 2172 2175 2172 2203 2216 2232 2259 2305 2253 2209 2148 2149 2128 2097 2034 1983 1969 2001 2028 2039 2027 2036 2063 2108 2178 2222 2266 2302 2235 2186 2136 2043 1988 1937 1901 1812 1810 1766 1728 1675 1645 1613 1541 1505 1483 1465 1429 1406 1381 1327 1307
1505 1529 1612 1662 1707 1755 1817 1845 1874 1945 1975 2004 2059 2092 2106 2133 2181 2214 2238 2266 2336 2357 2373 2299 2278 2267 2247 2205 2190 2176 2162 2171 2175 2182 2194 2210 2221 2237 2240 2248 2272 2255 2205 2167 2143 2144 2126 2095 2062 2030 2004 2014 2039 2038 2045 2050 2071 2120 2186 2222 2266 2288 2180 2149 2104 2013 1950 1898 1867 1792 1740 1710 1664 1646 1626 1609 1576 1532 1515 1466 1442 1417 1395 1339 1317
1512 1541 1615 1663 1706 1790 1827 1862 1893 1953 1976 1994 2009 2048 2067 2092 2145 2165 2214 2246 2324 2350 2365 2299 2272 2260 2243 2186 2176 2168 2168 2184 2189 2189 2214 2255 2293 2346 2339 2335 2300 2209 2167 2144 2143 2141 2119 2081 2081 2060 2033 2024 2049 2045 2046 2062 2079 2129 2210 2245 2279 2251 2149 2105 2060 1971 1925 1883 1857 1789 1745 1727 1701 1684 1670 1651 1598 1571 1550 1499 1478 1452 1420 1351 1326
1548 1579 1643 1668 1698 1776 1821 1871 1912 1984 2004 2017 2055 2074 2086 2100 2141 2153 2169 2269 2311 2348 2383 2341 2311 2270 2196 2178 2172 2176 2182 2199 2203 2216 2238 2276 2312 2396 2386 2329 2205 2162 2143 2143 2161 2154 2114 2079 2090 2092 2054 2037 2062 2059 2052 2071 2093 2135 2210 2252 2292 2253 2177 2132 2074 2004 1990 1965 1882 1831 1796 1776 1747 1724 1705 1682 1623 1584 1557 1507 1482 1453 1423 1367 1341
1554 1585 1645 1684 1731 1799 1844 1889 1938 2009 2047 2066 2113 2125 2135 2140 2156 2163 2172 2262 2324 2374 2404 2340 2320 2295 2237 2212 2201 2198 2219 2210 2210 2246 2269 2296 2339 2400 2350 2309 2202 2164 2144 2151 2175 2194 2147 2091 2102 2127 2117 2053 2066 2071 2071 2100 2128 2162 2227 2265 2310 2249 2218 2178 2128 2057 2047 2025 1961 1919 1900 1882 1818 1787 1732 1685 1648 1608 1579 1527 1492 1461 1407 1382 1354
1560 1583 1647 1689 1733 1798 1847 1898 1948 2023 2059 2093 2181 2227 2255 2281 2190 2193 2207 2277 2336 2394 2423 2348 2326 2322 2283 2248 2221 2223 2251 2269 2287 2310 2325 2363 2398 2384 2330 2304 2231 2186 2161 2169 2185 2219 2167 2107 2110 2123 2134 2080 2076 2091 2114 2132 2163 2218 2287 2305 2348 2296 2260 2222 2177 2119 2096 2071 1998 1964 1950 1921 1844 1811 1786 1744 1708 1675 1640 1564 1508 1475 1415 1390 1363
1564 1601 1642 1682 1716 1791 1847 1897 1980 2023 2065 2110 2193 2231 2279 2305 2291 2279 2281 2290 2321 2372 2387 2353 2341 2338 2291 2279 2258 2259 2279 2296 2317 2307 2320 2352 2387 2371 2351 2343 2319 2269 2222 2186 2197 2232 2192 2125 2128 2136 2143 2113 2101 2107 2126 2132 2167 2206 2291 2366 2390 2316 2282 2244 2214 2163 2134 2085 2035 1982 1949 1905 1830 1797 1786 1744 1714 1677 1637 1560 1520 1488 1437 1408 1375
1557 1588 1624 1669 1720 1810 1862 1887 2001 2046 2092 2136 2203 2233 2271 2352 2347 2313 2301 2304 2328 2379 2406 2371 2366 2349 2303 2296 2279 2276 2294 2317 2336 2323 2335 2362 2415 2372 2352 2346 2311 2270 2237 2222 2228 2266 2294 2181 2141 2156 2149 2132 2118 2122 2129 2125 2146 2233 2289 2362 2363 2274 2241 2211 2142 2110 2076 2041 1960 1919 1866 1865 1791 1761 1752 1715 1685 1651 1614 1541 1506 1484 1433 1407 1395
1544 1578 1618 1667 1717 1827 1874 1922 1998 2023 2055 2083 2164 2214 2256 2353 2365 2324 2308 2327 2345 2384 2413 2386 2376 2364 2342 2332 2319 2317 2348 2386 2396 2422 2369 2403 2436 2386 2355 2340 2311 2278 2251 2251 2252 2277 2272 2182 2143 2160 2148 2132 2126 2130 2146 2150 2156 2221 2285 2348 2322 2245 2204 2174 2108 2081 2051 2010 1935 1886 1843 1761 1739 1718 1695 1634 1599 1575 1540 1518 1495 1482 1453 1437 1416
1533 1571 1617 1663 1767 1821 1867 1901 1964 1991 2024 2068 2167 2229 2274 2364 2397 2383 2360 2341 2356 2382 2417 2412 2405 2394 2398 2393 2356 2350 2378 2415 2434 2470 2470 2430 2377 2383 2381 2357 2319 2287 2275 2286 2283 2292 2263 2187 2149 2161 2150 2134 2134 2140 2185 2192 2209 2236 2286 2303 2248 2156 2171 2131 2083 2055 2022 1982 1900 1862 1822 1748 1721 1699 1678 1626 1618 1617 1599 1583 1564 1539 1495 1466 1429
1536 1569 1607 1650 1756 1800 1839 1867 1939 1982 2017 2104 2152 2202 2251 2345 2390 2421 2402 2408 2416 2432 2477 2470 2473 2489 2436 2421 2404 2402 2419 2451 2484 2466 2452 2400 2353 2360 2360 2339 2328 2320 2310 2308 2317 2296 2287 2191 2163 2167 2166 2144 2153 2168 2188 2199 2213 2238 2288 2274 2215 2102 2067 2046 2037 2019 1994 1954 1869 1840 1806 1734 1715 1697 1683 1668 1671 1671 1649 1624 1590 1558 1505 1476 1465
1538 1565 1594 1633 1729 1772 1816 1866 1957 2009 2024 2100 2149 2196 2241 2333 2377 2423 2459 2462 2465 2475 2500 2480 2454 2443 2454 2472 2506 2518 2506 2480 2461 2444 2428 2385 2335 2336 2326 2325 2339 2350 2353 2317 2313 2297 2267 2213 2182 2191 2226 2216 2226 2203 2210 2218 2227 2248 2289 2264 2134 2088 2050 2022 2020 2004 1986 1906 1875 1846 1820 1790 1761 1750 1764 1726 1727 1717 1679 1646 1609 1540 1520 1505 1485
1540 1558 1587 1624 1718 1758 1807 1858 1947 1993 2042 2141 2183 2238 2294 2384 2417 2433 2508 2525 2523 2519 2457 2438 2415 2405 2424 2454 2497 2499 2464 2436 2412 2408 2386 2352 2313 2310 2304 2309 2328 2356 2381 2333 2326 2306 2289 2242 2202 2208 2226 2230 2239 2262 2268 2263 2260 2297 2322 2253 2136 2091 2047 2014 2008 1992 1976 1921 1906 1888 1869 1845 1818 1798 1799 1806 1799 1782 1717 1664 1641 1561 1543 1521 1503
1546 1557 1581 1616 1705 1749 1795 1886 1929 1974 2025 2129 2171 2226 2338 2378 2409 2428 2506 2532 2500 2426 2397 2412 2395 2393 2411 2437 2471 2456 2419 2396 2391 2381 2366 2333 2301 2303 2285 2282 2294 2328 2352 2385 2367 2360 2290 2260 2231 2221 2227 2244 2256 2273 2286 2286 2286 2335 2335 2274 2174 2137 2112 2072 2037 2028 1983 1944 1939 1943 1934 1900 1873 1846 1831 1833 1820 1800 1719 1697 1678 1613 1582 1553 1531
1551 1561 1578 1608 1691 1740 1787 1876 1923 1973 2020 2123 2173 2226 2314 2355 2391 2420 2502 2501 2466 2404 2379 2387 2375 2378 2368 2368 2353 2401 2374 2361 2358 2347 2342 2305 2292 2292 2276 2271 2285 2317 2365 2390 2406 2402 2365 2320 2291 2275 2290 2245 2266 2291 2299 2305 2337 2374 2350 2293 2201 2166 2154 2098 2086 2081 2069 2044 2044 2051 2055 2000 1924 1893 1865 1863 1845 1816 1752 1737 1706 1635 1607 1573 1544
1557 1566 1584 1610 1684 1730 1780 1889 1944 1997 2044 2134 2168 2203 2291 2337 2379 2421 2501 2479 2442 2388 2368 2373 2369 2358 2343 2330 2316 2310 2312 2310 2301 2296 2291 2296 2284 2281 2264 2267 2278 2306 2357 2390 2414 2434 2412 2374 2336 2311 2334 2318 2300 2305 2319 2331 2405 2380 2330 2300 2220 2189 2183 2185 2149 2142 2148 2121 2117 2119 2089 2036 1993 1973 1919 1893 1862 1833 1792 1764 1730 1657 1623 1590 1541
1574 1572 1583 1642 1681 1724 1774 1901 1958 1997 2039 2119 2152 2185 2271 2319 2371 2426 2465 2426 2417 2370 2350 2352 2357 2337 2322 2319 2309 2299 2303 2289 2268 2276 2263 2268 2263 2259 2253 2252 2258 2286 2353 2382 2413 2436 2389 2390 2387 2352 2381 2359 2336 2324 2338 2354 2441 2442 2377 2336 2271 2257 2266 2261 2222 2198 2196 2185 2178 2162 2110 2069 2039 2016 1941 1910 1883 1864 1843 1811 1767 1693 1668 1641 1589
1632 1645 1648 1673 1713 1730 1778 1894 1948 1999 2094 2132 2167 2199 2284 2326 2373 2467 2442 2404 2379 2342 2331 2333 2328 2329 2319 2313 2301 2297 2294 2250 2244 2250 2243 2243 2232 2232 2233 2234 2248 2276 2331 2359 2387 2364 2308 2321 2364 2391 2418 2410 2384 2366 2367 2388 2454 2432 2414 2381 2327 2314 2310 2304 2274 2249 2217 2155 2121 2098 2088 2081 2065 2037 1961 1936 1919 1888 1863 1830 1785 1723 1694 1661 1604
1675 1679 1672 1692 1730 1768 1813 1907 1958 2019 2122 2163 2201 2241 2314 2354 2400 2459 2424 2391 2374 2348 2342 2330 2321 2325 2321 2311 2287 2284 2262 2224 2223 2239 2231 2210 2204 2204 2215 2221 2238 2266 2319 2347 2372 2300 2282 2288 2291 2358 2387 2401 2408 2412 2413 2424 2412 2384 2376 2337 2311 2290 2280 2266 2235 2205 2147 2122 2086 2055 2005 2001 1973 1929 1933 1936 1945 1913 1883 1852 1786 1756 1716 1680 1620
1715 1709 1685 1695 1731 1764 1805 1902 1949 2005 2120 2170 2216 2262 2338 2379 2425 2440 2410 2382 2366 2346 2352 2334 2317 2316 2311 2303 2280 2269 2251 2220 2220 2215 2215 2198 2186 2186 2207 2218 2236 2263 2307 2338 2357 2282 2257 2249 2257 2334 2356 2356 2358 2364 2369 2362 2318 2296 2282 2272 2228 2235 2237 2211 2200 2162 2108 2088 2049 2012 1964 1950 1926 1880 1881 1886 1904 1948 1931 1903 1840 1797 1735 1702 1638
1770 1746 1697 1703 1733 1769 1860 1903 1947 1994 2094 2144 2192 2288 2336 2379 2427 2449 2407 2386 2366 2352 2336 2322 2318 2312 2305 2289 2274 2266 2252 2221 2219 2214 2208 2189 2177 2177 2194 2203 2218 2232 2274 2300 2306 2261 2239 2218 2223 2307 2323 2323 2319 2320 2323 2311 2281 2252 2232 2229 2202 2160 2139 2102 2102 2086 2027 2042 2018 1976 1920 1904 1881 1839 1838 1852 1889 1941 1942 1926 1857 1818 1780 1741 1678
1787 1766 1733 1747 1752 1788 1864 1914 1974 2022 2129 2163 2200 2299 2341 2387 2435 2454 2415 2392 2369 2346 2321 2300 2286 2284 2274 2265 2265 2256 2253 2217 2211 2212 2193 2179 2173 2172 2185 2195 2207 2222 2241 2254 2273 2226 2192 2179 2225 2252 2253 2244 2280 2276 2276 2260 2242 2213 2194 2187 2166 2138 2081 2063 2052 2043 1990 1965 1943 1914 1856 1841 1819 1805 1801 1830 1870 1925 1934 1935 1876 1835 1796 1763 1698
1799 1781 1779 1790 1784 1799 1868 1914 1975 2036 2149 2203 2249 2335 2376 2403 2450 2463 2432 2404 2360 2327 2301 2283 2269 2274 2271 2267 2270 2255 2232 2209 2201 2197 2175 2158 2170 2170 2176 2185 2192 2192 2205 2218 2244 2212 2177 2161 2204 2213 2212 2207 2198 2193 2189 2168 2161 2144 2155 2142 2128 2105 2034 2022 2010 2004 1952 1924 1905 1863 1831 1811 1791 1735 1743 1777 1848 1857 1872 1927 1894 1854 1813 1752 1719
1815 1812 1839 1837 1824 1821 1896 1940 1997 2053 2146 2191 2240 2340 2391 2441 2489 2458 2433 2415 2341 2313 2297 2287 2260 2261 2264 2268 2267 2255 2231 2219 2204 2192 2169 2149 2146 2150 2154 2165 2160 2140 2140 2185 2200 2178 2150 2143 2172 2178 2179 2169 2164 2158 2149 2127 2118 2092 2056 2044 2032 2017 1949 1931 1958 1961 1920 1886 1861 1833 1793 1776 1756 1705 1723 1764 1809 1808 1824 1844 1870 1861 1843 1786 1746
1856 1867 1929 1917 1885 1861 1915 1962 2023 2128 2178 2227 2275 2358 2404 2454 2490 2449 2417 2400 2360 2325 2298 2284 2264 2247 2237 2253 2252 2250 2220 2216 2194 2181 2160 2142 2137 2141 2145 2155 2156 2129 2124 2134 2123 2110 2109 2116 2106 2141 2138 2132 2131 2126 2120 2074 2054 2029 1998 1990 1983 1969 1911 1884 1870 1860 1836 1815 1768 1759 1771 1729 1712 1669 1698 1733 1774 1774 1773 1787 1832 1814 1820 1796 1757
1881 1896 1962 1953 1912 1879 1930 1980 2039 2159 2211 2257 2295 2372 2417 2466 2492 2450 2414 2393 2371 2344 2313 2280 2260 2245 2234 2229 2227 2230 2204 2175 2150 2144 2147 2125 2120 2132 2133 2140 2142 2119 2108 2118 2094 2087 2083 2089 2078 2079 2075 2067 2066 2053 2019 2011 1990 1967 1935 1939 1938 1923 1873 1838 1824 1795 1790 1767 1719 1707 1676 1646 1595 1599 1642 1674 1710 1737 1728 1790 1767 1754 1795 1775 1753
1899 1920 1995 1984 1944 1912 1936 1984 2038 2152 2203 2248 2291 2367 2401 2446 2515 2489 2431 2402 2392 2367 2330 2287 2262 2244 2238 2228 2222 2222 2211 2178 2143 2129 2117 2103 2097 2102 2105 2108 2125 2109 2096 2100 2082 2069 2062 2062 2048 2047 2042 2038 2035 2008 1957 1891 1872 1857 1839 1852 1844 1828 1831 1796 1780 1740 1727 1704 1667 1648 1602 1584 1561 1565 1603 1631 1661 1648 1647 1709 1658 1672 1702 1723 1710
1926 1954 2052 2012 1980 1919 1940 1984 2038 2142 2186 2230 2320 2357 2392 2435 2519 2514 2475 2413 2399 2371 2340 2312 2295 2259 2250 2235 2223 2218 2210 2197 2147 2117 2107 2097 2090 2091 2092 2095 2101 2082 2059 2057 2050 2025 2032 2028 2021 2016 2014 2007 2001 1958 1897 1835 1813 1801 1789 1801 1799 1778 1729 1688 1660 1607 1592 1584 1618 1573 1541 1527 1524 1534 1572 1586 1617 1592 1600 1651 1608 1633 1650 1596 1581
1935 1976 2082 2095 2052 1977 1963 1996 2036 2133 2171 2215 2304 2341 2380 2420 2502 2521 2499 2440 2416 2383 2346 2313 2305 2294 2285 2275 2250 2221 2178 2193 2165 2107 2099 2092 2086 2086 2081 2081 2097 2076 2051 2043 2035 2006 1975 1963 1968 1964 1953 1941 1912 1900 1809 1778 1761 1753 1739 1749 1755 1707 1681 1644 1619 1565 1551 1536 1524 1485 1464 1448 1445 1459 1529 1545 1570 1554 1568 1602 1568 1591 1586 1532 1515
1942 1989 2102 2110 2078 2002 1974 1994 2030 2101 2140 2185 2261 2292 2326 2358 2470 2493 2513 2458 2434 2401 2359 2303 2293 2287 2277 2271 2257 2227 2172 2161 2150 2117 2104 2095 2086 2086 2074 2068 2078 2075 2053 2035 2025 2005 1973 1946 1952 1958 1935 1911 1887 1843 1757 1726 1704 1683 1663 1703 1708 1673 1647 1618 1594 1546 1523 1503 1478 1458 1443 1425 1420 1423 1439 1472 1483 1489 1495 1490 1525 1538 1493 1466 1449
