data/GlacierNationalPark/slope.asc
ncols        771
nrows        726
xllcorner    -1620000.000000000000
yllcorner    438000.000000000000
cellsize     100.000000000000
NODATA_value -9999
[rows 98 to 146 of 726, columns 480 to 575 of 771]
11 14 25 25 19 38 47 43 64 63 42 28 9 0 0 0 0 0 0 0 0 0 2 5 5 2 0 0 0 0 0 0 0 0 0 0 0 0 0 0 -9999 -9999 -9999 -9999 -9999 -9999 -9999 -9999 -9999 -9999 -9999 -9999 -9999 -9999 -9999 -9999 -9999 -9999 -9999 -9999 -9999 -9999 -9999 -9999 -9999 -9999 -9999 -9999 -9999 -9999 -9999 -9999 -9999 -9999 -9999 -9999 -9999 -9999 -9999 -9999 -9999 -9999 -9999 -9999 -9999 -9999 -9999 -9999 -9999 -9999 -9999 -9999 -9999 -9999 -9999 -9999
19 15 10 28 26 30 35 38 60 61 45 43 21 0 0 0 0 0 0 0 0 0 0 0 0 0 0 0 0 0 0 0 0 0 0 0 0 0 0 0 0 -9999 -9999 -9999 -9999 -9999 -9999 -9999 -9999 -9999 -9999 -9999 -9999 -9999 -9999 -9999 -9999 -9999 -9999 -9999 -9999 -9999 -9999 -9999 -9999 -9999 -9999 -9999 -9999 -9999 -9999 -9999 -9999 -9999 -9999 -9999 -9999 -9999 -9999 -9999 -9999 -9999 -9999 -9999 -9999 -9999 -9999 -9999 -9999 -9999 -9999 -9999 -9999 -9999 -9999 -9999
24 18 4 26 33 30 31 35 54 54 40 50 33 3 0 0 0 0 0 0 0 0 0 0 0 0 0 0 0 0 0 0 0 0 0 0 0 0 0 0 0 0 -9999 -9999 -9999 -9999 -9999 -9999 -9999 -9999 -9999 -9999 -9999 -9999 -9999 -9999 -9999 -9999 -9999 -9999 -9999 -9999 -9999 -9999 -9999 -9999 -9999 -9999 -9999 -9999 -9999 -9999 -9999 -9999 -9999 -9999 -9999 -9999 -9999 -9999 -9999 -9999 -9999 -9999 -9999 -9999 -9999 -9999 -9999 -9999 -9999 -9999 -9999 -9999 -9999 -9999
28 27 10 14 30 35 39 44 55 51 40 54 43 10 1 0 0 0 0 0 0 0 0 0 0 0 0 0 0 0 0 0 0 0 0 0 0 0 0 0 0 0 0 -9999 -9999 -9999 -9999 -9999 -9999 -9999 -9999 -9999 -9999 -9999 -9999 -9999 -9999 -9999 -9999 -9999 -9999 -9999 -9999 -9999 -9999 -9999 -9999 -9999 -9999 -9999 -9999 -9999 -9999 -9999 -9999 -9999 -9999 -9999 -9999 -9999 -9999 -9999 -9999 -9999 -9999 -9999 -9999 -9999 -9999 -9999 -9999 -9999 -9999 -9999 -9999 -9999
25 29 19 9 12 29 38 54 62 52 49 61 57 32 14 3 0 0 0 0 0 0 0 0 0 0 0 0 0 0 0 0 2 6 6 3 0 0 0 0 0 0 0 -9999 -9999 -9999 -9999 -9999 -9999 -9999 -9999 -9999 -9999 -9999 -9999 -9999 -9999 -9999 -9999 -9999 -9999 -9999 -9999 -9999 -9999 -9999 -9999 -9999 -9999 -9999 -9999 -9999 -9999 -9999 -9999 -9999 -9999 -9999 -9999 -9999 -9999 -9999 -9999 -9999 -9999 -9999 -9999 -9999 -9999 -9999 -9999 -9999 -9999 -9999 -9999 -9999
28 27 19 16 11 20 29 51 62 52 51 61 62 47 34 13 0 0 0 0 0 0 0 0 0 0 0 0 0 0 0 0 9 20 26 24 11 1 0 1 2 5 11 14 -9999 -9999 -9999 -9999 -9999 -9999 -9999 -9999 -9999 -9999 -9999 -9999 -9999 -9999 -9999 -9999 -9999 -9999 -9999 -9999 -9999 -9999 -9999 -9999 -9999 -9999 -9999 -9999 -9999 -9999 -9999 -9999 -9999 -9999 -9999 -9999 -9999 -9999 -9999 -9999 -9999 -9999 -9999 -9999 -9999 -9999 -9999 -9999 -9999 -9999 -9999 -9999
35 25 19 28 35 36 43 54 56 45 45 53 54 45 47 27 3 0 0 0 0 0 0 0 0 0 0 0 0 0 0 0 19 33 38 47 40 19 13 14 17 24 35 44 41 -9999 -9999 -9999 -9999 -9999 -9999 -9999 -9999 -9999 -9999 -9999 -9999 -9999 -9999 -9999 -9999 -9999 -9999 -9999 -9999 -9999 -9999 -9999 -9999 -9999 -9999 -9999 -9999 -9999 -9999 -9999 -9999 -9999 -9999 -9999 -9999 -9999 -9999 -9999 -9999 -9999 -9999 -9999 -9999 -9999 -9999 -9999 -9999 -9999 -9999 -9999
41 32 32 44 52 42 48 62 63 57 59 61 60 53 56 44 15 4 0 0 0 0 0 1 3 5 8 9 14 22 31 40 50 55 48 53 64 54 47 39 33 40 49 54 63 -9999 -9999 -9999 -9999 -9999 -9999 -9999 -9999 -9999 -9999 -9999 -9999 -9999 -9999 -9999 -9999 -9999 -9999 -9999 -9999 -9999 -9999 -9999 -9999 -9999 -9999 -9999 -9999 -9999 -9999 -9999 -9999 -9999 -9999 -9999 -9999 -9999 -9999 -9999 -9999 -9999 -9999 -9999 -9999 -9999 -9999 -9999 -9999 -9999 -9999 -9999
45 36 34 51 51 28 41 60 65 59 65 61 61 65 72 68 48 30 11 1 0 0 1 4 12 20 24 27 32 40 51 65 73 65 54 57 80 91 86 68 47 46 49 49 44 32 -9999 -9999 -9999 -9999 -9999 -9999 -9999 -9999 -9999 -9999 -9999 -9999 -9999 -9999 -9999 -9999 -9999 -9999 -9999 -9999 -9999 -9999 -9999 -9999 -9999 -9999 -9999 -9999 -9999 -9999 -9999 -9999 -9999 -9999 -9999 -9999 -9999 -9999 -9999 -9999 -9999 -9999 -9999 -9999 -9999 -9999 -9999 -9999 -9999 -9999
50 41 31 59 58 17 30 49 54 48 61 55 49 59 70 71 62 57 35 12 6 2 1 10 21 27 31 37 40 38 38 49 56 54 52 53 62 70 71 69 54 62 69 70 69 76 -9999 -9999 -9999 -9999 -9999 -9999 -9999 -9999 -9999 -9999 -9999 -9999 -9999 -9999 -9999 -9999 -9999 -9999 -9999 -9999 -9999 -9999 -9999 -9999 -9999 -9999 -9999 -9999 -9999 -9999 -9999 -9999 -9999 -9999 -9999 -9999 -9999 -9999 -9999 -9999 -9999 -9999 -9999 -9999 -9999 -9999 -9999 -9999 -9999 -9999
56 43 31 58 59 21 9 35 50 58 72 60 41 47 60 59 51 61 53 34 25 20 13 18 28 24 21 32 45 50 51 55 50 45 49 42 33 29 40 56 44 62 71 76 80 89 73 -9999 -9999 -9999 -9999 -9999 -9999 -9999 -9999 -9999 -9999 -9999 -9999 -9999 -9999 -9999 -9999 -9999 -9999 -9999 -9999 -9999 -9999 -9999 -9999 -9999 -9999 -9999 -9999 -9999 -9999 -9999 -9999 -9999 -9999 -9999 -9999 -9999 -9999 -9999 -9999 -9999 -9999 -9999 -9999 -9999 -9999 -9999 -9999 -9999
59 37 32 57 53 24 7 14 31 45 74 74 57 58 69 75 68 66 57 45 40 36 32 30 36 28 16 36 45 44 49 55 53 46 51 57 59 51 47 49 36 60 64 63 64 66 66 -9999 -9999 -9999 -9999 -9999 -9999 -9999 -9999 -9999 -9999 -9999 -9999 -9999 -9999 -9999 -9999 -9999 -9999 -9999 -9999 -9999 -9999 -9999 -9999 -9999 -9999 -9999 -9999 -9999 -9999 -9999 -9999 -9999 -9999 -9999 -9999 -9999 -9999 -9999 -9999 -9999 -9999 -9999 -9999 -9999 -9999 -9999 -9999 -9999
63 35 35 55 48 25 15 1 10 19 50 65 61 60 66 74 80 83 76 71 67 63 58 46 42 38 33 38 43 24 30 48 54 49 54 57 63 65 68 60 64 103 114 106 86 72 78 75 -9999 -9999 -9999 -9999 -9999 -9999 -9999 -9999 -9999 -9999 -9999 -9999 -9999 -9999 -9999 -9999 -9999 -9999 -9999 -9999 -9999 -9999 -9999 -9999 -9999 -9999 -9999 -9999 -9999 -9999 -9999 -9999 -9999 -9999 -9999 -9999 -9999 -9999 -9999 -9999 -9999 -9999 -9999 -9999 -9999 -9999 -9999 -9999
68 39 37 49 42 30 24 9 2 12 30 44 45 49 52 56 67 79 82 79 77 72 71 69 64 58 58 47 29 27 35 53 51 39 47 42 39 53 74 61 64 104 107 96 89 91 108 111 85 -9999 -9999 -9999 -9999 -9999 -9999 -9999 -9999 -9999 -9999 -9999 -9999 -9999 -9999 -9999 -9999 -9999 -9999 -9999 -9999 -9999 -9999 -9999 -9999 -9999 -9999 -9999 -9999 -9999 -9999 -9999 -9999 -9999 -9999 -9999 -9999 -9999 -9999 -9999 -9999 -9999 -9999 -9999 -9999 -9999 -9999 -9999
71 48 41 42 34 25 26 19 8 10 24 40 48 52 51 52 60 62 66 66 63 55 56 66 68 62 59 54 26 28 49 65 56 44 51 44 34 35 65 47 51 89 84 47 60 85 104 106 96 -9999 -9999 -9999 -9999 -9999 -9999 -9999 -9999 -9999 -9999 -9999 -9999 -9999 -9999 -9999 -9999 -9999 -9999 -9999 -9999 -9999 -9999 -9999 -9999 -9999 -9999 -9999 -9999 -9999 -9999 -9999 -9999 -9999 -9999 -9999 -9999 -9999 -9999 -9999 -9999 -9999 -9999 -9999 -9999 -9999 -9999 -9999
73 56 52 43 26 17 21 24 17 12 16 25 31 39 53 67 80 90 97 96 82 62 56 54 51 50 46 50 43 22 57 70 50 41 49 47 48 45 68 57 68 93 89 59 62 75 74 55 43 51 -9999 -9999 -9999 -9999 -9999 -9999 -9999 -9999 -9999 -9999 -9999 -9999 -9999 -9999 -9999 -9999 -9999 -9999 -9999 -9999 -9999 -9999 -9999 -9999 -9999 -9999 -9999 -9999 -9999 -9999 -9999 -9999 -9999 -9999 -9999 -9999 -9999 -9999 -9999 -9999 -9999 -9999 -9999 -9999 -9999 -9999
75 57 64 51 24 17 20 24 22 17 2 10 15 9 34 55 72 87 95 106 115 110 106 97 85 77 67 66 57 43 46 62 58 43 47 43 46 55 70 59 59 83 81 59 74 81 73 54 60 66 -9999 -9999 -9999 -9999 -9999 -9999 -9999 -9999 -9999 -9999 -9999 -9999 -9999 -9999 -9999 -9999 -9999 -9999 -9999 -9999 -9999 -9999 -9999 -9999 -9999 -9999 -9999 -9999 -9999 -9999 -9999 -9999 -9999 -9999 -9999 -9999 -9999 -9999 -9999 -9999 -9999 -9999 -9999 -9999 -9999 -9999
70 53 67 57 25 20 22 22 22 28 27 23 12 12 24 23 35 48 57 75 101 112 108 101 88 78 77 90 88 89 66 32 60 56 59 48 33 43 65 61 49 73 76 53 73 67 53 51 69 88 -9999 -9999 -9999 -9999 -9999 -9999 -9999 -9999 -9999 -9999 -9999 -9999 -9999 -9999 -9999 -9999 -9999 -9999 -9999 -9999 -9999 -9999 -9999 -9999 -9999 -9999 -9999 -9999 -9999 -9999 -9999 -9999 -9999 -9999 -9999 -9999 -9999 -9999 -9999 -9999 -9999 -9999 -9999 -9999 -9999 -9999
59 55 71 60 24 23 25 16 17 30 33 19 11 30 37 36 45 49 49 53 62 67 66 67 64 56 58 79 87 85 75 34 45 67 72 57 44 54 77 77 62 68 71 51 70 64 38 45 65 90 67 -9999 -9999 -9999 -9999 -9999 -9999 -9999 -9999 -9999 -9999 -9999 -9999 -9999 -9999 -9999 -9999 -9999 -9999 -9999 -9999 -9999 -9999 -9999 -9999 -9999 -9999 -9999 -9999 -9999 -9999 -9999 -9999 -9999 -9999 -9999 -9999 -9999 -9999 -9999 -9999 -9999 -9999 -9999 -9999 -9999
49 61 83 67 23 28 25 12 11 12 16 21 32 44 44 44 47 45 49 56 67 81 91 93 78 59 56 58 57 51 68 57 25 73 80 61 51 48 64 87 92 83 74 58 77 75 50 55 56 63 62 -9999 -9999 -9999 -9999 -9999 -9999 -9999 -9999 -9999 -9999 -9999 -9999 -9999 -9999 -9999 -9999 -9999 -9999 -9999 -9999 -9999 -9999 -9999 -9999 -9999 -9999 -9999 -9999 -9999 -9999 -9999 -9999 -9999 -9999 -9999 -9999 -9999 -9999 -9999 -9999 -9999 -9999 -9999 -9999 -9999
28 52 92 79 32 35 30 22 18 10 20 27 45 50 39 36 36 36 45 51 57 68 80 96 100 89 85 80 70 61 72 64 25 65 80 59 58 56 42 65 81 75 75 61 82 88 70 81 82 85 98 -9999 -9999 -9999 -9999 -9999 -9999 -9999 -9999 -9999 -9999 -9999 -9999 -9999 -9999 -9999 -9999 -9999 -9999 -9999 -9999 -9999 -9999 -9999 -9999 -9999 -9999 -9999 -9999 -9999 -9999 -9999 -9999 -9999 -9999 -9999 -9999 -9999 -9999 -9999 -9999 -9999 -9999 -9999 -9999 -9999
12 39 83 75 42 38 32 26 20 16 25 31 55 59 39 37 39 36 31 29 29 30 33 55 82 86 82 76 66 68 79 74 50 48 70 55 55 72 62 34 36 39 52 53 80 91 67 81 78 71 77 54 -9999 -9999 -9999 -9999 -9999 -9999 -9999 -9999 -9999 -9999 -9999 -9999 -9999 -9999 -9999 -9999 -9999 -9999 -9999 -9999 -9999 -9999 -9999 -9999 -9999 -9999 -9999 -9999 -9999 -9999 -9999 -9999 -9999 -9999 -9999 -9999 -9999 -9999 -9999 -9999 -9999 -9999 -9999 -9999
4 38 69 61 46 38 28 19 19 25 31 35 60 62 40 41 42 33 29 33 35 32 28 34 47 53 60 61 55 59 68 70 58 34 48 52 57 77 72 43 35 62 66 62 82 84 59 55 43 23 13 36 36 -9999 -9999 -9999 -9999 -9999 -9999 -9999 -9999 -9999 -9999 -9999 -9999 -9999 -9999 -9999 -9999 -9999 -9999 -9999 -9999 -9999 -9999 -9999 -9999 -9999 -9999 -9999 -9999 -9999 -9999 -9999 -9999 -9999 -9999 -9999 -9999 -9999 -9999 -9999 -9999 -9999 -9999 -9999
9 26 58 67 64 54 36 19 26 35 33 40 60 60 43 40 33 21 22 29 35 39 48 58 65 71 80 82 68 59 58 57 46 36 36 34 63 77 66 58 60 65 68 73 83 71 57 50 36 15 19 58 48 -9999 -9999 -9999 -9999 -9999 -9999 -9999 -9999 -9999 -9999 -9999 -9999 -9999 -9999 -9999 -9999 -9999 -9999 -9999 -9999 -9999 -9999 -9999 -9999 -9999 -9999 -9999 -9999 -9999 -9999 -9999 -9999 -9999 -9999 -9999 -9999 -9999 -9999 -9999 -9999 -9999 -9999 -9999
12 2 32 57 64 66 50 27 34 42 38 45 60 56 43 42 26 11 18 28 31 37 53 62 65 69 78 94 91 85 76 64 54 63 56 36 58 72 60 61 80 63 28 56 71 59 55 51 36 21 40 71 60 41 -9999 -9999 -9999 -9999 -9999 -9999 -9999 -9999 -9999 -9999 -9999 -9999 -9999 -9999 -9999 -9999 -9999 -9999 -9999 -9999 -9999 -9999 -9999 -9999 -9999 -9999 -9999 -9999 -9999 -9999 -9999 -9999 -9999 -9999 -9999 -9999 -9999 -9999 -9999 -9999 -9999 -9999
11 11 7 35 50 56 47 36 45 47 44 53 61 55 43 39 22 10 23 41 40 36 47 42 39 41 52 76 80 91 85 57 56 80 82 74 61 50 51 66 83 66 36 57 65 47 48 42 26 21 63 83 63 34 -9999 -9999 -9999 -9999 -9999 -9999 -9999 -9999 -9999 -9999 -9999 -9999 -9999 -9999 -9999 -9999 -9999 -9999 -9999 -9999 -9999 -9999 -9999 -9999 -9999 -9999 -9999 -9999 -9999 -9999 -9999 -9999 -9999 -9999 -9999 -9999 -9999 -9999 -9999 -9999 -9999 -9999
10 16 2 27 53 50 36 41 57 56 49 62 62 52 41 33 19 13 36 52 45 44 54 49 43 39 46 64 59 84 84 45 46 67 73 78 67 43 29 68 78 59 50 73 82 52 50 34 8 24 79 87 58 45 -9999 -9999 -9999 -9999 -9999 -9999 -9999 -9999 -9999 -9999 -9999 -9999 -9999 -9999 -9999 -9999 -9999 -9999 -9999 -9999 -9999 -9999 -9999 -9999 -9999 -9999 -9999 -9999 -9999 -9999 -9999 -9999 -9999 -9999 -9999 -9999 -9999 -9999 -9999 -9999 -9999 -9999
6 16 8 18 52 52 42 49 70 68 50 67 65 46 36 28 18 19 47 54 40 42 52 45 38 44 53 70 69 89 86 60 50 62 50 60 60 56 42 55 59 43 46 75 83 58 64 38 8 32 83 85 54 63 54 -9999 -9999 -9999 -9999 -9999 -9999 -9999 -9999 -9999 -9999 -9999 -9999 -9999 -9999 -9999 -9999 -9999 -9999 -9999 -9999 -9999 -9999 -9999 -9999 -9999 -9999 -9999 -9999 -9999 -9999 -9999 -9999 -9999 -9999 -9999 -9999 -9999 -9999 -9999 -9999 -9999
9 14 9 9 37 42 41 59 83 67 45 71 70 41 37 30 20 26 52 52 36 44 51 34 19 28 45 68 72 83 76 67 70 87 80 86 88 83 65 50 53 32 39 71 76 57 69 43 8 29 80 82 52 72 48 -9999 -9999 -9999 -9999 -9999 -9999 -9999 -9999 -9999 -9999 -9999 -9999 -9999 -9999 -9999 -9999 -9999 -9999 -9999 -9999 -9999 -9999 -9999 -9999 -9999 -9999 -9999 -9999 -9999 -9999 -9999 -9999 -9999 -9999 -9999 -9999 -9999 -9999 -9999 -9999 -9999
11 9 5 7 23 28 36 81 91 50 38 75 75 38 47 40 27 36 53 50 37 52 50 22 12 7 28 58 65 65 50 53 75 92 83 88 95 99 99 81 68 50 48 61 62 52 69 49 4 30 77 74 51 70 53 -9999 -9999 -9999 -9999 -9999 -9999 -9999 -9999 -9999 -9999 -9999 -9999 -9999 -9999 -9999 -9999 -9999 -9999 -9999 -9999 -9999 -9999 -9999 -9999 -9999 -9999 -9999 -9999 -9999 -9999 -9999 -9999 -9999 -9999 -9999 -9999 -9999 -9999 -9999 -9999 -9999
7 1 4 7 15 24 41 90 87 40 35 73 76 39 54 53 31 34 51 52 39 49 42 16 12 11 26 59 79 67 38 47 66 78 67 70 76 82 92 85 71 63 61 54 45 44 63 53 15 38 75 61 52 71 75 39 -9999 -9999 -9999 -9999 -9999 -9999 -9999 -9999 -9999 -9999 -9999 -9999 -9999 -9999 -9999 -9999 -9999 -9999 -9999 -9999 -9999 -9999 -9999 -9999 -9999 -9999 -9999 -9999 -9999 -9999 -9999 -9999 -9999 -9999 -9999 -9999 -9999 -9999 -9999 -9999
5 3 4 5 12 25 43 88 80 37 37 67 78 53 61 59 37 33 50 53 37 40 35 17 12 17 22 53 91 84 49 57 79 95 84 78 75 74 65 58 59 61 55 42 36 37 55 55 25 42 76 55 48 77 97 41 -9999 -9999 -9999 -9999 -9999 -9999 -9999 -9999 -9999 -9999 -9999 -9999 -9999 -9999 -9999 -9999 -9999 -9999 -9999 -9999 -9999 -9999 -9999 -9999 -9999 -9999 -9999 -9999 -9999 -9999 -9999 -9999 -9999 -9999 -9999 -9999 -9999 -9999 -9999 -9999
5 6 3 3 12 27 41 82 74 34 39 58 69 66 73 62 40 41 54 53 38 33 29 20 17 21 12 23 69 75 47 60 85 91 80 90 99 107 102 97 89 70 53 42 37 37 53 54 24 42 75 56 52 87 103 50 -9999 -9999 -9999 -9999 -9999 -9999 -9999 -9999 -9999 -9999 -9999 -9999 -9999 -9999 -9999 -9999 -9999 -9999 -9999 -9999 -9999 -9999 -9999 -9999 -9999 -9999 -9999 -9999 -9999 -9999 -9999 -9999 -9999 -9999 -9999 -9999 -9999 -9999 -9999 -9999
8 7 2 5 15 27 34 72 70 31 42 55 57 64 80 69 43 52 54 44 42 38 30 18 22 21 9 18 53 61 32 54 75 69 66 86 91 109 114 108 101 94 83 69 60 56 57 48 11 54 75 56 63 92 92 51 26 -9999 -9999 -9999 -9999 -9999 -9999 -9999 -9999 -9999 -9999 -9999 -9999 -9999 -9999 -9999 -9999 -9999 -9999 -9999 -9999 -9999 -9999 -9999 -9999 -9999 -9999 -9999 -9999 -9999 -9999 -9999 -9999 -9999 -9999 -9999 -9999 -9999 -9999 -9999
10 8 3 8 16 24 30 60 64 40 52 62 54 60 84 78 44 61 55 34 41 51 41 17 16 22 6 16 44 53 53 79 82 66 70 85 67 81 90 87 83 89 88 76 66 56 44 33 12 66 73 50 71 88 72 52 25 -9999 -9999 -9999 -9999 -9999 -9999 -9999 -9999 -9999 -9999 -9999 -9999 -9999 -9999 -9999 -9999 -9999 -9999 -9999 -9999 -9999 -9999 -9999 -9999 -9999 -9999 -9999 -9999 -9999 -9999 -9999 -9999 -9999 -9999 -9999 -9999 -9999 -9999 -9999
10 10 7 12 18 21 29 45 47 42 61 69 52 59 87 79 48 66 58 28 35 58 53 17 8 17 16 4 34 37 58 85 83 72 80 105 102 113 119 99 79 73 74 63 50 44 30 22 18 72 72 47 79 88 63 51 30 -9999 -9999 -9999 -9999 -9999 -9999 -9999 -9999 -9999 -9999 -9999 -9999 -9999 -9999 -9999 -9999 -9999 -9999 -9999 -9999 -9999 -9999 -9999 -9999 -9999 -9999 -9999 -9999 -9999 -9999 -9999 -9999 -9999 -9999 -9999 -9999 -9999 -9999 -9999
4 9 8 15 19 17 32 37 27 30 62 73 49 66 87 71 53 69 61 28 37 60 52 19 4 10 18 10 18 14 42 63 63 60 85 115 104 95 121 129 121 115 112 101 78 57 41 25 30 69 61 45 81 86 57 46 32 -9999 -9999 -9999 -9999 -9999 -9999 -9999 -9999 -9999 -9999 -9999 -9999 -9999 -9999 -9999 -9999 -9999 -9999 -9999 -9999 -9999 -9999 -9999 -9999 -9999 -9999 -9999 -9999 -9999 -9999 -9999 -9999 -9999 -9999 -9999 -9999 -9999 -9999 -9999
6 5 8 17 21 16 32 36 21 23 60 76 50 70 83 68 62 69 61 35 50 61 42 18 3 8 13 6 5 16 38 61 62 48 79 96 75 49 65 108 121 117 115 110 99 85 64 40 54 62 47 48 82 81 48 36 31 25 -9999 -9999 -9999 -9999 -9999 -9999 -9999 -9999 -9999 -9999 -9999 -9999 -9999 -9999 -9999 -9999 -9999 -9999 -9999 -9999 -9999 -9999 -9999 -9999 -9999 -9999 -9999 -9999 -9999 -9999 -9999 -9999 -9999 -9999 -9999 -9999 -9999 -9999
9 3 4 16 23 17 28 34 21 21 60 76 53 71 81 71 66 65 60 44 59 59 34 17 6 12 12 9 12 21 34 62 65 47 80 84 65 61 45 63 81 89 88 82 84 85 75 61 70 57 41 52 79 74 42 47 54 57 -9999 -9999 -9999 -9999 -9999 -9999 -9999 -9999 -9999 -9999 -9999 -9999 -9999 -9999 -9999 -9999 -9999 -9999 -9999 -9999 -9999 -9999 -9999 -9999 -9999 -9999 -9999 -9999 -9999 -9999 -9999 -9999 -9999 -9999 -9999 -9999 -9999 -9999
7 8 3 10 21 18 25 29 20 21 55 69 55 76 83 72 71 62 51 51 70 64 34 19 13 16 13 14 16 23 41 64 61 47 80 81 61 75 66 54 68 99 113 93 73 76 87 73 77 59 39 52 72 63 38 51 64 69 -9999 -9999 -9999 -9999 -9999 -9999 -9999 -9999 -9999 -9999 -9999 -9999 -9999 -9999 -9999 -9999 -9999 -9999 -9999 -9999 -9999 -9999 -9999 -9999 -9999 -9999 -9999 -9999 -9999 -9999 -9999 -9999 -9999 -9999 -9999 -9999 -9999 -9999
5 11 10 6 15 20 26 26 18 26 49 58 56 80 82 66 84 67 36 46 78 72 39 30 26 22 17 17 18 24 48 58 44 45 80 84 56 82 74 33 30 52 93 96 73 85 91 73 85 68 38 51 64 42 28 39 54 51 -9999 -9999 -9999 -9999 -9999 -9999 -9999 -9999 -9999 -9999 -9999 -9999 -9999 -9999 -9999 -9999 -9999 -9999 -9999 -9999 -9999 -9999 -9999 -9999 -9999 -9999 -9999 -9999 -9999 -9999 -9999 -9999 -9999 -9999 -9999 -9999 -9999 -9999
19 6 11 6 7 17 28 25 19 30 45 54 60 83 79 59 93 78 30 35 73 71 46 47 42 30 26 22 20 21 44 49 36 46 82 85 54 81 75 35 25 10 61 72 83 101 82 70 87 74 37 49 54 33 32 43 50 40 25 -9999 -9999 -9999 -9999 -9999 -9999 -9999 -9999 -9999 -9999 -9999 -9999 -9999 -9999 -9999 -9999 -9999 -9999 -9999 -9999 -9999 -9999 -9999 -9999 -9999 -9999 -9999 -9999 -9999 -9999 -9999 -9999 -9999 -9999 -9999 -9999 -9999
23 7 4 5 4 12 25 23 18 28 38 47 66 84 72 60 98 91 37 31 61 61 41 49 49 32 31 31 25 18 32 43 41 50 84 81 51 76 72 45 33 14 59 71 98 103 72 67 83 71 37 43 43 30 32 49 42 48 35 -9999 -9999 -9999 -9999 -9999 -9999 -9999 -9999 -9999 -9999 -9999 -9999 -9999 -9999 -9999 -9999 -9999 -9999 -9999 -9999 -9999 -9999 -9999 -9999 -9999 -9999 -9999 -9999 -9999 -9999 -9999 -9999 -9999 -9999 -9999 -9999 -9999
18 13 5 2 5 11 20 18 16 26 30 33 71 84 59 58 96 103 53 34 49 48 35 55 54 35 40 40 28 17 21 32 43 59 80 69 55 78 75 54 44 6 53 75 104 101 68 74 83 60 36 39 30 12 32 52 29 54 33 -9999 -9999 -9999 -9999 -9999 -9999 -9999 -9999 -9999 -9999 -9999 -9999 -9999 -9999 -9999 -9999 -9999 -9999 -9999 -9999 -9999 -9999 -9999 -9999 -9999 -9999 -9999 -9999 -9999 -9999 -9999 -9999 -9999 -9999 -9999 -9999 -9999
14 13 12 6 4 12 17 14 15 25 27 23 67 82 54 54 91 101 64 55 51 42 41 54 56 41 51 44 22 15 15 21 37 68 74 52 49 74 77 50 46 19 38 69 108 104 67 88 85 47 36 40 30 12 35 42 24 53 33 -9999 -9999 -9999 -9999 -9999 -9999 -9999 -9999 -9999 -9999 -9999 -9999 -9999 -9999 -9999 -9999 -9999 -9999 -9999 -9999 -9999 -9999 -9999 -9999 -9999 -9999 -9999 -9999 -9999 -9999 -9999 -9999 -9999 -9999 -9999 -9999 -9999
6 12 15 10 2 12 18 13 11 23 25 21 57 74 61 64 93 93 62 72 64 42 45 52 57 47 59 47 21 18 14 17 29 61 69 55 53 78 84 49 42 23 44 70 108 99 55 88 88 47 39 44 36 21 33 37 20 51 56 33 -9999 -9999 -9999 -9999 -9999 -9999 -9999 -9999 -9999 -9999 -9999 -9999 -9999 -9999 -9999 -9999 -9999 -9999 -9999 -9999 -9999 -9999 -9999 -9999 -9999 -9999 -9999 -9999 -9999 -9999 -9999 -9999 -9999 -9999 -9999 -9999
9 12 17 10 6 16 21 11 9 18 21 19 45 59 56 72 94 84 66 84 75 45 50 53 53 49 62 50 23 26 23 19 19 42 55 56 64 81 79 61 56 33 47 70 98 84 45 81 82 44 36 39 35 26 26 34 13 34 58 57 -9999 -9999 -9999 -9999 -9999 -9999 -9999 -9999 -9999 -9999 -9999 -9999 -9999 -9999 -9999 -9999 -9999 -9999 -9999 -9999 -9999 -9999 -9999 -9999 -9999 -9999 -9999 -9999 -9999 -9999 -9999 -9999 -9999 -9999 -9999 -9999
30 6 14 14 10 18 21 13 11 14 17 17 34 42 37 73 87 66 63 88 82 50 64 59 42 48 66 57 28 36 32 18 11 24 38 48 74 78 63 65 69 45 39 73 86 64 41 76 80 53 42 36 30 22 19 30 14 7 26 42 -9999 -9999 -9999 -9999 -9999 -9999 -9999 -9999 -9999 -9999 -9999 -9999 -9999 -9999 -9999 -9999 -9999 -9999 -9999 -9999 -9999 -9999 -9999 -9999 -9999 -9999 -9999 -9999 -9999 -9999 -9999 -9999 -9999 -9999 -9999 -9999
35 21 6 17 18 20 18 14 14 13 15 16 30 37 30 74 83 54 56 84 84 52 74 64 33 42 67 64 37 45 42 21 26 14 22 43 75 74 50 53 67 53 20 69 79 53 41 67 81 67 60 50 43 38 34 31 13 6 8 13 -9999 -9999 -9999 -9999 -9999 -9999 -9999 -9999 -9999 -9999 -9999 -9999 -9999 -9999 -9999 -9999 -9999 -9999 -9999 -9999 -9999 -9999 -9999 -9999 -9999 -9999 -9999 -9999 -9999 -9999 -9999 -9999 -9999 -9999 -9999 -9999
