data/GlacierNationalPark/slope.asc
ncols        771
nrows        726
xllcorner    -1620000.000000000000
yllcorner    438000.000000000000
cellsize     100.000000000000
NODATA_value -9999
[rows 637 to 685 of 726, columns 480 to 575 of 771]
32 30 29 32 32 36 37 40 52 32 14 42 64 54 23 19 27 27 16 28 37 28 26 36 39 31 43 47 44 51 35 7 37 78 81 52 52 57 41 27 32 28 26 30 55 47 18 17 10 10 24 44 43 34 47 46 32 27 31 35 24 31 46 52 55 78 44 56 103 95 61 44 47 50 35 29 22 22 31 47 47 38 34 21 16 21 23 34 49 40 87 106 79 85 49 25
46 47 37 31 35 36 36 39 56 43 3 33 65 57 25 28 32 28 20 33 38 21 29 36 29 23 33 36 30 48 45 13 38 94 103 69 68 60 34 23 23 19 22 30 61 50 18 18 10 6 16 38 44 36 47 44 35 32 38 40 29 36 51 55 55 78 38 48 97 78 29 18 26 29 33 48 39 29 34 54 54 48 50 33 22 20 28 55 48 24 95 88 78 75 44 27
61 74 61 39 37 38 35 37 57 49 11 24 63 59 28 36 38 30 25 29 29 17 31 38 29 24 36 45 41 60 40 21 57 113 118 70 61 47 27 18 16 11 15 43 64 44 24 20 12 4 7 26 36 31 40 36 26 27 38 42 36 44 61 58 63 76 41 30 100 94 46 38 31 24 34 61 54 30 24 44 53 51 56 42 30 27 39 63 48 26 92 85 71 61 39 16
50 73 75 44 41 42 39 41 60 53 19 22 60 53 29 43 43 28 23 19 18 18 30 43 37 27 40 52 47 64 61 52 75 113 103 50 46 33 14 14 14 10 4 39 67 54 37 26 13 3 7 22 32 34 40 35 23 25 34 35 28 47 67 58 78 71 35 11 73 111 99 89 66 48 52 74 63 26 10 25 35 39 51 41 27 21 50 63 45 12 85 94 77 63 43 29
23 57 71 35 40 43 37 42 61 57 32 27 51 42 30 47 42 23 28 20 12 11 18 35 38 32 39 48 56 70 65 42 80 105 80 45 48 35 12 9 12 11 8 14 53 68 51 37 19 5 6 18 29 36 43 38 31 32 35 32 25 52 72 58 81 66 33 33 12 67 80 80 56 37 58 93 75 23 6 19 25 36 53 42 24 29 61 53 40 6 57 86 88 68 41 39
6 60 59 22 33 39 34 39 57 57 40 21 34 39 33 47 40 22 31 27 16 12 12 24 31 35 35 33 34 48 51 8 86 95 53 39 52 38 15 18 23 24 23 15 24 72 72 49 24 7 6 8 22 34 38 31 32 35 36 30 29 53 70 60 78 64 29 30 28 30 76 90 58 26 41 96 87 30 3 15 19 30 53 49 28 46 62 43 42 25 29 66 85 72 45 34
33 61 43 17 25 38 44 42 53 57 43 26 17 35 35 45 38 26 33 32 22 19 18 21 24 33 33 27 30 53 59 15 93 91 35 32 57 49 21 24 26 24 25 33 17 45 90 69 30 13 8 7 17 38 34 19 22 34 40 35 44 56 60 59 78 64 23 25 38 30 64 87 51 18 36 84 84 38 12 9 15 20 40 44 33 53 56 40 46 45 30 54 69 56 20 16
54 53 33 22 24 43 62 66 65 67 63 55 31 17 33 40 32 27 34 33 25 23 25 25 21 29 28 20 25 54 55 36 94 82 28 20 52 58 30 24 18 10 9 28 36 8 79 82 43 25 12 9 12 40 45 33 25 31 37 36 56 60 53 60 81 63 18 21 35 31 28 90 72 31 52 74 64 40 24 10 13 18 29 36 40 55 55 39 39 39 31 65 80 66 42 44
67 63 45 37 38 49 68 83 79 68 64 61 51 28 23 28 32 35 40 38 28 25 26 25 20 28 28 16 27 58 36 37 85 64 21 17 41 52 38 33 23 9 3 17 33 13 57 80 50 36 20 10 8 24 40 37 33 35 36 38 60 63 57 71 88 67 18 26 33 45 25 69 90 51 57 56 44 37 31 18 6 18 30 38 45 59 56 41 42 36 20 65 69 46 24 30
44 51 42 53 56 60 64 78 79 57 49 49 49 45 31 8 13 22 34 36 24 26 27 19 17 28 30 18 45 68 18 47 76 54 16 21 34 37 41 46 34 13 10 17 33 30 29 71 61 44 29 11 6 7 23 30 34 39 38 38 57 63 58 80 100 85 45 61 65 68 53 48 79 64 59 50 39 37 34 25 12 11 22 30 39 57 58 49 59 49 14 59 68 42 23 26
35 21 38 66 88 85 72 86 91 70 57 44 42 44 45 42 34 22 27 34 26 31 28 16 13 25 28 21 62 67 5 45 70 55 22 33 36 22 35 58 48 17 15 19 31 38 20 44 72 58 37 13 8 5 13 22 30 38 37 37 51 55 47 71 93 96 81 105 80 75 75 87 75 58 54 40 38 50 43 26 17 6 13 21 32 45 45 46 63 54 18 34 74 71 59 53
32 17 34 49 41 25 20 54 82 87 87 60 43 46 61 79 74 51 37 39 31 29 26 15 14 23 26 28 72 65 17 45 67 56 36 47 47 21 27 63 60 18 11 12 20 26 32 9 66 74 50 21 15 12 6 11 28 43 47 53 63 59 47 62 77 84 73 89 60 69 86 97 86 73 66 42 26 51 50 24 17 10 14 22 37 40 31 37 54 51 35 10 50 81 79 74
31 39 35 12 38 61 59 37 27 57 90 77 41 36 55 70 79 67 56 50 37 25 19 12 15 21 24 35 77 67 20 45 62 54 45 61 62 32 30 56 59 21 9 10 14 22 37 16 46 84 62 25 21 17 9 6 14 33 42 49 65 69 68 79 91 106 92 64 51 67 78 68 66 69 69 62 63 53 37 22 19 17 15 25 47 49 36 37 51 51 41 42 13 36 52 69
58 56 27 28 58 62 62 56 37 12 54 71 36 22 41 33 53 60 52 44 34 24 17 13 21 27 30 45 83 73 28 49 55 46 47 73 75 42 39 44 45 33 17 10 10 21 41 32 14 82 79 31 30 23 8 7 7 15 25 34 46 55 66 76 85 101 110 103 100 104 99 96 104 100 80 60 53 45 27 13 21 25 21 20 44 55 37 35 49 54 48 59 48 19 21 65
63 44 19 53 62 51 46 55 58 47 11 62 64 43 33 36 34 48 41 38 33 32 35 33 30 35 38 55 91 76 32 51 52 36 40 76 73 41 51 45 33 34 29 15 6 15 40 44 24 58 84 37 39 32 10 9 15 11 20 32 38 38 45 52 59 65 79 97 106 101 96 100 104 98 92 79 69 62 53 37 24 32 26 16 38 55 31 26 35 44 47 58 57 42 15 41
45 11 39 65 67 40 25 29 40 47 40 39 72 56 35 44 37 58 74 75 59 43 46 46 33 29 35 62 96 64 22 51 55 42 63 81 62 33 45 45 36 42 39 18 5 7 29 43 38 38 73 37 41 40 17 11 14 10 19 31 43 50 60 66 62 60 62 60 58 56 59 69 66 62 70 72 66 62 60 56 42 42 32 19 42 54 28 27 29 30 36 47 48 41 38 9
6 44 54 64 62 30 17 7 21 36 67 32 47 53 34 43 42 54 82 94 94 67 56 55 48 34 35 75 97 42 12 48 63 56 75 73 49 31 30 31 36 59 51 15 8 7 15 40 44 25 62 42 40 37 22 14 12 12 14 23 33 43 52 62 69 71 70 68 67 71 73 64 52 47 44 44 43 44 45 47 43 39 28 17 46 50 30 34 37 40 48 60 62 49 50 43
41 52 51 55 48 26 17 8 20 34 66 48 11 39 32 37 43 50 53 51 74 66 40 30 36 31 39 76 80 25 7 40 69 63 76 72 46 30 26 25 28 65 57 21 16 18 9 27 45 19 51 45 40 32 22 20 13 12 11 9 12 17 22 34 52 62 61 59 58 62 66 61 57 56 54 55 52 46 45 45 38 25 17 18 44 39 28 34 37 40 43 52 55 44 51 54
58 40 49 49 32 27 19 8 20 35 54 47 25 13 13 29 47 44 17 18 36 40 16 11 8 18 22 55 62 52 38 20 68 64 74 71 49 36 32 34 40 68 59 24 16 23 16 10 35 21 35 39 44 37 24 27 17 13 14 12 12 12 16 21 25 27 28 28 29 29 30 36 42 44 44 46 48 48 51 58 57 46 33 34 42 32 24 25 26 24 34 51 42 36 53 57
58 38 50 45 21 28 20 7 21 38 46 37 31 12 21 37 49 41 65 76 74 70 58 47 26 12 25 56 67 60 61 20 57 60 73 66 39 32 25 31 45 75 69 36 31 25 13 5 25 23 29 33 39 32 24 33 26 14 13 13 12 12 18 20 16 13 12 15 16 15 11 9 11 11 14 16 26 35 40 46 52 49 42 51 54 49 45 40 32 25 46 57 37 35 52 56
53 44 52 50 34 35 30 23 31 47 49 37 39 15 29 42 47 56 71 61 53 56 51 61 65 52 43 48 59 60 72 38 40 56 77 64 31 26 13 9 23 65 71 43 45 26 10 10 16 25 30 33 35 26 26 39 31 13 12 11 4 4 16 15 6 3 3 4 2 1 4 9 14 10 12 12 16 20 20 22 28 27 29 44 50 49 48 46 35 24 49 59 43 42 57 62
47 48 48 45 32 31 31 26 33 55 63 46 43 40 37 41 32 37 33 25 27 39 28 36 49 38 23 24 35 49 73 64 31 37 81 72 33 29 19 16 23 59 76 53 45 22 8 12 13 22 24 22 23 22 27 42 29 6 9 7 5 9 19 18 11 9 7 3 2 0 4 6 22 20 19 21 20 20 21 24 27 24 21 29 35 33 32 38 34 24 45 56 43 42 52 55
39 45 39 33 32 29 22 11 11 42 67 53 35 48 40 47 40 42 32 33 43 37 20 19 24 23 15 8 14 24 48 52 37 10 72 71 40 36 32 24 28 55 71 52 39 21 10 11 12 10 3 9 19 26 34 48 34 12 14 12 12 15 26 39 40 31 20 11 2 10 19 20 23 22 13 19 19 15 15 22 29 28 27 31 36 39 42 43 36 28 43 50 34 45 50 37
26 39 36 24 26 38 27 9 7 24 58 55 21 34 28 45 42 37 31 38 41 32 21 22 24 29 24 10 10 14 31 36 40 2 63 59 42 45 43 30 35 48 52 46 44 32 18 17 16 6 9 10 16 20 34 44 30 18 20 21 19 22 33 46 53 55 46 36 24 20 19 12 17 18 10 6 13 12 8 13 23 26 27 29 32 33 45 51 43 37 48 51 39 55 53 39
22 37 38 17 23 40 28 5 10 16 55 62 27 33 24 32 28 22 28 31 23 19 20 23 23 31 35 19 16 19 38 51 58 36 70 56 44 54 53 33 39 41 37 41 49 43 28 23 23 18 19 18 27 36 50 54 40 34 35 34 28 26 31 32 38 52 53 44 39 38 38 27 16 14 11 7 9 14 7 8 17 22 22 22 22 19 33 43 40 39 45 43 42 59 58 48
20 42 37 10 21 41 30 7 19 25 51 75 62 48 38 39 33 38 40 29 19 14 17 24 16 28 48 38 34 45 68 79 74 53 82 69 65 69 67 57 55 45 30 33 46 45 33 28 26 27 28 27 40 63 85 92 81 79 74 64 52 38 30 28 28 36 44 43 45 46 47 46 41 30 20 17 4 12 8 8 15 25 29 31 25 21 30 35 31 41 45 32 36 53 55 47
25 42 29 13 15 42 35 13 26 26 31 60 70 52 39 46 42 58 54 43 36 26 31 35 19 31 63 61 46 59 77 70 50 37 75 78 85 82 73 81 90 82 64 54 55 57 47 38 31 27 24 21 32 42 60 83 89 89 75 60 49 37 26 29 30 43 61 71 66 55 54 52 52 44 31 29 18 2 8 10 15 17 25 34 34 33 40 39 33 48 51 34 29 42 46 37
28 42 34 29 25 46 39 19 28 29 21 31 47 36 25 36 40 50 43 40 38 25 42 51 37 56 84 67 23 26 55 43 23 6 44 66 87 86 61 68 89 95 81 73 66 67 70 64 50 33 24 17 26 29 21 57 73 69 61 43 40 32 18 23 31 44 60 73 87 88 88 84 82 73 61 51 34 16 0 11 14 6 13 24 30 33 42 40 31 45 50 36 31 43 49 43
24 44 37 35 47 69 53 37 39 33 26 34 50 50 38 32 33 33 17 20 25 21 48 67 55 62 78 42 28 35 75 77 65 53 19 24 69 91 76 68 72 75 60 66 66 61 68 72 60 36 25 10 19 24 39 59 80 91 81 44 42 38 16 16 40 37 36 43 64 77 83 87 91 90 86 82 66 51 37 24 16 6 8 15 18 23 37 33 26 42 44 30 27 35 41 41
30 50 38 34 58 75 60 55 50 36 30 38 48 53 49 42 34 23 12 22 16 14 51 74 63 72 72 12 52 27 50 74 76 73 61 40 15 55 90 100 101 99 88 82 69 55 51 55 52 39 30 8 16 24 57 68 49 92 95 44 41 45 22 14 49 43 28 30 32 36 42 59 69 73 77 83 76 65 61 48 34 25 9 6 16 28 39 36 30 43 43 25 27 29 26 28
56 63 50 49 63 59 38 39 37 32 33 37 34 41 42 39 27 12 25 30 18 20 54 74 66 89 62 19 53 37 35 53 60 60 53 60 53 24 21 56 88 99 102 105 89 68 64 60 58 60 46 18 13 31 66 71 28 81 102 45 40 44 23 14 45 48 18 32 46 52 49 58 63 60 62 67 62 53 59 53 41 39 30 15 6 23 38 42 39 47 50 38 41 38 24 23
45 46 33 33 43 37 20 23 30 37 44 41 34 39 36 32 21 16 32 32 19 30 60 74 66 81 41 42 48 53 43 55 74 79 62 60 67 68 57 38 23 44 64 89 85 67 70 60 53 66 64 40 23 37 63 61 41 67 106 51 48 39 27 28 32 43 29 38 39 55 55 59 69 68 70 76 76 69 67 54 41 38 36 27 13 4 22 33 38 44 48 43 49 51 33 26
34 30 14 15 27 27 18 24 27 32 36 30 33 40 41 38 28 21 34 36 30 50 72 68 55 53 34 44 53 66 49 46 66 86 88 88 93 99 98 94 70 27 26 66 70 46 57 46 31 47 65 55 32 34 53 51 53 44 105 61 51 45 47 43 34 34 29 47 30 28 44 51 63 67 75 77 73 80 86 70 54 52 46 36 29 12 8 23 33 36 35 34 47 57 43 36
55 52 39 32 33 35 33 39 33 17 15 10 17 31 46 45 30 25 38 47 46 62 62 38 34 34 40 49 60 66 40 29 40 60 76 83 92 102 104 102 103 90 71 80 69 36 48 43 33 41 53 51 31 31 49 43 52 27 96 64 40 39 45 48 49 52 53 56 44 32 40 49 56 52 64 67 57 67 86 80 59 60 51 37 38 31 8 13 31 37 36 34 43 54 45 47
67 64 54 49 45 44 44 56 55 34 20 11 4 18 46 50 31 29 43 58 53 55 41 27 47 63 77 85 85 68 37 25 29 38 41 43 52 58 61 66 79 91 86 65 40 17 40 62 65 58 59 54 43 29 46 44 44 27 85 63 30 21 32 40 40 44 56 63 61 58 50 50 52 41 53 64 59 60 71 69 53 57 47 31 35 41 25 3 20 30 35 39 46 54 49 61
66 62 55 56 52 47 47 59 66 51 36 21 4 12 40 51 38 36 46 58 57 50 35 37 53 73 84 81 71 47 28 24 27 31 34 35 39 42 44 50 54 55 52 33 10 14 35 50 52 57 55 39 35 15 37 35 35 19 72 66 33 17 28 34 33 29 40 48 55 51 32 46 38 33 37 35 32 56 66 58 61 70 57 33 33 41 31 10 6 18 25 33 43 44 41 62
64 73 65 62 54 46 44 54 61 54 52 35 9 6 28 47 47 51 53 54 59 51 38 44 53 56 49 36 22 13 15 20 24 23 24 25 25 26 26 27 33 35 36 22 11 27 28 25 42 59 56 36 29 7 29 37 48 19 49 70 48 24 30 38 60 58 33 63 54 16 51 74 59 55 52 45 30 42 55 47 55 76 70 45 48 48 35 23 5 9 17 31 40 32 29 57
19 34 49 64 67 63 55 58 56 48 59 46 19 2 16 33 42 57 59 54 57 52 55 63 63 54 42 31 22 15 14 17 18 14 11 16 17 11 18 16 14 20 45 45 40 45 23 34 49 63 52 36 32 12 25 28 41 38 18 63 53 25 23 43 51 54 39 70 35 36 75 71 45 38 32 25 16 21 37 39 41 64 63 45 57 55 39 32 19 3 12 32 44 39 37 56
47 31 19 29 25 34 54 63 63 57 70 59 32 14 8 25 33 51 57 51 49 45 57 59 49 37 31 30 31 24 17 10 2 11 15 27 30 24 28 27 31 43 67 66 52 31 19 50 66 63 40 35 37 13 13 19 38 47 14 47 53 22 18 46 47 24 28 56 4 66 67 45 37 40 27 14 9 18 25 27 42 57 45 28 50 52 37 37 27 9 4 21 37 39 42 58
38 45 52 56 48 35 31 41 52 55 71 66 40 27 7 23 32 49 61 54 47 42 39 30 22 20 22 25 28 22 9 13 23 31 41 54 59 63 80 96 87 66 76 61 21 36 64 70 77 57 30 30 36 17 8 13 32 47 39 31 40 16 21 40 48 17 20 37 17 70 46 25 38 57 37 12 9 33 45 48 60 56 27 20 48 52 35 44 35 12 5 9 25 32 39 50
66 70 68 57 45 40 42 38 38 43 64 63 39 34 15 16 26 42 58 57 56 51 43 38 32 22 16 20 28 27 20 23 28 30 49 69 76 81 106 128 131 118 90 34 34 75 81 71 67 39 18 22 33 19 7 11 23 37 42 49 37 14 12 30 42 9 21 38 34 76 47 20 30 70 58 11 17 44 52 40 42 29 14 26 54 58 36 46 44 27 14 1 18 30 44 45
69 68 70 69 67 70 79 84 82 65 58 58 34 35 21 8 15 31 44 45 49 43 36 31 27 17 12 28 41 37 34 33 34 38 63 77 71 71 89 81 60 62 36 33 57 84 77 51 44 24 17 23 35 20 9 12 18 22 32 44 39 34 33 34 37 24 25 31 33 78 72 55 51 83 78 27 23 40 39 23 25 32 41 45 66 68 40 42 41 33 25 9 11 28 49 49
45 45 56 67 74 78 84 85 83 75 66 58 36 34 21 9 13 24 31 27 30 23 15 16 24 23 19 39 53 50 52 61 71 76 89 88 72 71 68 26 31 53 61 58 58 82 71 33 32 17 14 27 36 19 13 16 22 35 58 54 40 32 42 44 34 27 35 30 1 47 80 76 60 89 82 44 41 34 32 41 57 68 63 47 70 66 44 43 38 30 31 20 7 21 44 49
65 54 54 55 55 55 53 48 43 48 56 50 36 30 19 14 18 23 23 24 29 22 15 26 28 23 24 51 68 65 69 70 60 44 52 56 41 32 14 57 82 85 86 86 77 69 61 31 31 18 14 29 30 13 12 15 25 50 62 51 52 46 57 60 45 46 51 43 26 15 40 60 61 86 75 46 51 46 40 46 64 79 82 76 85 65 60 59 46 30 38 28 4 12 37 45
67 67 70 69 67 65 57 44 35 35 33 27 22 21 16 12 19 23 20 22 30 29 25 36 36 28 38 64 74 62 51 19 18 39 60 70 61 42 44 65 60 67 77 79 70 54 41 26 31 26 25 33 24 10 8 12 23 42 38 29 46 48 63 66 56 52 56 52 46 52 11 52 78 93 72 51 54 46 40 42 51 58 66 94 97 66 63 69 55 32 43 33 5 7 34 46
45 55 62 60 56 55 52 47 45 43 37 30 24 20 13 8 15 21 23 28 36 39 36 48 51 36 37 55 61 54 51 55 52 38 49 63 58 38 21 46 33 51 54 34 26 25 21 15 30 38 34 30 20 16 15 15 26 39 32 18 27 33 52 57 46 45 46 43 43 62 49 11 74 106 98 99 104 100 91 77 60 51 39 88 93 65 69 73 54 35 47 38 9 2 31 46
38 36 37 34 29 28 30 36 39 37 31 25 22 17 14 15 20 23 23 23 27 32 32 51 58 46 47 59 64 67 66 49 27 25 55 56 48 49 29 61 55 69 58 22 20 13 6 9 26 42 38 31 17 14 14 12 27 37 30 14 19 30 48 59 51 51 47 32 28 49 59 33 24 81 105 110 114 111 97 82 49 18 15 72 84 59 80 78 47 37 52 42 11 0 26 39
49 49 46 36 26 21 21 22 22 20 15 12 11 11 8 8 12 14 13 14 16 18 22 43 54 53 54 52 46 43 41 26 17 46 62 42 35 57 28 53 69 83 66 41 38 32 28 25 33 34 33 37 25 5 6 10 33 35 23 10 11 20 35 55 59 63 59 41 38 52 60 45 30 18 53 56 56 48 32 44 37 24 34 63 80 57 75 75 46 41 56 45 13 2 22 31
44 43 39 33 30 28 26 22 17 13 11 9 6 6 12 19 24 27 25 22 16 14 15 27 36 46 63 60 41 33 45 39 25 51 60 52 52 74 53 18 61 76 71 71 64 59 57 62 62 42 39 47 37 15 3 23 41 30 17 10 9 9 18 35 51 70 66 44 39 52 55 47 58 45 22 58 67 53 38 54 57 40 36 53 72 54 60 63 49 47 59 49 17 0 20 27
