data/GlacierNationalPark/slope.asc
ncols        771
nrows        726
xllcorner    -1620000.000000000000
yllcorner    438000.000000000000
cellsize     100.000000000000
NODATA_value -9999
[rows 539 to 587 of 726, columns 0 to 95 of 771]
117 104 86 88 80 52 10 32 35 45 86 90 64 86 79 47 44 65 62 34 59 65 51 54 49 19 47 60 49 17 4 4 8 8 14 16 10 7 7 13 19 20 16 15 19 19 15 15 20 19 15 17 16 15 8 11 30 40 34 21 33 65 80 83 89 100 103 92 75 62 46 41 33 29 25 21 18 17 16 13 13 17 27 38 42 44 44 49 55 50 40 56 78 67 93 103
120 107 98 91 70 50 17 39 36 55 91 86 53 67 72 57 56 70 61 39 63 70 46 51 42 18 49 47 34 13 7 7 10 8 11 12 11 9 10 18 24 26 22 22 25 25 21 17 19 15 11 8 3 10 10 3 1 4 7 5 22 53 85 100 107 106 102 106 102 71 52 41 35 32 24 11 10 10 1 7 18 23 26 33 40 43 43 43 32 13 35 82 94 66 71 79
64 70 78 75 58 45 25 46 38 70 83 68 71 80 73 54 67 75 60 48 73 78 47 60 40 22 38 33 27 16 13 11 9 11 17 23 27 25 20 18 19 23 27 31 30 28 28 22 21 14 8 0 3 3 10 6 7 11 10 11 24 30 44 73 87 79 70 66 70 64 59 34 27 30 26 7 9 19 27 32 34 25 20 23 25 26 24 13 11 35 62 84 65 47 66 95
14 33 51 52 44 32 28 47 38 71 74 56 60 86 74 34 56 63 44 46 79 83 48 70 46 22 30 29 25 15 19 21 22 25 29 33 37 38 35 32 34 45 59 57 44 37 37 30 23 15 13 11 7 3 8 5 6 6 10 8 16 38 56 61 66 74 58 31 41 63 59 33 32 35 21 7 21 34 40 42 37 29 29 35 40 35 22 17 28 30 53 65 39 49 67 86
65 63 56 38 22 22 35 45 38 64 67 51 84 120 90 56 66 56 30 41 76 76 46 72 49 17 25 28 24 15 22 28 31 31 30 28 30 36 45 52 57 63 64 61 59 57 58 53 47 40 32 24 16 6 7 4 3 6 6 5 4 26 78 91 49 19 36 44 48 61 59 45 41 24 4 24 33 30 28 30 28 29 34 38 35 29 28 37 34 24 39 47 45 53 59 63
75 80 86 74 31 12 39 44 44 71 79 60 110 125 72 53 61 51 34 55 80 66 48 72 47 17 23 24 22 27 35 44 49 51 48 43 44 50 55 58 56 48 35 37 48 49 49 48 44 47 48 43 33 15 12 10 4 8 10 5 10 3 66 101 65 23 57 46 38 53 57 46 35 28 44 49 46 36 30 32 29 28 30 22 18 34 48 41 23 17 22 29 41 46 53 53
50 63 84 85 48 0 36 43 49 81 86 58 112 115 56 44 54 47 35 53 72 56 48 70 44 18 25 20 23 33 41 46 50 52 59 75 88 88 78 66 53 38 29 29 28 26 23 25 23 29 39 47 43 24 18 16 13 19 11 10 8 1 56 94 64 12 47 34 30 45 52 49 49 54 60 52 44 43 53 54 43 30 16 14 34 40 46 31 13 13 12 15 22 28 39 51
35 69 85 77 53 13 28 40 55 85 80 57 94 108 89 77 86 74 34 64 86 72 65 76 46 29 27 20 25 32 38 35 33 32 47 71 74 68 58 47 44 40 34 29 26 27 21 19 19 22 24 43 42 26 24 19 14 22 17 18 8 4 55 85 63 7 34 34 43 46 39 40 41 47 47 39 32 41 57 46 33 19 21 39 43 38 36 22 13 14 14 13 17 17 23 46
37 83 86 60 48 26 19 43 74 89 62 54 77 82 71 76 94 85 52 83 98 79 81 83 48 43 40 42 49 52 47 40 35 27 30 32 6 11 19 20 29 33 28 22 21 24 22 12 3 5 17 42 47 38 35 26 14 11 23 22 10 5 55 78 61 14 22 41 63 62 45 49 53 54 49 40 34 41 29 27 33 24 40 43 31 27 23 16 11 13 17 17 19 21 26 46
37 77 78 50 41 38 12 44 89 93 50 44 68 75 65 90 92 73 68 105 93 45 56 47 16 32 45 49 46 29 5 9 11 24 44 70 69 50 18 4 15 21 13 21 21 24 31 27 28 28 10 22 40 38 42 38 22 8 32 25 15 12 57 76 59 31 26 31 55 61 43 46 46 42 34 27 20 20 2 40 41 29 40 36 18 17 19 16 12 10 12 19 22 23 22 30
22 69 75 50 39 44 9 46 95 98 56 52 79 86 71 95 88 67 64 94 94 70 81 60 22 7 22 25 11 21 37 45 51 61 72 84 85 81 71 55 39 32 24 28 29 28 33 39 34 46 42 15 18 24 32 28 20 31 37 26 23 28 70 73 65 53 33 23 47 47 24 27 24 17 11 20 19 23 26 45 40 29 35 28 13 14 18 10 6 9 5 17 18 15 8 3
23 73 78 52 48 48 13 53 97 100 60 65 89 78 57 87 86 57 45 66 92 92 102 89 58 43 21 24 31 36 37 29 35 52 56 45 47 52 69 80 68 49 38 34 35 34 37 53 49 62 74 53 14 22 29 23 20 40 40 28 21 54 86 62 76 65 29 29 59 56 37 28 5 10 13 33 39 40 41 35 31 29 31 21 12 21 35 36 45 54 51 51 43 35 23 16
30 78 80 51 60 47 20 59 94 93 62 83 84 60 51 85 95 57 48 54 66 72 90 85 57 50 48 63 60 58 59 52 55 68 58 40 43 39 42 51 53 37 36 39 41 39 43 60 56 53 81 93 65 52 48 42 31 37 42 30 11 72 92 53 78 58 16 42 89 93 79 85 82 67 62 65 68 71 68 30 26 31 28 16 14 36 53 54 67 74 74 79 76 73 67 59
27 79 78 47 63 40 30 59 88 86 64 88 87 81 76 93 101 77 79 74 70 70 91 87 47 29 57 66 60 65 71 66 70 74 60 55 61 71 79 72 64 44 43 46 44 42 51 62 52 37 55 92 89 71 61 51 41 35 43 34 9 84 83 51 65 52 64 85 113 93 53 62 93 104 96 90 85 82 84 83 58 47 38 34 32 46 59 50 51 48 50 57 55 60 71 73
33 79 69 45 65 36 32 56 79 77 64 78 75 70 69 87 95 87 83 72 57 58 106 101 28 36 61 59 56 55 56 53 58 56 50 56 60 68 74 80 78 52 52 65 69 60 68 68 51 45 44 62 71 63 56 48 43 39 41 34 40 95 67 51 30 68 101 117 121 81 46 41 49 64 73 78 74 67 66 94 88 75 64 62 62 63 67 63 72 77 72 66 58 56 57 60
43 76 54 48 72 35 28 54 70 73 78 81 72 66 62 65 69 61 76 84 57 77 123 94 4 48 55 51 65 81 83 71 59 52 47 42 31 28 28 57 73 51 52 73 72 62 60 56 47 51 56 76 96 91 70 55 49 38 31 22 62 98 61 53 16 69 72 89 87 62 56 61 68 76 88 87 69 62 56 68 71 71 64 60 64 69 70 75 83 75 72 78 82 90 94 97
47 72 45 48 75 42 22 50 62 63 77 93 85 73 76 61 41 43 93 100 60 95 117 62 17 55 55 44 59 74 78 75 73 71 69 66 56 50 45 56 67 56 54 75 55 55 47 48 44 58 72 79 89 93 82 71 65 50 32 14 74 99 64 50 35 77 45 60 59 39 44 55 60 62 71 74 75 76 72 85 98 94 79 71 73 74 77 80 72 40 32 48 63 77 86 91
44 67 43 55 74 46 7 40 48 43 55 82 78 56 76 71 46 57 103 101 58 98 106 43 42 52 51 41 58 57 46 53 65 69 67 73 69 66 61 73 85 81 79 91 67 66 55 52 50 64 70 53 51 60 66 58 58 51 32 25 86 99 54 41 87 104 73 66 61 40 33 38 40 36 42 41 51 60 60 68 78 84 90 93 92 93 98 89 63 35 27 27 29 32 36 42
42 61 40 68 72 41 9 35 47 44 60 87 82 62 86 84 58 80 116 93 54 89 82 38 70 77 66 54 68 65 47 47 48 48 46 56 51 48 47 64 85 90 81 79 67 82 85 84 79 82 71 47 45 49 46 34 40 41 31 41 96 97 29 72 122 113 89 83 80 64 57 53 45 37 35 26 20 27 27 30 33 43 60 69 72 76 76 67 58 55 60 63 60 53 43 38
41 59 40 71 70 41 19 30 46 44 74 92 79 70 90 79 49 86 101 60 36 75 57 41 71 81 79 71 75 69 53 62 76 81 76 78 59 47 48 56 67 74 62 55 51 68 82 83 77 73 57 40 42 51 49 38 43 38 34 52 107 90 18 84 85 57 53 66 71 61 58 55 49 44 36 24 19 30 27 25 28 29 33 34 42 46 38 32 39 48 55 62 67 66 60 58
43 62 43 69 69 46 32 19 45 40 78 90 70 74 99 86 52 89 104 75 57 81 51 37 66 62 57 63 73 70 51 70 82 77 77 93 79 65 69 77 85 88 66 49 46 45 49 52 51 46 30 18 19 39 43 31 43 39 35 75 114 58 43 84 73 44 43 50 44 32 33 36 38 37 30 21 20 35 35 31 32 29 28 30 39 37 27 26 28 30 27 32 42 47 49 57
35 57 45 69 67 47 44 7 41 40 81 91 66 71 88 75 53 80 92 75 64 88 63 29 75 72 53 60 69 63 42 60 73 43 45 81 79 63 65 67 73 91 92 84 75 69 72 70 58 45 25 8 12 35 39 29 46 45 44 101 86 31 51 68 64 36 46 54 46 34 29 28 24 22 18 15 19 37 38 31 31 27 24 25 35 33 25 29 36 41 39 36 34 32 36 43
28 48 45 67 62 46 49 4 38 42 86 96 67 80 75 51 53 81 87 66 64 82 65 15 81 81 50 57 76 79 74 77 76 52 39 66 65 42 50 50 49 69 91 95 86 77 75 73 69 57 43 26 18 35 41 35 51 50 57 90 47 57 48 42 53 37 55 62 43 27 30 39 38 42 45 42 28 39 38 24 23 21 18 19 28 28 19 29 40 43 40 40 38 39 49 61
25 46 46 65 59 46 55 14 38 42 84 96 80 103 87 51 50 85 84 58 79 89 55 11 83 83 52 67 72 65 70 81 75 68 57 76 88 81 68 55 50 56 64 66 64 57 52 49 48 44 55 44 29 43 54 61 79 82 90 65 8 40 40 34 28 39 67 71 37 21 35 47 43 44 48 56 53 49 39 27 26 25 21 20 26 26 18 30 40 42 34 36 38 38 45 52
30 50 53 66 53 46 57 11 36 36 71 80 61 95 88 51 61 93 86 60 86 79 44 26 74 82 54 78 76 49 43 49 60 66 61 78 94 93 81 70 66 64 67 72 71 57 45 32 27 51 59 52 42 50 63 85 101 97 82 31 39 34 39 58 62 50 63 66 36 32 50 48 29 29 30 34 48 47 36 27 28 27 24 26 30 28 24 39 47 46 42 34 30 25 28 28
29 49 61 63 43 44 55 12 39 44 71 74 64 96 93 63 75 95 82 57 59 59 64 60 70 81 61 80 74 46 44 56 56 51 46 50 63 66 64 63 58 52 51 51 52 41 13 28 51 64 63 55 56 64 68 95 95 60 15 38 48 36 57 59 71 72 62 56 42 55 66 52 41 37 32 25 28 35 36 30 27 25 22 28 31 27 28 47 55 50 47 34 36 35 30 25
26 48 66 60 37 40 54 16 45 64 75 64 63 87 87 63 83 89 64 54 41 48 58 58 63 71 63 79 73 47 51 68 59 44 50 49 57 57 50 42 35 26 14 8 30 50 57 65 68 68 68 72 85 83 76 95 67 17 40 59 49 37 56 51 24 34 43 48 48 66 67 49 46 41 41 43 47 55 61 57 40 29 24 25 26 23 27 50 57 45 39 31 32 36 39 43
32 43 67 62 37 34 53 16 47 74 76 56 58 83 88 66 92 95 71 66 57 55 56 47 36 53 57 79 77 55 69 75 57 48 58 47 49 53 49 32 12 19 33 35 57 77 71 56 50 59 63 88 95 71 64 65 26 59 76 80 69 65 70 57 33 36 41 42 43 65 64 40 38 34 38 42 46 52 54 60 62 56 52 49 45 40 35 53 57 37 35 30 25 28 39 49
85 70 69 61 35 38 57 14 48 73 74 54 60 80 75 55 81 88 66 61 71 76 72 66 50 64 58 77 79 52 70 70 53 50 60 42 28 29 28 26 39 63 71 74 87 98 87 72 64 67 66 91 77 36 47 31 31 55 66 71 63 64 75 70 64 72 76 73 66 74 66 39 37 33 28 26 29 33 29 32 48 54 54 52 52 54 61 70 62 42 44 36 27 31 36 34
95 83 65 50 31 53 58 15 47 68 70 56 76 79 55 49 77 80 46 41 61 72 74 75 56 69 70 83 82 60 83 81 53 54 59 29 19 42 51 53 68 79 70 75 89 94 77 64 76 94 95 88 58 31 48 8 52 49 55 49 36 36 47 48 58 80 84 84 80 76 63 45 51 51 46 43 41 37 30 26 24 27 31 35 43 49 60 66 53 42 44 36 31 37 40 35
60 55 43 31 27 59 44 28 47 59 61 59 89 80 50 50 78 80 39 44 55 54 56 65 42 53 71 83 76 67 92 84 52 57 42 12 46 72 82 73 83 85 60 57 62 65 49 49 85 98 84 58 33 33 26 41 71 59 63 49 33 34 47 50 46 60 56 49 55 60 58 51 59 59 50 46 45 41 38 37 40 45 45 42 43 42 41 38 32 32 36 32 29 35 36 28
58 63 54 30 23 56 37 32 50 55 51 52 86 83 51 52 67 69 63 80 78 76 77 83 57 48 80 76 60 64 87 76 48 44 12 41 53 85 92 75 104 114 94 85 80 68 46 64 92 69 39 21 16 23 26 71 71 62 56 39 29 44 60 59 55 63 58 43 46 59 61 52 54 48 36 35 37 36 36 40 45 48 51 54 53 47 47 46 43 39 34 30 24 28 25 14
17 32 52 54 42 51 33 29 57 55 42 45 82 87 58 57 51 42 69 86 79 79 74 85 76 71 91 92 73 82 90 67 42 25 20 45 54 93 91 52 112 120 95 84 75 61 49 79 95 53 33 23 9 12 51 69 56 51 43 35 35 53 62 57 54 63 63 48 57 69 67 67 71 58 42 39 39 35 32 34 33 32 40 48 46 41 45 48 44 40 37 34 30 29 21 11
35 30 10 40 49 43 24 27 60 58 41 45 80 90 67 68 39 30 53 59 52 54 61 65 70 74 85 95 73 86 81 54 39 13 32 41 58 94 94 65 117 100 54 55 47 38 38 76 88 32 22 25 39 61 84 83 69 64 55 45 42 50 54 47 45 61 62 45 57 66 59 59 60 52 50 50 49 48 48 42 33 30 33 28 23 25 33 32 25 24 29 29 25 21 13 10
40 49 42 18 4 16 13 23 58 62 42 44 77 87 73 80 45 53 64 69 58 58 64 61 57 49 63 86 59 74 63 38 26 22 44 40 67 85 78 77 121 105 28 36 37 31 28 65 72 3 41 58 65 72 76 66 51 52 53 53 55 61 63 57 59 69 60 40 50 56 42 35 33 28 34 38 35 34 34 32 30 29 28 24 22 26 29 25 15 16 18 15 12 7 6 7
50 60 61 53 44 36 19 11 53 65 42 45 70 72 66 75 49 63 71 77 66 78 79 81 77 65 61 85 59 70 58 25 5 39 48 39 72 77 58 65 110 116 67 31 35 39 38 61 50 25 58 62 51 45 44 34 23 39 43 41 46 54 56 53 62 66 56 49 56 52 32 26 23 15 10 10 9 10 10 14 19 20 21 19 17 21 23 20 13 16 17 12 8 6 6 4
48 58 55 45 45 48 40 18 36 67 48 59 71 59 58 61 49 65 69 65 51 74 79 76 70 66 56 81 63 69 45 1 32 54 49 46 79 83 62 75 108 113 87 50 35 35 34 51 22 38 54 54 40 35 37 30 19 46 50 30 30 40 42 39 54 54 47 47 43 31 18 21 19 9 6 6 6 6 13 16 12 11 14 15 14 18 19 17 15 18 17 13 11 12 14 14
31 48 44 30 34 40 42 37 7 56 56 71 76 59 60 66 84 93 80 57 39 52 58 53 50 51 39 71 63 57 17 27 52 62 62 68 88 86 60 88 116 110 90 50 25 20 28 46 17 46 53 55 35 28 34 32 27 55 60 39 46 50 40 35 54 53 40 31 19 15 15 23 19 10 7 8 8 10 18 19 15 16 19 18 14 18 19 17 16 18 17 14 14 15 19 22
35 49 45 34 35 34 32 43 20 41 58 70 70 59 57 64 84 87 81 70 62 66 72 72 68 58 31 62 60 41 8 42 55 61 64 70 87 85 59 98 122 106 85 44 30 28 40 34 29 49 56 56 31 30 39 39 42 62 64 45 53 51 42 44 56 49 27 24 19 17 19 26 21 11 10 10 11 15 21 21 18 20 22 20 20 27 28 25 25 24 18 14 13 14 18 19
41 52 40 38 40 37 30 52 37 28 58 68 60 50 43 52 60 58 61 66 67 64 63 66 72 73 37 55 62 29 26 50 61 63 56 55 79 83 66 106 130 106 74 37 30 30 24 12 52 55 61 60 36 37 47 44 46 61 60 39 44 42 37 39 42 32 15 21 22 20 23 30 24 12 12 12 13 16 20 19 16 19 20 20 26 33 31 28 28 25 23 22 24 28 30 31
44 55 33 33 41 40 29 53 50 7 54 78 70 57 55 62 56 53 56 53 53 52 50 45 54 73 38 48 63 15 46 56 77 83 76 76 85 83 64 99 123 100 61 29 24 21 14 43 52 54 61 60 41 52 64 59 62 67 53 34 42 40 24 18 26 26 15 21 23 20 25 35 29 13 13 17 20 24 28 25 21 21 21 22 27 29 25 22 21 19 23 30 34 36 37 42
43 57 30 33 41 36 27 47 52 20 32 76 77 56 49 54 59 62 43 17 11 32 48 45 46 72 38 47 55 3 57 62 94 95 78 83 78 67 60 93 116 96 54 29 25 9 35 55 40 49 53 48 39 55 64 53 60 56 36 28 38 32 16 16 23 23 14 23 26 24 35 42 29 13 16 21 22 26 27 24 22 27 33 35 37 36 30 23 20 22 28 33 33 31 31 42
57 61 36 43 43 30 27 46 48 27 3 49 65 39 26 38 53 37 23 29 31 17 23 46 53 75 57 60 41 16 59 65 100 97 61 68 64 54 57 94 114 94 52 23 29 18 45 51 35 52 54 44 44 61 58 38 48 40 22 23 29 24 13 21 28 21 16 25 29 28 42 40 20 10 15 20 20 22 18 14 16 29 37 35 33 31 25 23 31 41 46 45 45 43 38 42
46 47 31 36 37 23 22 41 46 38 22 35 52 30 23 37 43 20 52 32 24 22 12 23 51 68 67 62 29 42 65 77 100 90 65 81 69 51 65 100 105 87 53 18 40 36 45 35 32 59 61 41 40 59 57 37 48 40 25 25 24 15 7 23 32 22 18 29 32 27 41 35 13 9 16 24 21 20 15 11 17 32 33 24 22 19 14 16 32 43 39 40 45 46 43 33
36 44 36 40 39 26 25 39 48 47 34 21 42 22 35 48 22 45 57 28 25 28 34 15 21 39 38 28 37 69 66 85 90 69 62 83 69 33 61 87 81 78 61 18 51 54 48 26 28 61 67 44 42 55 54 45 53 41 26 27 22 14 7 20 31 24 25 33 30 23 35 32 14 12 23 27 19 18 15 16 23 37 36 22 21 17 13 14 30 34 22 30 31 23 20 9
56 62 56 60 54 34 26 27 30 39 44 10 38 27 47 31 22 60 57 34 34 39 52 50 39 22 21 28 50 70 64 82 78 53 55 79 82 59 82 90 75 80 79 21 49 61 58 31 25 60 69 41 49 55 47 46 58 47 26 29 17 4 3 16 29 26 34 32 25 22 31 31 17 17 28 26 16 15 16 21 29 38 32 16 19 23 25 29 36 38 31 29 17 1 10 24
43 54 48 59 59 37 35 33 27 39 56 14 38 30 23 20 43 61 56 36 43 48 58 51 57 67 73 80 85 77 63 70 68 48 51 67 66 50 79 86 69 78 92 33 39 55 60 39 29 60 65 36 57 63 43 40 55 50 36 44 30 11 8 18 28 28 37 33 25 25 30 29 16 21 28 22 15 14 19 24 31 33 23 14 23 32 32 38 42 41 29 10 8 20 29 40
29 42 37 51 55 36 42 40 27 38 64 34 27 18 23 43 40 59 58 36 49 38 46 32 42 63 75 87 98 95 72 55 54 41 62 76 60 51 76 79 63 85 95 28 32 46 54 46 43 56 51 33 59 68 49 51 60 62 57 63 44 15 12 23 27 28 41 41 30 23 30 28 13 21 27 20 17 20 29 32 33 31 21 17 29 38 32 35 36 26 7 13 26 34 44 53
31 44 40 50 45 29 42 42 28 33 58 57 8 41 46 37 36 60 61 42 64 42 52 32 45 55 59 77 88 79 69 53 52 54 67 65 50 51 77 76 59 101 98 12 34 36 41 46 57 54 45 37 51 65 68 72 66 57 55 70 59 25 18 25 25 29 46 48 38 31 35 28 13 22 27 19 21 30 33 31 37 40 34 35 44 47 38 33 23 4 13 25 37 43 50 49
