data/GlacierNationalPark/slope.asc
ncols        771
nrows        726
xllcorner    -1620000.000000000000
yllcorner    438000.000000000000
cellsize     100.000000000000
NODATA_value -9999
[rows 539 to 587 of 726, columns 576 to 671 of 771]
68 65 80 31 98 97 61 61 76 64 46 65 66 55 57 62 51 31 34 37 28 23 20 13 13 18 21 17 15 25 24 16 18 12 2 6 20 22 12 8 10 13 17 15 6 5 14 14 4 4 9 2 14 30 26 7 7 6 14 16 12 10 7 6 16 14 3 12 4 18 31 39 36 18 6 0 0 0 1 1 1 1 1 1 1 1 0 0 0 0 0 4 31 34 7 17
90 67 54 15 86 91 56 70 77 58 48 57 55 44 59 59 46 39 43 42 28 27 24 16 10 12 13 14 14 19 20 14 18 16 6 6 13 20 15 8 8 13 18 20 7 0 13 16 7 1 6 8 4 30 30 10 2 7 10 18 14 13 11 12 17 10 5 11 3 12 21 31 33 24 11 1 0 0 0 1 1 1 1 0 1 1 1 1 0 0 0 2 28 36 15 11
49 21 21 37 80 80 51 76 80 56 50 58 52 35 55 57 41 41 52 49 28 28 25 20 19 17 12 16 15 10 15 13 18 17 9 7 10 16 17 10 6 10 22 26 8 3 11 16 7 3 1 8 3 28 31 11 3 9 8 17 14 14 17 17 13 4 5 9 6 12 16 23 29 31 21 5 0 0 0 0 0 0 0 0 1 1 0 0 1 0 0 1 23 36 23 2
67 64 62 67 82 72 48 70 74 50 52 62 50 31 49 51 35 35 54 54 31 29 24 18 22 28 19 11 12 8 10 13 18 16 10 10 9 13 16 12 4 6 23 30 13 5 11 15 5 3 2 6 7 23 29 13 0 9 6 16 14 16 20 15 10 5 4 10 7 10 11 14 23 33 34 14 0 0 0 0 0 0 0 0 0 0 0 0 0 0 0 0 16 32 27 15
72 66 56 70 76 60 52 73 70 39 50 59 41 36 52 54 41 41 55 54 36 33 26 16 22 32 24 9 5 9 8 12 18 14 9 12 10 9 15 16 3 1 21 31 20 6 9 11 3 3 3 1 4 15 25 15 9 8 6 14 15 16 19 11 14 16 6 6 6 7 6 7 14 27 40 25 1 0 0 1 1 1 1 1 0 1 0 0 0 0 0 1 12 25 27 25
75 73 52 64 66 56 53 65 55 25 38 54 54 49 58 57 42 49 55 53 46 40 33 21 28 33 25 15 7 8 7 11 17 11 9 15 11 5 16 18 4 2 19 30 22 11 8 7 2 3 3 1 0 11 21 14 16 4 9 12 14 14 16 6 8 19 20 4 11 10 4 1 8 20 42 33 5 0 1 1 0 0 0 1 0 0 0 0 0 0 0 2 10 22 27 29
56 79 54 55 42 35 35 37 41 45 57 61 53 45 56 54 36 48 48 43 45 45 36 22 31 35 28 21 13 8 10 8 13 9 7 17 14 4 14 19 6 4 16 29 21 16 8 4 2 4 3 4 4 12 19 14 17 6 8 11 14 10 13 7 2 10 25 15 7 10 8 6 4 12 37 39 17 4 1 1 0 0 0 1 0 0 0 0 0 0 0 0 8 21 30 30
27 59 66 84 72 40 33 47 64 71 72 74 63 62 65 57 45 55 46 33 41 43 34 21 29 34 29 23 18 12 8 8 8 10 9 19 18 8 11 17 9 4 15 26 19 17 10 3 2 3 1 5 9 17 16 14 17 11 10 15 11 5 10 9 2 3 22 19 14 7 12 12 9 6 22 36 31 14 3 1 2 1 1 1 0 0 0 0 0 0 0 0 5 18 35 32
60 48 22 57 77 77 75 69 64 58 63 74 67 78 75 54 48 64 53 29 42 43 30 24 30 34 28 27 21 13 6 5 7 14 19 25 20 13 14 17 13 11 19 21 15 16 11 4 4 4 2 5 10 21 15 14 15 16 11 12 8 2 7 12 3 3 15 14 19 19 6 13 11 3 9 24 34 27 9 0 1 2 1 1 0 0 0 0 0 0 0 0 3 13 38 35
76 85 80 62 36 13 18 9 16 28 54 59 45 77 79 51 46 66 58 29 40 40 27 26 33 34 27 32 25 15 13 6 9 10 16 21 13 7 12 16 13 12 13 10 12 17 12 5 6 4 3 6 9 21 17 15 14 16 12 6 3 3 5 13 6 1 9 8 15 28 18 7 18 19 6 13 29 32 13 0 0 0 1 1 1 1 1 0 0 0 0 0 2 9 36 40
60 69 82 87 79 66 60 54 52 46 56 50 38 78 83 52 44 62 58 31 39 37 25 24 33 35 25 33 29 16 16 12 7 8 18 30 26 20 19 17 12 11 10 9 12 19 16 7 7 4 3 8 4 18 18 17 15 15 10 9 12 5 7 11 3 2 7 5 8 25 27 14 5 12 24 22 28 32 11 3 1 0 0 0 0 0 1 0 0 0 0 0 1 5 32 42
63 63 60 61 60 56 50 48 58 60 55 40 33 74 81 50 47 58 54 37 42 39 26 24 31 31 24 33 30 17 16 12 8 6 7 18 22 27 30 30 26 20 13 8 10 18 17 11 11 6 3 7 2 15 19 14 14 17 8 6 15 17 8 6 5 5 8 5 4 20 26 20 23 18 9 24 25 21 9 3 2 1 0 0 0 0 0 1 0 0 0 0 0 2 28 41
85 82 81 86 82 69 55 48 43 40 35 27 24 63 73 48 56 58 46 39 45 42 26 28 29 27 27 34 31 18 19 12 3 3 7 7 7 14 18 22 24 22 17 11 11 16 15 12 16 11 1 6 0 14 19 12 12 19 8 9 9 23 13 5 6 5 7 6 4 13 24 18 14 23 27 15 9 12 10 3 2 1 0 0 0 0 0 1 0 0 0 0 0 1 24 39
87 82 80 84 89 90 84 76 70 66 51 32 17 51 63 42 59 57 41 40 46 43 27 30 29 25 30 36 32 21 22 17 7 5 5 5 5 8 11 16 21 22 17 12 15 15 12 10 18 18 2 6 2 13 18 11 11 19 7 8 5 21 12 3 2 3 6 5 3 4 17 24 18 19 23 27 28 25 17 6 1 1 0 0 0 0 0 0 0 0 0 0 0 1 19 35
68 62 57 51 62 78 78 70 67 66 57 46 36 45 51 38 55 55 41 43 46 39 27 30 27 22 30 34 28 21 23 20 12 7 3 5 7 10 12 16 21 22 16 11 18 17 10 8 15 20 6 5 5 11 15 11 10 17 8 5 11 16 8 4 2 2 5 5 3 4 7 21 25 20 14 16 20 27 23 8 1 2 1 0 0 0 0 0 0 0 0 0 0 1 13 29
89 85 72 55 50 52 51 48 47 49 54 57 52 43 38 33 46 51 42 51 48 35 30 32 27 22 35 34 22 20 23 20 13 10 3 4 5 9 11 17 22 21 13 11 21 20 11 10 12 17 13 0 1 10 12 13 10 14 11 5 11 9 3 7 8 6 7 8 5 4 9 7 26 23 9 7 15 29 26 9 1 2 1 0 0 0 0 0 0 0 0 0 0 2 9 23
71 71 68 65 65 70 76 78 72 63 60 64 58 37 28 28 36 40 39 55 51 33 32 33 28 23 37 35 21 22 26 20 12 13 5 3 2 6 10 15 24 22 9 8 21 23 11 12 12 13 18 11 3 6 13 16 9 10 13 10 8 3 4 6 8 9 8 9 8 2 9 3 22 25 11 10 16 26 27 12 2 2 2 1 0 0 0 0 0 0 0 0 0 1 6 18
26 26 34 47 55 61 70 74 76 79 81 87 93 85 63 39 30 27 31 53 51 32 32 33 28 22 35 36 23 23 29 21 11 13 9 3 2 5 9 14 24 23 8 3 19 25 10 12 13 10 14 21 11 3 16 18 7 7 13 12 8 0 5 4 3 6 7 8 7 3 4 7 13 24 15 16 18 24 29 20 7 2 2 1 0 0 0 0 0 0 0 0 0 0 3 9
12 7 8 11 11 15 24 36 49 64 73 78 88 93 92 80 61 43 32 48 47 31 34 32 25 19 32 35 22 25 29 18 11 12 10 5 2 4 8 13 23 23 11 4 16 25 11 10 13 7 6 25 18 3 11 19 9 5 13 14 6 2 6 3 2 7 9 6 3 4 1 7 5 18 14 15 18 22 25 19 8 3 2 2 1 0 0 0 0 1 1 0 0 0 1 1
42 41 38 34 34 30 17 6 17 29 35 38 47 56 68 79 75 63 49 44 35 26 38 31 19 19 33 37 24 32 30 12 9 11 11 7 3 4 7 11 22 22 12 5 13 24 14 11 16 14 10 22 23 2 4 16 13 10 16 11 5 6 5 2 4 9 11 5 2 4 7 10 9 15 18 21 28 32 26 15 6 3 3 2 1 0 0 0 0 1 1 0 0 0 1 0
51 55 52 48 48 52 51 42 35 20 6 5 19 36 45 48 53 56 53 45 28 18 38 29 13 16 31 38 27 37 34 14 10 12 14 10 4 4 6 9 20 22 13 6 10 19 14 8 14 20 17 18 25 15 6 15 11 15 17 2 11 11 2 3 4 10 11 4 3 9 23 31 39 40 33 26 21 16 18 13 4 3 4 2 1 0 0 0 0 1 0 0 0 0 0 1
43 49 49 44 39 43 52 52 53 46 34 28 23 13 10 24 42 54 56 44 31 20 34 27 9 13 26 32 26 37 36 16 10 12 16 13 8 5 6 8 19 22 14 10 10 15 12 1 4 18 22 14 16 24 21 15 6 14 16 11 15 16 10 3 7 13 11 5 6 18 31 16 8 7 7 18 25 30 34 25 3 3 4 2 0 0 0 0 0 1 0 0 0 0 1 1
65 73 80 63 47 47 48 45 48 46 40 41 42 38 28 19 17 21 34 44 45 37 37 31 16 13 22 25 23 35 35 17 9 10 14 14 11 7 6 9 18 19 13 14 13 13 11 2 0 14 24 13 6 18 28 22 10 12 13 10 11 17 19 4 9 11 9 6 7 19 17 25 37 39 35 30 28 22 42 33 2 3 4 2 0 0 0 0 0 1 0 0 0 0 2 1
68 74 91 98 87 87 82 72 71 72 58 49 52 49 44 42 35 23 14 23 38 41 37 32 24 20 18 20 21 33 34 19 12 10 12 14 14 9 6 11 16 15 12 17 17 12 11 5 8 17 23 10 3 16 25 17 9 12 9 5 6 15 22 8 5 8 7 4 8 18 25 27 18 14 11 9 9 18 50 35 1 2 4 2 1 0 0 0 0 0 0 0 0 0 2 1
52 57 69 94 94 87 81 73 76 82 78 76 77 70 67 69 54 35 37 26 8 23 24 21 17 20 18 15 16 29 32 21 16 12 11 14 17 12 6 12 15 13 11 18 20 14 13 8 13 23 17 5 4 20 23 11 8 13 10 5 7 18 18 7 6 8 4 7 10 13 13 8 1 3 10 10 13 27 49 32 1 1 3 3 1 0 0 0 0 0 0 0 0 1 2 0
73 56 51 64 69 63 59 53 57 68 73 77 77 69 67 75 68 49 51 40 19 9 18 21 16 15 15 14 16 24 26 19 16 13 10 13 18 13 8 12 15 14 11 15 20 19 17 11 14 16 8 6 7 23 20 6 8 14 12 5 11 17 12 4 6 7 7 5 2 1 0 2 3 4 12 15 18 29 42 26 3 3 4 3 1 0 0 0 0 0 0 0 0 2 2 2
80 70 67 77 91 95 88 70 58 62 59 58 62 49 52 62 54 46 52 47 35 31 21 12 16 21 22 20 18 19 20 17 15 13 9 15 17 10 9 13 17 15 13 10 16 23 21 12 8 11 8 11 14 24 20 9 9 13 11 4 9 10 5 3 1 5 6 5 6 2 2 3 4 4 10 14 19 26 37 25 2 3 2 1 0 0 0 0 0 0 0 0 1 2 1 2
64 74 71 72 85 98 101 94 73 62 52 57 57 37 58 65 45 39 38 44 41 45 37 19 14 15 20 21 16 12 14 15 16 13 10 16 15 8 8 15 19 15 17 16 23 32 25 12 4 9 13 11 10 20 16 6 8 8 7 8 12 8 4 7 4 3 5 9 10 3 1 5 4 3 7 9 18 31 40 27 4 1 1 0 0 0 0 0 0 0 0 0 2 2 0 1
67 70 56 41 42 54 50 64 54 39 40 54 46 33 61 62 39 42 44 44 42 50 46 27 25 23 13 13 12 8 9 13 15 14 10 15 15 9 8 18 22 17 24 27 29 26 16 10 10 11 12 13 12 15 13 4 5 4 8 13 16 9 6 9 9 6 7 12 14 5 2 5 3 3 5 4 10 34 44 27 8 1 0 0 0 0 0 1 0 0 0 0 1 1 0 0
91 89 70 38 41 47 45 57 47 35 59 65 47 39 48 44 42 52 49 44 46 59 61 47 44 37 18 7 10 5 6 13 15 13 10 15 15 9 10 19 23 21 31 27 10 15 24 24 12 11 14 15 13 13 12 5 4 3 7 14 20 12 10 9 10 3 5 13 16 6 4 4 3 2 4 4 3 31 46 28 12 1 0 0 0 0 1 0 0 0 0 1 1 1 0 0
47 44 40 60 71 70 73 67 53 45 63 57 31 29 40 43 43 49 50 39 41 56 61 56 65 53 23 10 11 11 6 15 15 10 10 15 15 10 17 24 23 28 30 11 20 26 26 32 36 30 18 10 11 11 11 6 3 2 7 10 17 8 7 7 11 1 6 13 14 7 7 5 4 3 5 7 4 24 44 32 16 2 0 0 0 0 0 0 0 0 0 1 2 0 0 1
45 52 48 82 89 70 63 53 43 33 37 42 50 59 64 60 49 54 53 38 31 42 42 42 73 66 29 17 6 13 7 15 14 9 12 18 21 23 32 35 31 28 12 20 26 18 16 17 28 38 32 18 17 14 11 9 5 2 8 8 16 5 4 10 11 4 6 13 11 8 9 5 3 3 5 8 5 16 37 35 22 5 0 0 0 0 0 0 0 0 0 2 2 0 0 1
72 55 50 83 87 52 49 33 17 22 35 55 70 71 64 52 46 53 52 40 33 39 33 33 75 73 33 24 10 12 8 13 14 12 22 34 37 37 35 23 9 13 26 33 24 20 17 9 11 29 30 14 16 14 11 11 8 2 9 5 17 6 3 10 12 6 8 11 8 7 7 4 1 4 6 6 2 11 27 33 27 10 0 0 0 0 0 0 0 0 0 2 2 0 0 2
77 67 73 79 61 30 52 79 65 51 57 58 56 56 52 38 38 47 49 41 41 37 25 31 76 75 35 31 17 10 11 10 15 16 36 43 31 21 8 13 25 31 31 25 19 22 20 11 11 26 27 18 19 15 10 11 9 1 9 2 15 11 4 8 11 8 12 11 6 4 5 6 4 6 6 4 2 12 23 27 29 13 0 0 0 0 0 0 0 0 0 2 1 0 1 2
70 53 58 41 18 40 78 112 128 109 92 70 48 60 61 39 36 45 48 41 47 38 22 29 75 76 36 36 26 6 16 7 19 28 36 27 15 18 25 28 26 19 12 10 12 24 23 13 17 24 23 22 23 18 11 14 12 2 8 4 12 16 8 6 6 8 17 13 6 5 6 8 8 9 6 2 3 15 24 25 28 13 0 1 0 0 0 0 0 0 0 1 1 0 1 2
59 24 20 19 37 49 70 70 99 89 62 45 38 61 62 41 42 45 40 42 53 42 23 29 75 74 34 36 30 14 12 14 22 39 15 28 50 49 40 32 29 23 13 10 10 24 24 12 20 26 21 22 25 19 11 17 15 6 3 8 6 20 12 4 3 6 17 17 8 2 4 8 9 11 10 5 6 13 21 26 29 15 1 1 0 0 0 0 0 0 1 1 1 1 1 2
41 25 35 64 70 62 72 51 48 59 53 42 41 58 57 40 48 42 27 35 56 49 28 37 66 63 43 46 35 20 3 13 27 36 10 40 40 39 27 20 19 22 17 11 10 24 22 15 21 27 23 24 27 19 9 15 15 9 2 11 3 21 15 5 0 2 12 19 16 5 2 6 8 11 12 8 9 13 21 29 37 21 1 1 0 0 0 0 0 0 1 1 1 1 1 1
35 32 48 83 94 103 83 35 46 72 65 40 40 56 54 38 47 40 25 29 54 53 32 41 50 50 53 63 49 24 13 13 27 20 29 44 15 24 15 5 7 16 16 8 10 22 18 18 21 28 27 30 31 19 11 17 15 10 4 13 2 19 18 8 1 1 4 12 20 12 3 4 7 9 11 11 12 11 15 26 42 26 1 1 0 0 0 0 0 0 1 2 2 2 1 0
23 29 48 73 68 68 49 43 48 75 72 46 46 53 45 32 44 42 32 29 48 50 35 47 46 36 40 63 56 27 24 19 19 25 43 39 13 27 18 5 5 13 15 4 9 17 16 15 19 21 24 37 35 16 11 17 16 13 9 7 5 13 17 11 0 2 3 4 14 13 6 4 6 8 8 8 11 11 10 28 46 27 1 1 0 0 0 0 0 0 0 1 1 2 1 0
45 51 50 60 58 5 59 53 48 78 81 53 50 43 27 26 42 45 38 37 42 43 40 49 47 34 38 56 52 29 26 28 33 37 37 27 12 28 19 3 3 12 16 9 9 16 15 13 20 17 15 39 40 16 11 15 14 13 14 6 6 8 12 13 12 10 2 0 9 11 8 4 5 6 4 4 10 13 5 30 51 24 3 1 0 0 0 0 0 0 0 0 0 1 1 1
62 62 64 65 46 33 73 52 47 79 83 45 43 32 14 22 40 43 38 45 39 32 40 56 52 37 44 50 46 38 24 27 30 23 17 16 9 28 20 3 3 8 14 11 7 11 17 14 19 18 13 37 42 20 15 13 9 8 13 14 6 3 4 11 17 21 9 3 7 12 10 7 8 7 3 3 12 15 4 30 52 23 3 1 0 0 0 0 0 0 0 2 1 0 1 2
56 58 67 60 22 65 80 50 47 67 65 41 52 47 29 26 40 42 34 47 38 24 36 56 52 38 46 45 39 40 28 26 23 20 8 10 8 27 20 2 2 5 12 11 4 5 17 20 19 16 13 32 40 28 24 16 6 4 11 15 9 3 1 7 8 25 16 5 0 9 8 6 11 10 4 5 13 13 6 33 52 21 2 1 0 0 0 0 0 0 2 2 3 1 0 1
56 54 41 16 36 81 79 44 44 43 33 48 68 66 45 36 40 39 36 49 39 23 34 55 50 35 44 40 31 33 25 17 15 18 8 6 5 26 19 3 3 4 12 12 4 4 14 24 20 13 14 24 35 33 32 22 8 6 9 12 12 8 1 8 2 26 22 4 5 9 5 1 8 11 7 10 14 10 7 37 50 17 1 1 0 0 0 0 0 1 3 1 3 2 0 0
18 3 20 37 45 81 78 40 38 22 16 41 62 72 47 50 46 34 37 50 42 26 37 53 45 33 43 39 28 28 19 12 14 17 10 3 6 24 16 4 4 3 12 15 3 4 8 26 21 12 14 18 29 35 35 27 11 6 6 10 12 13 5 8 3 25 25 2 4 6 2 1 5 9 7 14 17 11 10 39 47 14 1 0 0 0 0 0 0 2 3 1 2 2 0 0
36 45 49 42 36 70 72 34 34 49 67 62 67 80 46 56 50 33 38 52 45 28 44 51 37 31 40 38 27 31 23 13 15 17 12 2 10 21 9 4 3 3 8 17 10 4 3 24 19 11 13 13 24 36 38 32 16 6 4 6 8 14 8 7 3 25 20 3 3 5 2 2 2 7 7 14 18 14 15 39 43 12 0 0 0 0 0 0 0 1 2 2 1 1 1 0
45 45 39 31 31 48 54 52 62 79 77 54 77 83 53 61 54 36 39 56 48 28 47 51 33 29 37 35 23 36 31 12 14 18 14 2 10 16 7 5 4 4 5 16 15 1 2 19 18 8 11 10 20 33 34 34 22 10 4 5 7 14 9 6 9 23 9 7 9 8 2 4 3 4 6 13 16 14 24 42 35 11 1 0 0 0 0 0 0 0 0 1 1 1 2 1
62 61 49 38 36 34 17 22 29 33 23 40 77 71 54 65 58 38 44 58 47 29 46 49 36 33 36 31 21 38 35 13 15 19 13 3 8 12 5 5 7 5 5 12 16 9 4 13 18 10 12 12 18 29 30 29 24 16 7 5 6 12 9 3 13 18 8 8 11 13 4 5 10 14 16 16 15 16 36 42 23 11 3 0 0 0 0 0 0 0 0 1 2 1 3 2
61 59 52 51 54 50 45 42 36 33 19 43 69 56 50 66 61 38 52 59 42 32 43 46 38 43 41 27 20 37 36 16 19 20 10 5 8 9 2 7 9 9 9 8 12 15 12 12 16 11 12 16 15 27 28 23 23 21 10 4 5 9 8 0 12 13 3 5 11 16 8 5 7 5 9 16 24 29 38 33 15 10 4 1 0 0 0 1 0 0 0 0 2 2 3 2
43 36 35 46 54 52 48 48 52 59 63 52 48 44 48 73 67 36 55 59 41 35 43 42 34 50 49 28 19 34 38 20 21 19 9 7 9 8 1 9 7 10 11 9 6 10 22 16 12 9 10 20 15 28 28 15 21 26 15 5 6 9 9 5 12 10 0 4 10 16 13 5 3 7 14 19 19 19 27 27 14 9 4 1 0 0 1 1 0 0 0 0 1 2 2 1
