data/GlacierNationalPark/Fire1/elevation.asc
ncols        175
nrows        107
xllcorner    -1620000.000000000000
yllcorner    438000.000000000000
cellsize     100.000000000000
NODATA_value -9999
[rows 0 to 37 of 107, columns 87 to 173 of 175]
963 987 1011 1015 1009 997 977 973 974 985 993 1006 1010 1045 1042 1055 1098 1107 1114 1129 1148 1150 1114 1073 1097 1120 1146 1181 1192 1195 1225 1239 1255 1258 1248 1238 1226 1158 1127 1100 1046 964 933 908 880 846 836 826 803 797 816 833 836 858 896 904 903 903 909 924 931 931 952 974 991 991 979 970 967 971 971 971 971 978 984 988 984 984 988 994 994 998 1008 1017 1039 1037 1058
900 950 992 1014 1010 990 983 973 968 980 988 1002 1009 1021 1038 1043 1083 1092 1101 1112 1114 1114 1097 1000 1017 1091 1117 1159 1168 1175 1205 1220 1234 1246 1251 1243 1234 1175 1143 1112 1077 998 950 916 869 843 835 828 806 798 804 832 834 851 882 898 897 897 899 911 923 927 939 958 976 988 985 973 966 966 968 973 969 973 980 986 984 982 985 992 994 998 1004 1014 1018 1027 1045
875 916 980 989 997 992 990 983 975 968 978 992 1016 1009 1016 1032 1064 1075 1081 1096 1103 1105 1083 976 987 1025 1057 1073 1108 1131 1154 1198 1213 1244 1252 1249 1239 1184 1151 1121 1047 1013 961 923 863 842 833 826 819 798 802 831 832 845 888 892 890 892 893 899 914 919 934 949 971 988 984 972 965 966 965 963 971 971 971 983 985 981 982 991 992 997 1000 1017 1011 1017 1033
853 895 960 975 983 982 987 988 987 964 959 966 990 996 1001 997 1041 1046 1056 1075 1083 1087 1076 960 948 987 1008 1026 1064 1112 1135 1152 1167 1214 1239 1252 1253 1202 1159 1129 1057 1018 970 932 864 842 832 822 813 806 819 830 833 850 878 884 886 884 884 892 904 921 929 943 968 986 982 972 969 970 966 963 968 972 970 981 985 983 980 988 989 995 1005 1015 1006 1007 1022
832 910 939 958 968 966 976 984 984 963 952 951 953 958 962 967 1002 993 987 1016 1026 1026 1052 946 914 940 953 980 1026 1090 1122 1134 1144 1197 1226 1247 1254 1214 1177 1139 1079 1039 993 954 872 843 830 815 798 815 820 829 832 850 876 880 886 879 877 881 891 910 922 929 952 977 978 971 968 975 972 965 961 967 971 977 983 987 981 987 990 990 1002 1009 1005 998 1003
796 826 856 908 935 932 935 967 994 974 947 932 928 930 917 933 957 965 959 982 989 988 950 911 865 883 905 937 998 1073 1099 1117 1128 1181 1211 1238 1250 1225 1189 1150 1089 1052 1013 971 913 873 844 820 794 803 818 826 834 851 874 873 883 879 876 876 883 901 919 921 939 974 979 974 964 972 978 974 960 966 973 973 979 986 983 984 990 988 999 1005 1004 997 997
793 807 825 853 901 915 915 922 928 919 910 910 873 914 903 883 911 926 927 952 957 951 894 865 849 870 881 907 924 964 1021 1085 1109 1132 1161 1217 1245 1232 1198 1159 1101 1065 1027 947 919 897 862 827 801 797 823 830 839 857 871 869 873 874 874 873 879 891 911 918 958 971 979 980 964 971 976 964 956 960 966 975 972 977 984 981 987 987 996 1000 1003 997 995
793 800 804 815 850 884 887 893 897 895 894 890 892 857 838 815 835 860 855 931 937 924 844 830 835 849 857 871 879 954 1013 1074 1100 1118 1139 1165 1213 1231 1216 1176 1116 1075 1039 956 920 904 883 834 812 792 826 837 839 850 866 866 866 876 867 863 872 878 885 918 943 968 975 977 966 969 971 965 954 956 963 975 973 974 984 981 978 982 992 994 997 990 991
765 772 774 777 839 843 846 846 852 869 876 879 873 863 821 801 818 819 843 868 885 871 774 768 777 779 839 836 850 941 999 1045 1072 1106 1121 1145 1196 1214 1219 1183 1118 1090 1059 978 943 916 890 839 812 792 822 832 837 844 864 865 864 873 867 861 865 872 876 890 923 945 963 968 953 965 966 965 954 951 959 971 974 972 982 984 978 978 989 991 993 987 985
754 754 754 754 755 756 755 755 765 802 861 847 837 830 809 787 783 783 811 827 838 836 756 755 755 757 765 788 818 893 934 977 1078 1090 1103 1120 1175 1191 1200 1151 1118 1093 1066 989 955 928 873 846 809 790 815 821 828 843 864 865 864 865 864 861 858 867 870 881 915 938 958 963 946 950 959 952 955 947 956 966 971 972 974 980 978 976 984 988 990 983 980
779 781 779 771 757 756 757 756 758 798 829 836 836 827 803 762 756 767 777 790 807 810 755 756 760 755 755 764 795 873 917 967 1041 1057 1069 1082 1116 1128 1169 1155 1121 1095 1071 999 963 937 896 867 819 789 808 816 820 837 853 860 863 861 862 858 856 859 863 869 902 927 950 950 940 945 955 949 949 945 960 968 971 967 968 968 972 975 976 984 987 985 978
827 800 796 796 792 795 796 788 762 813 836 837 835 830 821 756 756 771 761 757 755 755 761 761 773 770 758 755 776 866 913 951 1016 1042 1055 1068 1097 1110 1131 1165 1133 1101 1078 1014 985 946 908 884 844 796 794 811 816 834 847 858 859 857 857 856 850 852 852 852 866 886 921 944 936 938 950 949 947 945 961 967 973 970 967 967 969 973 971 974 979 980 979
866 850 838 834 825 812 820 787 757 800 834 840 840 841 810 757 759 782 787 785 773 776 797 814 821 786 775 759 796 863 900 929 996 1029 1047 1070 1086 1102 1124 1163 1146 1115 1087 1025 994 968 925 904 882 847 786 808 813 829 836 852 858 855 855 855 853 847 849 850 853 867 901 938 934 933 933 929 938 944 962 967 973 970 967 966 967 972 971 973 974 972 970
890 876 863 851 837 835 833 800 756 768 789 780 774 771 802 758 760 790 801 801 800 822 833 834 835 813 783 762 781 830 873 899 952 992 1028 1049 1077 1096 1118 1165 1159 1131 1068 1039 999 975 936 912 891 821 791 794 810 811 824 834 856 855 853 853 852 849 844 842 840 847 873 929 931 932 922 928 940 942 954 962 968 973 966 966 966 970 972 974 972 956 955
908 899 881 864 850 847 847 827 762 755 756 755 755 756 763 784 823 841 842 847 827 851 856 849 844 829 801 769 771 823 860 885 942 975 1015 1037 1059 1083 1110 1157 1169 1157 1084 1059 1015 988 946 922 899 847 807 786 798 810 810 818 853 854 853 851 849 850 844 831 832 836 853 915 926 928 920 916 932 934 950 956 965 970 966 966 966 969 971 974 974 970 950
923 917 911 901 893 867 868 853 803 772 769 782 793 799 809 826 847 867 864 864 865 868 866 867 868 859 834 783 762 810 850 878 931 963 1001 1028 1051 1078 1102 1144 1161 1165 1113 1086 1055 1031 970 945 911 862 823 791 786 804 807 807 842 851 852 850 849 848 840 828 826 825 829 863 886 907 904 917 928 931 949 952 960 971 967 964 966 969 971 974 974 973 959
940 932 924 909 902 899 894 892 893 892 876 848 855 858 863 869 872 879 880 879 879 870 876 875 871 864 842 805 755 792 838 887 909 955 992 1021 1043 1069 1113 1128 1144 1161 1128 1104 1077 1018 985 952 928 876 848 818 782 782 803 806 822 847 850 850 846 842 835 831 828 822 823 844 866 891 890 907 925 928 936 939 945 968 967 963 964 968 970 972 974 970 960
970 958 945 924 918 912 908 901 901 903 897 905 905 904 906 906 905 889 891 892 891 905 919 910 886 874 855 817 755 785 836 877 905 949 987 1024 1037 1047 1086 1116 1133 1153 1140 1116 1093 1035 1002 963 938 889 861 832 783 781 790 798 803 814 839 843 840 838 836 834 831 823 824 834 852 873 888 879 907 926 930 932 940 959 962 960 966 968 968 970 973 967 961
1027 1017 978 952 945 940 937 924 922 918 914 923 925 925 925 925 924 922 922 921 917 924 932 937 905 884 871 829 756 770 825 871 901 940 972 1023 1034 1041 1076 1092 1107 1120 1136 1125 1102 1061 1015 976 950 905 881 852 789 780 779 782 801 802 816 841 838 837 836 834 831 828 819 821 834 855 884 867 888 922 925 926 932 953 960 961 965 969 968 967 970 962 958
1045 1037 1020 1000 994 991 991 980 943 935 931 937 940 940 938 940 945 942 941 938 928 930 933 937 920 903 886 795 766 755 803 864 894 922 989 1019 1029 1036 1065 1082 1095 1108 1126 1125 1104 1069 1042 1014 981 930 910 887 802 781 778 779 798 801 803 840 838 837 836 833 832 829 823 817 812 827 851 852 879 904 922 922 926 949 958 962 963 968 969 966 965 959 951
1043 1036 1027 1020 1015 1012 1006 999 985 975 961 961 962 958 953 951 955 965 953 949 941 937 936 937 927 913 898 809 771 755 772 859 881 903 950 984 1006 1034 1058 1070 1082 1109 1118 1120 1106 1073 1049 1026 967 940 921 900 829 797 780 779 780 787 799 834 837 836 832 832 831 828 822 818 812 835 840 848 863 885 903 913 915 936 951 959 959 965 967 966 957 955 947
1038 1032 1031 1037 1036 1037 1026 1013 992 983 973 973 974 974 963 958 963 983 987 985 961 946 942 939 936 925 915 833 782 755 762 846 867 889 930 962 986 1003 1045 1057 1062 1081 1098 1113 1106 1074 1052 1031 976 951 931 910 835 807 784 777 779 780 797 803 826 833 828 824 822 823 821 816 813 818 829 845 854 869 886 905 915 926 940 952 952 958 966 959 944 941 942
1038 1035 1032 1031 1028 1027 1027 1019 1007 988 983 983 981 989 982 974 975 981 980 972 967 963 961 958 945 941 934 851 795 758 758 827 855 876 911 940 965 981 1023 1040 1048 1072 1084 1097 1100 1076 1058 1041 998 960 935 911 839 812 785 775 778 778 792 797 806 828 818 815 815 814 813 812 807 806 807 832 844 855 869 888 908 917 929 945 946 951 961 962 946 941 939
1040 1037 1030 1028 1027 1027 1033 1041 1044 1017 1010 1005 994 998 999 996 973 975 974 981 972 974 968 956 948 946 939 888 829 775 764 781 812 846 899 924 950 979 1000 1018 1030 1060 1075 1087 1087 1072 1059 1044 999 973 939 871 840 816 796 773 776 778 791 796 797 815 815 813 812 812 810 809 808 802 803 804 812 834 841 852 886 907 918 932 938 942 954 956 946 942 937
1036 1037 1030 1028 1027 1027 1031 1043 1055 1039 1027 1014 1016 1012 1013 1027 1001 985 983 994 981 981 974 959 951 945 941 900 852 791 760 772 789 827 878 899 921 955 966 985 1014 1045 1060 1075 1078 1064 1049 1035 999 975 940 868 839 818 797 773 772 773 787 792 794 809 814 813 812 809 809 809 808 796 798 802 812 826 835 840 871 888 901 917 924 934 947 945 944 942 938
1037 1034 1031 1029 1028 1028 1029 1033 1049 1057 1043 1028 1022 1019 1012 1020 1013 999 988 999 1001 1001 1001 978 958 944 938 908 863 807 755 765 776 809 867 884 909 948 958 973 990 1015 1027 1032 1041 1036 1026 1023 991 969 935 867 841 822 797 776 772 771 782 790 792 805 813 812 811 809 807 807 807 795 794 799 802 816 825 830 854 877 890 907 921 931 946 944 945 945 937
1045 1040 1036 1035 1033 1036 1036 1039 1044 1066 1055 1037 1025 1023 1015 1009 1016 1014 997 1009 1004 1010 1009 994 970 949 935 922 889 845 774 756 765 818 850 869 893 947 956 965 980 1006 1015 1015 1021 1022 1021 1010 963 948 924 869 840 829 805 778 774 772 774 789 791 800 812 812 810 808 807 807 806 803 794 791 792 795 805 818 841 858 879 902 911 926 938 944 946 947 938
1056 1051 1045 1045 1045 1049 1049 1052 1056 1058 1056 1052 1038 1034 1025 1019 1011 1016 1006 1008 1008 1015 1016 998 980 960 933 914 882 839 792 774 757 756 779 825 855 941 956 957 982 991 1002 1006 1009 1013 1013 976 949 934 916 866 841 826 790 781 776 771 770 783 789 814 812 811 810 808 807 807 806 788 786 786 793 796 799 800 824 842 858 874 881 909 920 936 944 948 939
1070 1066 1059 1056 1056 1061 1062 1063 1065 1066 1064 1058 1050 1048 1036 1029 1010 1007 1013 1013 1010 1012 1019 1001 989 970 933 921 884 845 820 798 780 760 756 783 833 907 943 957 958 968 978 996 1004 1007 1005 964 939 925 908 855 838 823 792 782 776 771 771 775 781 812 811 810 810 805 807 807 787 783 782 782 789 797 798 802 814 833 847 857 873 886 905 912 926 938 939
1085 1074 1069 1065 1064 1069 1067 1068 1073 1075 1078 1071 1057 1061 1051 1026 1014 1013 1019 1015 1012 1017 1021 1015 1004 986 940 928 898 874 855 824 802 775 761 761 802 870 917 944 946 953 968 985 1002 1001 996 957 929 907 898 850 833 822 796 785 775 769 770 773 778 811 809 809 806 784 783 782 782 782 782 780 785 793 797 800 805 819 828 843 860 873 904 910 916 925 938
1102 1086 1080 1078 1076 1078 1083 1089 1089 1089 1084 1074 1070 1062 1069 1037 1020 1014 1024 1022 1018 1019 1026 1022 1013 994 951 932 933 931 917 888 861 802 785 757 806 841 875 913 938 941 958 989 998 999 997 960 929 904 886 856 838 822 802 792 775 769 769 772 773 790 789 792 785 781 781 782 782 780 774 773 774 780 785 794 799 802 815 831 848 858 901 910 913 915 934
1117 1102 1095 1094 1096 1091 1094 1093 1094 1094 1091 1098 1082 1071 1066 1057 1051 1038 1030 1026 1025 1019 1031 1026 1023 1006 959 938 934 935 930 916 889 821 795 776 772 791 821 859 893 929 943 972 990 1001 1000 971 935 904 867 855 841 824 802 790 784 767 769 771 772 774 775 781 781 781 781 782 775 765 766 768 768 770 780 789 798 802 808 814 823 838 879 898 909 916 928
1148 1138 1131 1124 1106 1106 1109 1110 1111 1110 1110 1114 1101 1084 1072 1052 1049 1049 1032 1018 1025 1016 1027 1029 1025 1019 957 945 936 935 933 927 902 840 809 786 762 780 801 834 873 888 902 938 961 984 1001 992 949 905 863 852 837 823 795 787 782 766 768 771 771 771 771 771 780 781 781 780 766 765 766 767 769 768 775 783 794 802 806 808 816 836 873 893 905 914 915
1167 1161 1153 1147 1144 1142 1143 1148 1154 1156 1132 1133 1122 1099 1087 1067 1054 1043 1037 1028 1015 1010 1011 1016 1014 987 982 970 951 933 936 946 891 854 825 793 758 776 790 816 857 866 879 914 939 965 982 1000 981 934 866 843 824 807 788 784 778 764 768 770 771 771 771 771 780 781 781 778 766 766 766 766 767 769 769 778 784 799 806 801 802 818 870 891 900 911 916
1195 1187 1177 1174 1170 1168 1168 1168 1177 1181 1184 1171 1151 1132 1118 1094 1069 1061 1046 1039 1031 1025 1012 1015 1012 1010 996 978 963 933 932 937 922 887 854 811 757 761 783 830 843 854 869 892 913 942 972 988 982 941 857 826 801 768 766 766 766 764 766 768 770 771 771 771 774 780 781 771 766 766 766 766 765 769 769 777 779 784 803 795 794 800 844 870 868 902 902
1256 1212 1207 1208 1201 1200 1200 1196 1201 1205 1205 1186 1165 1149 1135 1107 1092 1084 1074 1069 1063 1056 1035 1036 1035 1019 1006 987 979 939 933 932 938 910 872 817 762 757 769 799 821 833 850 884 881 901 949 974 981 947 852 818 787 762 762 761 762 763 763 765 770 770 770 772 770 769 779 765 765 766 766 765 765 767 771 778 779 779 793 789 789 803 826 844 850 870 902
1279 1269 1267 1268 1260 1262 1259 1223 1224 1221 1223 1201 1184 1171 1151 1140 1117 1097 1086 1079 1073 1065 1042 1048 1047 1035 1026 1015 1001 951 937 933 934 925 892 837 775 759 757 772 797 812 826 873 879 881 907 941 963 951 867 817 775 761 761 765 770 762 763 763 768 769 769 769 769 767 765 766 766 766 767 768 766 764 770 777 779 777 783 783 786 820 857 873 883 891 900
1305 1299 1296 1292 1288 1291 1287 1284 1281 1275 1272 1247 1233 1220 1177 1167 1145 1117 1093 1089 1082 1058 1053 1056 1055 1046 1040 1031 996 984 958 942 933 930 923 819 790 772 763 757 765 792 837 853 871 882 899 910 947 949 869 835 782 759 781 804 806 765 762 763 767 768 769 768 769 768 764 765 764 764 765 767 767 766 764 768 771 779 778 783 792 835 855 867 880 893 900
