data/GlacierNationalPark/Fire1/elevation.asc
ncols        175
nrows        107
xllcorner    -1620000.000000000000
yllcorner    438000.000000000000
cellsize     100.000000000000
NODATA_value -9999
[rows 38 to 75 of 107, columns 0 to 86 of 175]
2379 2377 2361 2347 2331 2326 2301 2290 2274 2235 2133 2101 2072 1976 1932 1878 1828 1766 1733 1705 1662 1657 1662 1666 1677 1683 1698 1684 1667 1670 1659 1630 1620 1598 1533 1499 1462 1425 1320 1291 1267 1238 1204 1205 1204 1107 1085 1092 1115 1117 1132 1139 1154 1160 1167 1176 1174 1179 1181 1201 1208 1210 1217 1189 1195 1200 1206 1201 1205 1216 1220 1219 1232 1230 1223 1222 1218 1200 1204 1213 1265 1311 1340 1346 1349 1331 1336
2327 2339 2344 2322 2325 2310 2281 2272 2253 2208 2105 2058 2030 1948 1898 1849 1811 1753 1728 1706 1697 1705 1719 1729 1759 1765 1739 1728 1715 1715 1701 1666 1646 1619 1542 1504 1464 1424 1337 1305 1274 1242 1228 1203 1165 1098 1104 1126 1121 1128 1140 1144 1166 1172 1186 1191 1189 1196 1199 1223 1230 1234 1243 1233 1234 1233 1249 1249 1254 1252 1240 1233 1244 1260 1250 1240 1221 1212 1211 1217 1248 1294 1339 1362 1366 1378 1390
2297 2318 2315 2298 2271 2255 2225 2219 2187 2082 2049 2033 1993 1917 1873 1827 1795 1744 1733 1727 1725 1730 1740 1757 1790 1799 1803 1793 1779 1769 1752 1703 1663 1626 1545 1503 1462 1422 1341 1301 1269 1215 1200 1175 1134 1104 1121 1140 1153 1155 1164 1173 1203 1215 1202 1214 1212 1212 1218 1248 1252 1258 1260 1252 1253 1253 1269 1279 1286 1275 1279 1277 1269 1301 1303 1286 1236 1223 1227 1229 1246 1278 1325 1379 1383 1398 1410
2270 2290 2284 2272 2251 2232 2200 2187 2159 2052 2016 1980 1934 1864 1840 1818 1778 1755 1754 1755 1752 1757 1771 1810 1817 1820 1827 1818 1800 1781 1742 1706 1662 1620 1529 1486 1451 1368 1330 1297 1261 1199 1179 1150 1119 1115 1134 1153 1170 1173 1178 1192 1223 1234 1248 1271 1273 1267 1273 1304 1310 1283 1284 1274 1265 1271 1290 1308 1318 1300 1296 1302 1296 1311 1328 1316 1271 1254 1250 1261 1260 1265 1310 1385 1396 1414 1429
2234 2251 2252 2243 2229 2208 2167 2155 2134 2028 1989 1955 1921 1870 1862 1840 1811 1810 1811 1813 1817 1821 1829 1832 1838 1843 1851 1834 1812 1794 1748 1709 1655 1598 1510 1468 1429 1353 1319 1285 1250 1191 1157 1129 1124 1127 1145 1162 1183 1187 1192 1227 1249 1267 1269 1301 1307 1304 1325 1338 1348 1355 1341 1323 1302 1315 1329 1330 1343 1329 1325 1329 1321 1318 1341 1337 1292 1279 1268 1276 1275 1274 1291 1373 1406 1434 1460
2217 2224 2211 2198 2179 2157 2087 2050 2089 2004 1960 1937 1921 1900 1883 1864 1846 1845 1848 1845 1850 1844 1849 1874 1877 1877 1851 1849 1827 1803 1752 1707 1649 1591 1502 1452 1408 1335 1303 1272 1242 1183 1150 1129 1149 1167 1175 1189 1208 1208 1217 1244 1271 1291 1298 1331 1346 1342 1351 1369 1381 1385 1364 1342 1320 1334 1351 1370 1387 1376 1363 1362 1343 1328 1353 1357 1314 1301 1290 1303 1296 1287 1292 1360 1399 1438 1494
2204 2195 2179 2169 2148 2080 2043 2014 1985 1947 1937 1935 1958 1962 1914 1908 1891 1891 1886 1888 1881 1873 1871 1885 1888 1884 1856 1842 1824 1801 1748 1718 1670 1620 1523 1478 1425 1341 1301 1266 1236 1177 1145 1129 1170 1181 1188 1201 1222 1221 1231 1272 1287 1307 1340 1392 1412 1413 1391 1400 1412 1412 1384 1363 1346 1353 1372 1393 1411 1402 1384 1379 1361 1369 1386 1396 1361 1342 1321 1339 1319 1303 1298 1344 1384 1438 1504
2191 2183 2152 2135 2107 2039 2010 1993 1972 1940 1939 1945 1989 2013 2025 2019 1989 1974 1962 1959 1948 1903 1895 1886 1883 1875 1822 1827 1810 1784 1731 1702 1659 1573 1525 1477 1430 1341 1300 1259 1202 1169 1143 1139 1186 1193 1201 1230 1232 1231 1243 1286 1308 1334 1380 1408 1431 1443 1450 1466 1469 1471 1458 1419 1372 1376 1397 1417 1437 1434 1416 1405 1382 1386 1399 1413 1388 1370 1349 1355 1357 1343 1330 1343 1377 1427 1511
2166 2159 2130 2087 2038 2010 1995 1990 1983 1954 1969 1992 2033 2055 2074 2074 2045 2017 2015 1999 1975 1951 1918 1876 1848 1822 1785 1808 1784 1750 1692 1669 1639 1558 1512 1468 1421 1339 1299 1257 1194 1163 1141 1151 1204 1212 1225 1259 1259 1239 1255 1302 1322 1348 1386 1416 1445 1468 1474 1489 1496 1502 1487 1447 1429 1435 1443 1454 1500 1496 1471 1428 1402 1407 1417 1434 1411 1399 1376 1371 1375 1365 1340 1345 1373 1424 1521
2155 2142 2123 2080 2033 2004 2007 2012 2030 2051 2079 2052 2082 2097 2121 2133 2099 2080 2071 2027 1989 1950 1911 1848 1827 1795 1757 1737 1704 1669 1608 1582 1558 1538 1500 1453 1409 1336 1295 1254 1193 1167 1148 1155 1208 1223 1243 1270 1275 1272 1278 1334 1361 1386 1436 1423 1445 1480 1509 1514 1524 1534 1508 1467 1470 1465 1466 1479 1523 1513 1486 1472 1457 1476 1480 1463 1445 1417 1387 1389 1394 1389 1356 1356 1374 1420 1523
2150 2134 2116 2077 2044 2018 2026 2029 2058 2099 2130 2156 2178 2202 2209 2242 2219 2193 2126 2032 1980 1935 1851 1817 1795 1768 1722 1699 1664 1600 1566 1533 1506 1457 1427 1392 1344 1315 1281 1247 1196 1176 1157 1157 1220 1241 1261 1284 1288 1286 1287 1341 1374 1398 1445 1470 1493 1512 1566 1578 1584 1565 1529 1507 1517 1500 1496 1508 1538 1532 1503 1490 1483 1501 1499 1470 1451 1429 1409 1430 1442 1436 1397 1368 1378 1414 1522
2136 2121 2108 2078 2054 2045 2043 2046 2075 2119 2158 2191 2238 2258 2270 2289 2241 2185 2132 2023 1973 1931 1844 1808 1773 1744 1689 1660 1626 1564 1528 1496 1465 1416 1388 1361 1316 1294 1273 1248 1208 1177 1162 1212 1245 1268 1277 1294 1301 1303 1318 1347 1379 1407 1459 1486 1516 1568 1591 1606 1619 1631 1619 1598 1600 1582 1579 1591 1565 1561 1530 1512 1515 1526 1513 1478 1459 1435 1437 1460 1477 1471 1419 1399 1395 1409 1501
2127 2113 2102 2093 2087 2107 2118 2124 2138 2121 2154 2184 2282 2313 2330 2298 2238 2186 2144 2047 1997 1949 1857 1817 1780 1747 1716 1693 1665 1612 1546 1516 1492 1423 1397 1373 1328 1303 1280 1256 1190 1169 1171 1228 1255 1274 1290 1315 1325 1332 1345 1362 1382 1412 1478 1512 1542 1593 1613 1629 1651 1676 1654 1638 1651 1631 1629 1652 1640 1614 1588 1569 1578 1565 1525 1480 1461 1454 1474 1488 1503 1500 1439 1417 1412 1445 1487
2131 2114 2113 2111 2123 2137 2164 2189 2196 2205 2216 2220 2271 2326 2378 2318 2266 2223 2119 2061 2011 1959 1867 1826 1800 1778 1760 1738 1721 1655 1629 1604 1581 1519 1481 1442 1361 1319 1290 1256 1184 1175 1188 1241 1265 1282 1297 1322 1334 1346 1361 1370 1396 1423 1490 1523 1560 1622 1647 1651 1672 1716 1697 1687 1697 1684 1681 1714 1678 1646 1618 1610 1599 1570 1541 1490 1480 1487 1536 1547 1528 1525 1458 1444 1433 1443 1477
2161 2141 2146 2151 2163 2180 2208 2248 2257 2254 2248 2233 2276 2329 2370 2326 2289 2246 2152 2097 2039 1975 1888 1855 1837 1812 1799 1778 1756 1689 1658 1633 1574 1535 1494 1445 1359 1313 1268 1194 1203 1203 1222 1254 1276 1291 1317 1331 1346 1359 1379 1384 1405 1464 1495 1526 1562 1629 1655 1676 1703 1773 1799 1810 1842 1754 1732 1778 1737 1686 1656 1652 1613 1578 1549 1507 1494 1500 1551 1579 1586 1574 1523 1510 1496 1458 1472
2259 2212 2221 2254 2268 2275 2258 2299 2321 2300 2262 2262 2307 2354 2362 2309 2268 2217 2145 2115 2067 2021 1953 1925 1900 1839 1817 1786 1776 1696 1659 1633 1569 1532 1491 1444 1354 1306 1259 1202 1224 1221 1236 1281 1295 1306 1333 1354 1378 1391 1395 1408 1418 1471 1499 1531 1563 1634 1664 1687 1751 1790 1822 1852 1895 1847 1824 1862 1828 1807 1771 1673 1628 1589 1543 1520 1507 1513 1562 1591 1611 1575 1556 1537 1520 1473 1476
2246 2238 2257 2257 2229 2235 2260 2324 2346 2327 2321 2348 2349 2360 2344 2290 2259 2208 2103 2076 2037 1999 1927 1898 1871 1806 1782 1749 1718 1634 1599 1563 1491 1461 1469 1430 1348 1308 1264 1217 1242 1244 1248 1292 1305 1314 1342 1369 1397 1413 1424 1440 1451 1489 1511 1539 1562 1632 1664 1690 1757 1792 1825 1861 1921 1922 1901 1897 1885 1848 1783 1676 1646 1623 1565 1543 1536 1546 1578 1608 1630 1599 1580 1561 1537 1498 1495
2255 2244 2243 2224 2175 2177 2207 2278 2285 2288 2292 2329 2329 2328 2282 2266 2247 2215 2125 2060 2011 1937 1896 1858 1832 1776 1748 1711 1638 1602 1571 1535 1465 1431 1400 1329 1297 1275 1244 1255 1262 1265 1262 1299 1312 1321 1356 1383 1411 1433 1453 1459 1468 1511 1529 1556 1585 1644 1668 1696 1772 1805 1825 1859 1921 1948 1957 1954 1912 1847 1791 1696 1663 1634 1573 1559 1555 1568 1620 1649 1670 1644 1623 1593 1550 1515 1507
2270 2258 2245 2226 2166 2157 2163 2216 2227 2240 2252 2287 2294 2300 2235 2226 2223 2206 2144 2100 2054 1965 1929 1895 1867 1774 1750 1728 1661 1636 1606 1577 1505 1465 1427 1350 1308 1277 1244 1273 1299 1304 1301 1314 1328 1344 1383 1395 1424 1476 1489 1489 1495 1529 1553 1571 1628 1661 1690 1724 1784 1811 1832 1881 1909 1936 1962 1998 1953 1874 1827 1719 1681 1647 1585 1577 1580 1597 1648 1672 1695 1668 1639 1606 1575 1552 1543
2269 2257 2243 2228 2187 2166 2155 2107 2118 2194 2216 2251 2248 2270 2197 2164 2174 2157 2123 2093 2059 1991 1960 1923 1887 1832 1824 1811 1749 1723 1686 1619 1551 1498 1461 1372 1329 1292 1255 1283 1313 1323 1320 1320 1337 1351 1392 1419 1447 1513 1534 1541 1548 1550 1570 1590 1646 1674 1705 1736 1788 1809 1828 1874 1902 1927 1956 2003 1967 1909 1797 1755 1723 1683 1620 1598 1604 1655 1679 1703 1725 1682 1638 1614 1583 1568 1558
2268 2256 2238 2202 2185 2167 2147 2072 2078 2116 2181 2191 2166 2145 2129 2101 2111 2082 2054 2046 2029 1993 1965 1925 1888 1837 1835 1830 1774 1742 1702 1656 1571 1527 1475 1385 1344 1299 1251 1295 1321 1331 1337 1338 1345 1359 1401 1424 1456 1522 1554 1569 1580 1605 1623 1644 1691 1724 1751 1749 1797 1819 1838 1878 1901 1927 1959 2017 1983 1938 1825 1781 1731 1680 1644 1638 1641 1693 1726 1749 1778 1687 1648 1639 1603 1585 1573
2274 2257 2237 2215 2205 2199 2170 2061 2058 2088 2143 2152 2139 2100 2071 2051 2015 2003 1972 1940 1943 1921 1941 1906 1840 1824 1825 1818 1773 1745 1709 1619 1578 1533 1480 1387 1348 1305 1262 1303 1328 1350 1367 1370 1362 1383 1407 1430 1463 1537 1568 1592 1625 1643 1658 1673 1711 1740 1767 1793 1846 1862 1886 1941 1979 2003 1989 2064 2012 1963 1838 1780 1729 1697 1666 1658 1664 1725 1764 1795 1815 1734 1723 1719 1653 1625 1610
2301 2283 2271 2269 2260 2231 2178 2065 2043 2066 2104 2107 2112 2072 2007 1998 1964 1954 1925 1896 1896 1875 1844 1826 1766 1758 1759 1753 1742 1742 1710 1624 1584 1538 1484 1393 1351 1312 1262 1302 1326 1356 1381 1386 1388 1403 1420 1439 1470 1548 1579 1610 1664 1687 1699 1713 1734 1765 1793 1842 1870 1889 1915 1969 2001 2036 2110 2137 2105 2011 1877 1827 1758 1712 1691 1686 1694 1761 1803 1853 1804 1783 1769 1755 1675 1649 1629
2261 2242 2228 2216 2211 2191 2112 2068 2025 2011 2022 2023 2000 2023 1951 1947 1925 1904 1881 1860 1851 1835 1797 1775 1718 1711 1707 1702 1703 1698 1686 1632 1593 1542 1487 1391 1349 1314 1258 1296 1323 1357 1391 1400 1410 1422 1432 1443 1467 1543 1585 1622 1700 1732 1765 1805 1828 1796 1834 1869 1899 1924 1953 2006 2036 2064 2108 2132 2130 2052 1918 1858 1825 1770 1746 1740 1749 1807 1851 1873 1854 1836 1816 1774 1693 1668 1654
2219 2206 2190 2172 2170 2151 2087 2043 2006 1967 1961 1955 1936 1877 1854 1834 1826 1799 1791 1816 1807 1790 1756 1736 1683 1676 1659 1646 1641 1647 1650 1626 1590 1537 1433 1387 1349 1313 1265 1290 1325 1352 1397 1409 1422 1447 1457 1464 1468 1537 1578 1614 1696 1737 1773 1820 1881 1897 1910 1956 1976 2008 2027 2042 2071 2100 2113 2141 2144 2077 1949 1903 1880 1816 1784 1775 1773 1820 1859 1897 1949 1921 1860 1810 1760 1698 1678
2160 2151 2125 2095 2122 2112 2047 2006 1957 1920 1892 1889 1878 1829 1814 1802 1795 1766 1757 1748 1726 1711 1698 1683 1651 1636 1626 1602 1601 1607 1605 1605 1571 1520 1424 1380 1342 1309 1277 1306 1335 1402 1420 1437 1456 1489 1506 1514 1509 1531 1572 1608 1694 1735 1771 1869 1905 1930 1953 1994 2022 2059 2091 2129 2173 2168 2157 2185 2206 2105 1991 1941 1930 1858 1830 1821 1811 1840 1872 1905 1971 1949 1888 1851 1785 1747 1734
2129 2114 2094 2048 2031 2006 1939 1906 1880 1857 1860 1855 1841 1801 1789 1784 1778 1752 1743 1732 1722 1713 1705 1699 1676 1665 1663 1612 1568 1535 1531 1521 1539 1490 1408 1370 1337 1308 1294 1322 1346 1412 1432 1452 1479 1509 1525 1535 1577 1593 1615 1629 1686 1725 1760 1847 1887 1922 1962 2051 2082 2106 2141 2172 2209 2205 2205 2235 2230 2095 2046 2015 1990 1948 1944 1949 1851 1866 1891 1914 1984 1980 1943 1857 1810 1776 1768
2110 2077 2024 1991 1979 1955 1901 1872 1855 1841 1838 1847 1857 1840 1825 1846 1872 1780 1764 1751 1749 1738 1730 1731 1712 1701 1699 1643 1592 1548 1526 1496 1477 1453 1404 1372 1343 1311 1301 1331 1358 1419 1445 1471 1498 1532 1544 1557 1606 1623 1642 1659 1702 1731 1771 1866 1918 1953 1994 2082 2120 2163 2205 2220 2258 2254 2259 2291 2248 2125 2082 2047 2018 1976 1970 1976 1952 1917 1925 1954 2012 2044 2006 1896 1841 1818 1815
2056 2042 1984 1954 1943 1918 1874 1856 1850 1862 1867 1880 1897 1894 1883 1924 1930 1900 1886 1850 1819 1812 1808 1759 1745 1737 1725 1666 1620 1583 1539 1526 1511 1495 1425 1387 1356 1301 1319 1344 1374 1446 1474 1487 1568 1554 1564 1580 1634 1658 1671 1719 1741 1754 1776 1869 1928 1981 2023 2115 2158 2196 2287 2323 2355 2368 2369 2348 2305 2170 2117 2079 2044 1996 1988 1990 1992 1980 1961 1973 2047 2090 2071 1967 1948 1922 1906
2026 1988 1922 1901 1887 1878 1877 1860 1861 1895 1900 1906 1921 1956 1972 2005 1987 1980 1948 1890 1851 1845 1846 1820 1809 1798 1768 1714 1706 1642 1595 1576 1551 1533 1439 1389 1358 1310 1325 1350 1386 1456 1489 1518 1585 1615 1621 1630 1667 1703 1735 1774 1799 1793 1801 1860 1912 1968 2073 2115 2167 2216 2315 2352 2381 2412 2403 2433 2405 2294 2220 2158 2062 2012 2006 2011 2016 2025 2014 2041 2093 2143 2115 2009 2010 1972 1956
2007 1967 1901 1887 1879 1888 1910 1928 1941 1973 1974 1980 1980 2040 2041 2071 2053 2024 1968 1918 1880 1887 1888 1855 1839 1825 1786 1756 1739 1712 1641 1614 1584 1542 1444 1402 1368 1316 1331 1359 1394 1470 1503 1535 1612 1642 1656 1663 1696 1723 1757 1851 1885 1873 1889 1925 1954 1953 2063 2121 2171 2223 2313 2349 2378 2435 2451 2460 2449 2383 2326 2245 2105 2065 2050 2051 2038 2040 2051 2074 2118 2162 2166 2059 2065 2027 1990
1984 1946 1895 1894 1897 1923 1955 1984 1994 2014 2000 1993 2047 2074 2126 2170 2082 2045 2014 1961 1918 1937 1938 1892 1870 1847 1802 1783 1755 1722 1644 1620 1589 1504 1448 1401 1373 1330 1340 1366 1400 1486 1517 1555 1632 1664 1682 1695 1724 1754 1780 1880 1920 1921 1936 1966 2007 2021 2057 2106 2146 2193 2286 2325 2372 2432 2454 2468 2471 2458 2429 2351 2156 2101 2078 2077 2061 2060 2053 2093 2125 2155 2180 2240 2201 2142 2042
1953 1928 1926 1941 1964 1966 2000 2041 2060 2046 2012 2014 2063 2091 2147 2196 2118 2086 2063 2018 2039 2047 2016 1951 1930 1905 1839 1796 1763 1726 1657 1629 1594 1502 1450 1404 1371 1346 1351 1367 1437 1476 1514 1554 1638 1679 1714 1766 1756 1777 1805 1903 1943 1963 1995 2014 2049 2079 2088 2120 2157 2244 2286 2327 2362 2405 2418 2428 2437 2453 2462 2404 2234 2152 2114 2098 2090 2077 2071 2081 2121 2149 2170 2245 2258 2202 2112
1943 1931 1959 1974 1996 2065 2114 2161 2178 2086 2065 2035 2076 2103 2155 2209 2161 2139 2122 2082 2098 2080 2038 1982 1959 1928 1840 1797 1759 1723 1652 1623 1580 1498 1451 1406 1371 1361 1369 1378 1421 1457 1495 1529 1606 1646 1691 1762 1785 1811 1847 1934 1960 1993 2068 2061 2087 2117 2138 2148 2186 2263 2299 2333 2356 2391 2400 2410 2421 2425 2426 2427 2390 2290 2199 2141 2131 2087 2102 2092 2109 2137 2204 2256 2288 2238 2126
1947 1982 2008 2021 2041 2110 2164 2204 2163 2123 2099 2103 2121 2146 2193 2289 2275 2203 2169 2145 2129 2081 2036 2018 1978 1918 1819 1784 1747 1713 1631 1595 1551 1464 1429 1397 1370 1382 1391 1395 1415 1443 1478 1506 1575 1613 1664 1729 1751 1784 1841 1939 1960 1996 2074 2108 2133 2158 2197 2221 2223 2274 2299 2318 2336 2373 2381 2391 2395 2400 2402 2404 2422 2358 2259 2186 2171 2153 2135 2127 2128 2133 2206 2266 2310 2273 2142
2002 2094 2063 2079 2094 2161 2217 2255 2202 2167 2147 2150 2156 2180 2223 2311 2312 2312 2285 2214 2166 2120 2041 1981 1942 1881 1782 1750 1721 1636 1592 1558 1519 1445 1416 1388 1390 1400 1416 1440 1477 1470 1459 1501 1530 1562 1626 1694 1741 1787 1895 1927 1948 1981 2057 2085 2110 2139 2173 2189 2200 2229 2253 2271 2285 2336 2341 2368 2378 2381 2380 2381 2408 2415 2357 2245 2215 2189 2162 2134 2141 2144 2206 2265 2316 2296 2174
2032 2153 2167 2183 2213 2285 2320 2355 2259 2222 2196 2195 2203 2227 2274 2300 2278 2286 2271 2207 2180 2130 2014 1965 1911 1844 1723 1677 1638 1567 1560 1526 1491 1429 1410 1392 1407 1422 1445 1463 1505 1498 1489 1482 1511 1541 1570 1647 1693 1742 1826 1861 1921 1946 2020 2031 2065 2095 2139 2153 2178 2205 2226 2243 2279 2307 2315 2318 2333 2330 2332 2340 2359 2379 2422 2356 2285 2243 2178 2155 2151 2152 2227 2282 2329 2297 2172
2073 2190 2221 2247 2311 2344 2371 2399 2343 2300 2285 2282 2249 2226 2231 2267 2228 2236 2238 2161 2152 2114 1987 1950 1901 1816 1703 1660 1622 1560 1527 1509 1499 1467 1440 1410 1424 1442 1472 1484 1518 1520 1517 1496 1499 1520 1552 1621 1662 1706 1782 1818 1842 1873 1911 1936 1958 2016 2093 2109 2147 2177 2198 2215 2252 2280 2294 2297 2306 2304 2305 2312 2330 2344 2355 2400 2418 2424 2285 2224 2170 2162 2246 2293 2329 2229 2165
