data/GlacierNationalPark/Fire1/elevation.asc
ncols        175
nrows        107
xllcorner    -1620000.000000000000
yllcorner    438000.000000000000
cellsize     100.000000000000
NODATA_value -9999
[rows 0 to 37 of 107, columns 0 to 86 of 175]
1623 1581 1556 1509 1465 1408 1393 1374 1329 1302 1288 1282 1265 1252 1240 1200 1190 1173 1152 1135 1130 1125 1121 1114 1093 1064 1042 1033 1031 1026 1015 1007 999 988 975 948 898 894 926 947 1016 1036 1049 1076 1094 1134 1164 1153 1141 1122 1074 1047 1024 975 986 1000 1008 989 978 977 979 972 956 952 941 944 947 949 937 933 928 902 892 889 884 825 787 762 753 753 753 753 754 776 833 862 927
1694 1667 1629 1543 1483 1452 1427 1403 1342 1317 1314 1310 1285 1269 1254 1220 1202 1183 1168 1150 1138 1127 1116 1114 1098 1071 1049 1037 1033 1035 1023 1010 999 998 986 974 922 903 900 914 958 983 1024 1046 1054 1070 1087 1144 1130 1116 1072 1049 1031 984 994 1006 1012 1001 996 995 995 989 987 979 961 962 955 945 942 937 932 915 904 897 887 856 817 787 755 753 753 753 753 757 776 840 871
1701 1683 1641 1621 1551 1518 1473 1428 1373 1338 1345 1325 1302 1286 1268 1234 1215 1202 1166 1155 1145 1135 1107 1104 1098 1071 1060 1054 1043 1035 1032 1014 1003 1003 995 986 952 929 918 904 928 968 1012 1032 1042 1053 1063 1100 1107 1099 1060 1050 1034 996 1005 1018 1016 1010 1013 1024 1023 1008 1003 991 970 968 966 965 949 943 941 940 933 917 904 882 857 817 770 760 755 753 753 753 756 819 853
1700 1694 1685 1663 1581 1538 1476 1438 1413 1410 1399 1352 1330 1318 1299 1256 1228 1214 1175 1162 1155 1145 1115 1106 1096 1076 1060 1052 1044 1034 1032 1025 1011 1007 1002 997 983 956 946 909 911 946 989 1026 1030 1044 1060 1069 1077 1080 1069 1058 1046 976 982 1033 1034 1029 1035 1034 1037 1026 1016 1011 985 978 981 994 989 976 965 948 941 934 922 901 898 893 824 791 775 766 753 753 753 792 820
1718 1739 1715 1685 1611 1552 1493 1487 1454 1432 1411 1367 1357 1339 1312 1265 1243 1225 1194 1181 1172 1162 1133 1122 1109 1081 1068 1056 1048 1034 1033 1030 1021 1015 1012 1007 992 980 964 925 909 921 952 1022 1030 1036 1055 1061 1069 1075 1077 1064 1053 994 975 1026 1042 1035 1039 1045 1052 1047 1040 1038 1033 1030 1012 1024 1026 1021 1008 990 976 969 935 917 902 901 860 813 786 770 754 753 753 763 781
1768 1774 1756 1726 1639 1598 1589 1510 1480 1439 1411 1393 1383 1358 1309 1281 1256 1236 1204 1192 1184 1169 1154 1147 1137 1108 1091 1072 1055 1039 1037 1032 1026 1021 1018 1012 990 981 966 939 920 922 939 1008 1029 1037 1059 1063 1062 1058 1074 1070 1058 1022 979 1019 1044 1043 1047 1052 1060 1059 1055 1051 1050 1049 1054 1054 1054 1053 1057 1060 1020 1013 984 959 923 906 881 846 812 777 757 753 754 767 779
1768 1771 1755 1729 1666 1643 1608 1537 1513 1493 1472 1420 1410 1371 1321 1295 1269 1246 1215 1199 1189 1168 1158 1152 1147 1127 1106 1087 1056 1043 1038 1037 1026 1020 1016 1001 998 991 985 947 930 916 954 990 1019 1032 1057 1065 1067 1063 1050 1053 1054 1032 987 997 1044 1045 1050 1058 1064 1066 1068 1064 1059 1057 1058 1057 1053 1053 1055 1069 1070 1056 1037 1020 993 965 892 877 844 789 761 753 755 772 789
1769 1761 1762 1750 1713 1673 1625 1566 1544 1521 1492 1448 1431 1408 1352 1322 1292 1271 1232 1208 1196 1174 1169 1158 1153 1139 1121 1110 1071 1054 1048 1043 1032 1026 1021 1009 1006 1004 1002 980 958 928 939 974 1001 1023 1051 1064 1072 1063 1056 1050 1050 1034 994 983 1047 1049 1055 1062 1075 1080 1082 1072 1069 1065 1064 1059 1055 1051 1052 1057 1062 1062 1049 1034 1008 951 917 895 884 823 786 757 754 781 789
1805 1795 1808 1803 1737 1700 1658 1599 1572 1541 1503 1475 1450 1423 1363 1330 1309 1293 1251 1233 1217 1188 1177 1166 1158 1145 1131 1122 1083 1068 1062 1052 1038 1032 1022 1012 1013 1012 1006 985 972 960 926 929 963 985 1023 1055 1067 1067 1061 1051 1050 1037 1007 978 1045 1050 1056 1061 1078 1084 1086 1092 1090 1086 1079 1067 1062 1055 1047 1046 1052 1055 1054 1043 1018 962 932 906 891 840 803 775 754 756 761
1819 1813 1824 1804 1785 1764 1729 1645 1613 1586 1522 1504 1466 1434 1370 1344 1328 1292 1269 1248 1230 1200 1189 1175 1157 1147 1140 1130 1100 1087 1077 1064 1040 1038 1028 1020 1014 1010 1004 994 984 975 949 933 941 965 1011 1022 1042 1060 1061 1054 1044 1032 1020 986 1035 1045 1048 1058 1081 1086 1088 1095 1102 1108 1096 1073 1067 1061 1051 1044 1043 1042 1042 1045 1025 975 948 930 906 863 838 812 763 756 754
1830 1825 1825 1826 1811 1790 1757 1678 1654 1635 1574 1526 1482 1452 1417 1401 1376 1308 1289 1266 1243 1210 1199 1187 1165 1153 1141 1130 1113 1098 1087 1062 1055 1047 1045 1031 1025 1022 1007 1002 997 986 968 946 931 972 998 1015 1034 1050 1048 1047 1031 1027 1022 1009 990 1026 1040 1064 1078 1086 1090 1096 1098 1101 1104 1080 1073 1066 1049 1044 1039 1038 1034 1031 1020 998 977 957 938 903 874 842 804 782 780
1872 1832 1833 1846 1836 1816 1791 1716 1696 1677 1583 1529 1487 1472 1448 1423 1398 1349 1326 1299 1287 1239 1224 1201 1176 1162 1147 1139 1121 1108 1097 1073 1065 1057 1052 1039 1029 1027 1020 1014 1005 999 990 977 963 950 983 1006 1024 1038 1032 1033 1020 1016 1015 1000 984 1021 1040 1057 1067 1076 1081 1099 1104 1109 1094 1085 1078 1067 1050 1044 1035 1028 1026 1024 1014 997 985 966 928 913 898 879 825 813 856
1902 1870 1853 1875 1870 1862 1816 1750 1737 1713 1582 1538 1510 1503 1473 1443 1421 1367 1342 1318 1299 1255 1236 1220 1192 1179 1166 1155 1137 1116 1104 1083 1075 1068 1060 1047 1039 1032 1031 1024 1014 1006 999 993 978 954 952 952 969 996 1010 1023 1016 1009 1007 991 978 1005 1036 1055 1063 1070 1074 1091 1096 1104 1097 1079 1066 1059 1045 1042 1035 1025 1019 1014 1008 992 985 970 944 926 912 885 831 847 883
1922 1887 1874 1895 1899 1893 1844 1802 1757 1701 1619 1597 1592 1559 1505 1468 1441 1385 1358 1337 1282 1257 1248 1236 1202 1189 1175 1154 1144 1128 1119 1104 1092 1083 1071 1065 1051 1039 1035 1029 1020 1012 1008 1003 987 987 985 965 953 966 994 1006 1009 1012 1006 987 978 991 1028 1052 1060 1066 1069 1087 1087 1084 1090 1076 1066 1059 1045 1038 1032 1021 1013 1002 994 986 983 973 956 936 910 864 865 867 894
1921 1891 1898 1921 1929 1922 1870 1834 1770 1719 1662 1646 1635 1582 1549 1520 1498 1431 1398 1353 1280 1275 1271 1256 1217 1199 1186 1162 1150 1137 1131 1111 1099 1093 1081 1075 1065 1057 1039 1034 1030 1024 1017 1010 991 1005 1006 997 968 956 979 1003 1002 1004 1008 992 987 988 1014 1036 1041 1044 1052 1066 1093 1074 1075 1071 1066 1056 1048 1040 1030 1018 1009 1000 994 990 983 973 923 892 882 912 893 886 905
1929 1942 1950 1963 1961 1941 1893 1859 1806 1766 1714 1705 1674 1600 1572 1547 1515 1436 1393 1347 1338 1338 1325 1298 1258 1238 1198 1171 1158 1147 1141 1121 1108 1101 1090 1083 1073 1064 1050 1038 1033 1028 1022 1017 1009 1028 1026 1020 999 971 967 996 1003 1001 1001 999 996 985 1002 1020 1024 1029 1027 1045 1065 1064 1063 1066 1068 1068 1056 1047 1036 1018 1015 1010 1004 1001 989 977 916 888 925 923 924 932 927
1965 1970 1984 1986 1988 1985 1968 1939 1906 1829 1797 1738 1699 1626 1594 1560 1481 1429 1385 1347 1372 1364 1343 1299 1278 1258 1234 1193 1177 1168 1158 1135 1125 1107 1094 1086 1078 1071 1057 1050 1039 1032 1027 1024 1017 1031 1029 1026 1020 1014 984 972 1019 1018 1014 987 989 988 988 1012 1015 1018 1019 1026 1042 1047 1060 1065 1069 1067 1065 1059 1043 1052 1049 1043 1016 1008 1002 989 926 895 931 948 954 951 948
1994 2003 2011 2018 2022 2019 2009 1975 1945 1851 1816 1779 1738 1643 1597 1555 1462 1422 1384 1374 1406 1387 1363 1321 1299 1275 1253 1208 1194 1177 1155 1142 1130 1117 1097 1090 1086 1074 1071 1058 1052 1041 1034 1029 1021 1027 1027 1026 1027 1023 999 1001 1025 1025 1022 1008 1001 994 990 995 1004 1014 1017 1024 1032 1037 1049 1058 1063 1063 1063 1051 1060 1065 1064 1056 1030 1019 1015 1009 938 920 966 971 971 974 976
2065 2070 2048 2061 2068 2054 2035 2005 1972 1870 1836 1787 1734 1630 1582 1538 1458 1429 1432 1447 1450 1430 1403 1361 1319 1293 1267 1221 1210 1194 1159 1149 1135 1121 1101 1095 1088 1078 1074 1070 1064 1054 1046 1040 1027 1022 1023 1025 1030 1027 1009 987 1028 1032 1030 1020 1017 1013 1003 995 1001 1007 1016 1018 1023 1033 1040 1052 1058 1065 1070 1068 1076 1075 1074 1067 1038 1030 1026 979 935 942 996 1014 1018 1027 1039
2095 2099 2119 2132 2128 2060 2028 1980 1972 1870 1830 1778 1662 1615 1565 1519 1463 1464 1480 1486 1469 1450 1424 1377 1344 1313 1287 1254 1240 1224 1168 1154 1141 1128 1108 1100 1093 1079 1077 1074 1068 1058 1051 1041 1033 1029 1030 1029 1038 1040 1037 987 1030 1038 1036 1029 1027 1025 1011 1001 1003 1008 1017 1021 1026 1036 1042 1047 1049 1051 1047 1048 1061 1065 1080 1081 1047 1037 1018 954 935 968 1012 1033 1040 1044 1045
2130 2134 2143 2151 2138 2071 2034 1988 1917 1809 1765 1717 1618 1588 1567 1520 1503 1518 1530 1525 1502 1476 1448 1388 1351 1318 1281 1284 1270 1242 1201 1178 1162 1134 1123 1114 1096 1084 1077 1073 1063 1059 1053 1047 1038 1034 1031 1032 1042 1045 1042 982 1022 1046 1046 1041 1039 1040 1018 1011 1010 1013 1016 1022 1026 1047 1052 1056 1061 1060 1055 1047 1043 1048 1053 1059 1046 1020 985 977 966 1000 1024 1038 1041 1043 1045
2156 2163 2155 2149 2137 2062 2018 1969 1906 1802 1750 1699 1636 1618 1596 1586 1570 1591 1597 1574 1545 1499 1462 1389 1352 1323 1304 1310 1295 1262 1217 1195 1179 1146 1132 1119 1109 1089 1083 1075 1059 1057 1055 1050 1042 1039 1035 1037 1047 1049 1042 990 1026 1049 1045 1045 1046 1045 1038 1028 1021 1023 1021 1026 1030 1049 1057 1072 1073 1066 1063 1057 1042 1037 1037 1040 1013 991 977 1015 1032 1034 1035 1036 1044 1051 1040
2179 2169 2087 2075 2070 2030 1978 1916 1868 1789 1751 1723 1671 1651 1633 1621 1608 1626 1634 1581 1542 1505 1463 1378 1363 1360 1353 1325 1313 1284 1233 1215 1199 1164 1143 1129 1118 1095 1088 1081 1064 1060 1057 1055 1047 1045 1044 1041 1050 1050 1036 1007 1039 1050 1048 1048 1048 1046 1043 1038 1028 1030 1029 1030 1033 1051 1062 1070 1075 1072 1069 1064 1058 1052 1037 1011 994 992 992 1037 1042 1040 1036 1036 1042 1051 1049
2146 2103 2059 2046 2035 1978 1934 1894 1864 1848 1831 1809 1711 1694 1672 1639 1646 1657 1655 1577 1535 1502 1411 1389 1393 1394 1379 1364 1347 1325 1279 1259 1241 1198 1156 1141 1128 1105 1096 1089 1072 1066 1061 1056 1052 1049 1046 1044 1050 1049 1020 1049 1057 1056 1052 1051 1051 1047 1047 1042 1031 1041 1040 1040 1039 1052 1062 1068 1073 1073 1070 1068 1073 1068 1054 1020 1053 1043 1040 1048 1049 1047 1040 1037 1038 1041 1046
2097 2078 2039 2015 2003 1968 1969 1959 1923 1909 1882 1863 1806 1786 1779 1726 1719 1694 1660 1570 1530 1495 1417 1421 1436 1439 1413 1394 1373 1326 1302 1282 1258 1221 1195 1176 1135 1122 1111 1102 1077 1072 1066 1060 1056 1052 1047 1046 1052 1036 1043 1060 1062 1062 1059 1057 1052 1049 1050 1048 1047 1052 1048 1048 1046 1053 1060 1068 1077 1076 1074 1069 1072 1065 1055 1031 1066 1077 1075 1073 1069 1068 1063 1057 1040 1037 1038
2066 2046 2031 1991 1982 1980 2001 2013 1987 1973 1949 1918 1865 1850 1830 1762 1727 1688 1640 1548 1499 1472 1476 1506 1529 1483 1449 1428 1399 1359 1333 1306 1276 1237 1212 1195 1149 1138 1124 1110 1093 1088 1082 1069 1065 1059 1051 1049 1052 1030 1048 1064 1066 1067 1065 1062 1056 1051 1053 1053 1052 1055 1057 1057 1059 1060 1063 1066 1077 1079 1076 1069 1064 1065 1057 1036 1066 1080 1079 1078 1077 1079 1073 1067 1058 1045 1040
2088 2070 2055 2034 2037 2054 2088 2104 2117 2037 2005 1935 1909 1893 1856 1767 1726 1677 1628 1539 1509 1506 1519 1553 1566 1559 1518 1489 1470 1415 1389 1332 1300 1250 1234 1215 1164 1152 1132 1118 1104 1098 1090 1076 1069 1064 1060 1057 1060 1056 1042 1067 1073 1071 1071 1069 1064 1056 1056 1056 1056 1059 1060 1062 1065 1067 1069 1071 1077 1078 1078 1075 1075 1075 1060 1041 1067 1084 1084 1082 1083 1090 1083 1074 1067 1057 1050
2116 2093 2079 2062 2078 2113 2144 2161 2172 2137 2083 1981 1934 1884 1836 1752 1714 1668 1579 1547 1543 1548 1564 1587 1603 1583 1559 1527 1505 1447 1417 1386 1322 1293 1274 1254 1196 1162 1144 1121 1113 1108 1101 1085 1079 1074 1066 1059 1062 1051 1051 1068 1074 1074 1080 1080 1078 1074 1071 1064 1064 1065 1067 1070 1070 1072 1073 1074 1080 1081 1081 1083 1083 1081 1077 1060 1080 1094 1095 1094 1093 1094 1087 1081 1077 1068 1063
2162 2122 2105 2088 2124 2159 2191 2213 2188 2141 2086 1970 1919 1872 1829 1751 1724 1682 1610 1605 1615 1624 1608 1626 1642 1630 1599 1571 1544 1482 1454 1413 1345 1316 1288 1269 1216 1194 1176 1144 1136 1129 1123 1103 1089 1083 1067 1063 1062 1045 1066 1071 1075 1079 1082 1081 1081 1078 1076 1076 1077 1076 1077 1078 1079 1077 1078 1083 1086 1087 1087 1088 1088 1087 1087 1084 1080 1092 1102 1101 1100 1098 1095 1094 1092 1087 1082
2259 2200 2172 2145 2191 2226 2230 2237 2175 2132 2078 1968 1915 1867 1824 1758 1723 1679 1642 1657 1659 1655 1695 1710 1718 1709 1677 1641 1583 1515 1477 1435 1367 1341 1306 1283 1235 1209 1192 1151 1154 1146 1140 1114 1106 1098 1082 1076 1068 1051 1067 1071 1074 1083 1091 1087 1086 1081 1079 1081 1080 1080 1079 1078 1083 1085 1088 1092 1097 1099 1101 1099 1093 1090 1089 1091 1081 1098 1124 1123 1120 1110 1108 1106 1104 1100 1094
2270 2235 2210 2189 2208 2200 2181 2116 2085 2049 2013 1920 1891 1870 1779 1750 1716 1684 1680 1689 1693 1707 1726 1740 1741 1733 1701 1660 1628 1574 1522 1483 1396 1374 1327 1297 1244 1215 1194 1174 1171 1165 1156 1131 1114 1103 1087 1080 1068 1048 1073 1078 1081 1087 1093 1094 1088 1087 1086 1085 1083 1083 1084 1085 1090 1092 1093 1100 1103 1105 1106 1105 1104 1105 1110 1111 1103 1118 1138 1143 1144 1128 1123 1120 1118 1114 1109
2267 2231 2216 2192 2171 2150 2123 2063 2029 1993 1959 1901 1883 1859 1792 1769 1756 1752 1753 1725 1723 1747 1762 1768 1758 1724 1685 1653 1592 1559 1521 1485 1394 1365 1338 1267 1239 1234 1227 1206 1193 1179 1154 1136 1122 1108 1092 1081 1066 1049 1078 1085 1087 1087 1089 1092 1098 1096 1098 1096 1096 1097 1102 1095 1096 1099 1100 1105 1108 1111 1113 1113 1114 1116 1117 1118 1109 1124 1158 1178 1191 1184 1169 1161 1132 1130 1125
2191 2165 2130 2116 2121 2095 2057 2003 1984 1962 1939 1892 1883 1871 1831 1813 1801 1805 1787 1769 1745 1791 1786 1757 1721 1690 1653 1622 1562 1526 1493 1458 1371 1337 1309 1265 1263 1260 1243 1223 1203 1187 1167 1150 1131 1116 1084 1077 1064 1060 1078 1087 1087 1087 1088 1093 1101 1104 1102 1104 1108 1110 1113 1115 1113 1111 1113 1116 1118 1118 1121 1121 1123 1122 1124 1127 1117 1153 1172 1197 1211 1216 1203 1190 1171 1167 1159
2162 2137 2117 2095 2088 2065 2028 1998 1988 1984 1936 1922 1914 1907 1882 1867 1864 1856 1813 1778 1746 1777 1762 1723 1682 1603 1569 1530 1481 1442 1414 1386 1342 1315 1307 1309 1302 1291 1264 1234 1222 1198 1171 1152 1136 1125 1084 1070 1059 1076 1080 1084 1088 1088 1090 1094 1103 1107 1107 1113 1118 1121 1121 1122 1120 1119 1120 1124 1124 1129 1135 1134 1136 1138 1148 1138 1128 1161 1185 1211 1235 1238 1229 1218 1193 1186 1175
2178 2163 2138 2115 2108 2084 2058 2029 2033 2033 2033 2034 2039 2046 2019 2007 1930 1882 1829 1784 1741 1750 1724 1681 1605 1566 1532 1495 1450 1428 1416 1407 1401 1393 1393 1381 1367 1346 1257 1245 1235 1213 1176 1157 1139 1117 1082 1071 1061 1085 1090 1089 1086 1094 1099 1100 1114 1117 1119 1127 1129 1131 1130 1132 1131 1130 1128 1131 1133 1138 1142 1142 1142 1143 1146 1149 1147 1166 1190 1232 1283 1296 1252 1242 1224 1211 1199
2257 2193 2172 2145 2144 2134 2112 2071 2077 2085 2099 2102 2104 2106 2051 2021 1966 1866 1809 1764 1723 1685 1646 1641 1577 1546 1521 1507 1476 1463 1460 1455 1444 1439 1433 1414 1396 1367 1294 1248 1236 1229 1185 1165 1137 1095 1084 1075 1068 1099 1118 1114 1107 1103 1099 1105 1117 1121 1128 1141 1141 1146 1151 1156 1154 1152 1140 1137 1145 1149 1152 1154 1153 1150 1156 1162 1160 1169 1193 1226 1273 1301 1288 1281 1277 1269 1262
2311 2291 2262 2234 2243 2249 2244 2152 2145 2144 2161 2169 2157 2125 2027 1984 1933 1830 1778 1743 1711 1659 1627 1608 1595 1603 1600 1605 1581 1514 1510 1498 1490 1488 1472 1442 1423 1383 1311 1265 1233 1245 1194 1172 1148 1111 1091 1078 1084 1107 1121 1131 1128 1123 1112 1114 1130 1132 1141 1152 1151 1155 1158 1166 1164 1166 1163 1166 1174 1181 1182 1186 1172 1167 1172 1176 1175 1173 1193 1221 1293 1302 1295 1295 1295 1291 1287
2363 2345 2314 2298 2290 2295 2290 2279 2267 2249 2174 2142 2109 2048 2008 1955 1889 1800 1755 1726 1671 1645 1636 1638 1637 1643 1652 1653 1624 1619 1614 1587 1582 1568 1547 1469 1445 1404 1326 1276 1236 1248 1205 1187 1175 1112 1086 1083 1094 1112 1127 1134 1141 1144 1145 1151 1160 1147 1156 1167 1162 1164 1168 1176 1178 1183 1182 1184 1190 1200 1198 1204 1214 1207 1204 1207 1205 1188 1199 1217 1290 1306 1306 1311 1313 1309 1310
