data/GlacierNationalPark/Fire1/elevation.asc
ncols        175
nrows        107
xllcorner    -1620000.000000000000
yllcorner    438000.000000000000
cellsize     100.000000000000
NODATA_value -9999
[rows 38 to 75 of 107, columns 87 to 173 of 175]
1332 1333 1330 1325 1323 1321 1317 1315 1311 1302 1296 1274 1259 1246 1229 1221 1207 1179 1126 1110 1090 1076 1071 1069 1062 1055 1047 1043 1006 993 981 956 941 933 928 885 846 805 785 769 758 762 824 836 847 862 888 891 917 895 859 836 793 763 799 828 820 801 787 765 762 763 764 763 768 765 763 764 767 768 765 765 765 767 765 765 768 777 778 787 800 829 841 855 869 889 902
1388 1387 1381 1382 1382 1353 1346 1343 1340 1329 1321 1309 1290 1278 1260 1245 1231 1207 1158 1138 1118 1095 1086 1082 1081 1069 1053 1048 1017 998 991 973 956 943 931 909 873 833 802 779 762 758 775 793 812 823 816 817 873 870 841 821 790 769 813 845 835 810 796 789 770 765 763 763 763 763 765 767 768 768 768 767 766 765 765 767 764 772 775 788 795 823 835 848 877 881 888
1414 1414 1407 1404 1405 1405 1395 1388 1384 1377 1368 1341 1321 1311 1286 1267 1253 1199 1178 1168 1148 1118 1100 1087 1078 1075 1065 1056 1039 1022 1005 977 970 956 937 921 897 866 834 789 776 759 762 771 776 779 761 774 810 835 829 794 760 813 852 862 860 836 811 803 796 790 778 769 770 772 773 769 769 770 768 768 768 768 767 764 763 766 770 781 790 818 832 845 876 875 884
1441 1440 1436 1426 1427 1429 1419 1412 1402 1394 1375 1368 1364 1362 1332 1313 1296 1223 1196 1186 1175 1151 1124 1099 1077 1076 1074 1065 1043 1033 1017 984 972 963 946 927 918 899 838 808 793 781 758 758 758 758 758 759 781 788 777 764 808 842 869 886 900 879 852 827 824 808 803 801 796 792 788 770 768 769 769 769 768 769 767 765 763 763 761 761 771 817 826 842 875 876 882
1482 1490 1463 1449 1451 1453 1446 1435 1422 1411 1391 1384 1375 1369 1345 1327 1310 1264 1231 1217 1211 1192 1166 1140 1080 1077 1074 1075 1051 1040 1026 994 979 966 952 926 917 903 857 868 855 834 803 796 793 767 764 759 758 761 766 785 849 866 886 904 913 906 886 849 841 837 835 823 822 817 798 775 770 768 772 771 769 766 767 767 763 763 764 762 774 800 820 833 866 876 878
1504 1513 1515 1513 1511 1502 1495 1487 1445 1431 1409 1398 1388 1371 1358 1341 1323 1281 1250 1232 1223 1205 1177 1153 1112 1090 1079 1077 1087 1065 1036 1001 987 973 958 928 916 896 877 880 872 859 830 820 816 811 790 797 817 831 840 858 876 890 908 927 930 924 915 870 859 853 846 834 830 826 807 793 778 770 772 771 769 764 764 765 763 764 763 764 767 775 789 811 860 865 868
1520 1537 1544 1543 1541 1530 1526 1520 1511 1502 1461 1446 1432 1403 1375 1360 1340 1296 1271 1247 1226 1212 1189 1164 1124 1105 1084 1082 1089 1084 1063 1021 1005 992 957 948 926 908 895 891 885 861 847 842 839 827 803 817 853 884 878 884 909 929 955 963 950 945 928 894 879 868 861 848 838 835 820 801 783 774 773 772 769 765 764 763 763 763 763 764 767 769 773 785 847 859 865
1535 1554 1562 1575 1576 1565 1557 1552 1543 1529 1491 1473 1460 1416 1407 1395 1380 1328 1298 1275 1255 1225 1205 1184 1134 1117 1099 1074 1072 1069 1057 1036 1016 1001 971 960 947 931 918 916 912 886 886 868 860 840 814 836 906 919 915 911 927 953 970 973 968 959 950 924 909 894 873 865 852 839 827 807 787 774 773 771 768 765 763 759 763 763 765 764 768 767 769 769 804 833 860
1556 1579 1592 1609 1612 1600 1588 1585 1573 1558 1522 1504 1489 1439 1424 1411 1397 1337 1315 1295 1268 1257 1240 1219 1179 1143 1114 1080 1074 1074 1072 1059 1040 1014 987 978 960 947 928 924 922 902 906 904 889 845 827 848 921 941 940 931 950 970 985 987 981 970 960 937 919 906 882 871 858 847 828 814 802 781 773 770 768 763 759 760 763 764 766 765 767 769 768 771 784 806 826
1564 1590 1619 1623 1625 1629 1632 1634 1636 1606 1590 1564 1512 1466 1448 1434 1382 1361 1345 1318 1280 1261 1243 1203 1183 1155 1128 1093 1087 1084 1081 1067 1056 1054 1005 990 974 961 938 933 927 916 918 916 901 858 848 838 902 936 952 953 962 983 1000 1002 995 985 972 954 933 916 893 880 867 857 839 824 808 788 774 768 762 762 765 770 770 767 767 767 767 769 769 770 773 782 798
1568 1598 1642 1651 1652 1655 1653 1652 1654 1642 1626 1601 1574 1534 1509 1483 1442 1414 1368 1346 1297 1279 1251 1207 1189 1166 1140 1093 1081 1076 1071 1067 1057 1049 1032 1021 1006 980 967 955 935 923 922 921 889 874 869 857 879 913 941 951 955 978 997 1013 1018 1010 975 969 954 934 902 891 879 868 850 835 818 795 780 770 762 767 772 773 773 773 773 771 768 770 769 771 772 776 791
1555 1604 1661 1670 1679 1683 1684 1680 1677 1667 1654 1634 1608 1564 1533 1511 1464 1448 1423 1398 1365 1329 1300 1239 1198 1176 1153 1101 1085 1075 1068 1065 1059 1051 1039 1031 1021 992 980 967 952 935 935 941 925 916 886 872 862 894 930 949 948 969 995 1008 1019 1019 983 971 959 944 917 907 897 875 868 861 835 804 787 770 770 773 774 774 773 774 775 772 768 770 770 771 772 773 776
1544 1599 1665 1689 1712 1741 1742 1740 1734 1688 1685 1667 1616 1594 1561 1543 1494 1477 1451 1432 1399 1360 1321 1269 1247 1221 1194 1141 1114 1092 1071 1064 1059 1053 1042 1035 1028 1003 988 976 962 943 939 945 942 932 925 911 885 875 915 958 949 954 980 1000 1014 1024 990 977 962 954 926 914 902 882 873 864 853 824 797 779 767 772 771 772 772 774 774 769 771 774 773 771 772 773 775
1528 1581 1663 1689 1721 1759 1760 1759 1757 1757 1742 1719 1660 1637 1620 1573 1534 1506 1489 1443 1431 1382 1344 1303 1286 1259 1203 1174 1143 1113 1078 1070 1063 1050 1031 1027 1027 1011 998 984 961 953 945 945 952 945 940 927 897 882 916 963 957 958 966 991 986 998 1003 983 968 960 934 920 908 887 878 866 854 824 804 779 765 770 772 770 774 774 775 776 777 776 778 779 780 777 777
1517 1563 1650 1682 1717 1771 1779 1788 1787 1767 1755 1733 1678 1657 1643 1621 1586 1573 1550 1515 1482 1441 1382 1342 1325 1302 1238 1205 1173 1143 1091 1075 1065 1056 1042 1026 1021 1013 1005 992 974 961 958 952 958 954 950 920 906 887 913 966 964 964 979 987 988 992 1005 995 986 961 952 936 921 894 881 870 840 825 806 783 765 768 772 771 773 774 774 777 779 780 781 784 787 788 790
1494 1528 1611 1651 1694 1758 1786 1808 1819 1789 1769 1744 1704 1686 1671 1653 1613 1596 1582 1556 1531 1501 1481 1414 1393 1370 1312 1272 1200 1170 1108 1086 1071 1060 1050 1035 1021 1014 1006 993 973 961 957 951 952 951 952 937 921 903 910 968 969 969 977 987 991 988 1003 998 993 969 961 947 928 905 890 872 846 830 816 797 765 766 770 771 773 774 776 778 779 781 783 787 788 789 792
1494 1556 1596 1634 1673 1741 1774 1805 1852 1844 1830 1813 1772 1715 1702 1668 1646 1625 1613 1588 1574 1555 1484 1448 1417 1395 1339 1296 1272 1235 1158 1121 1096 1064 1054 1044 1030 1011 1006 991 972 964 958 951 949 948 949 941 917 905 906 969 977 975 978 981 992 992 996 1001 995 973 967 956 937 911 892 877 853 832 818 804 772 765 765 774 773 775 776 778 779 781 785 787 788 790 794
1503 1558 1588 1622 1658 1724 1757 1791 1859 1872 1871 1854 1814 1792 1770 1720 1699 1682 1669 1618 1607 1603 1534 1485 1449 1419 1354 1330 1306 1229 1194 1151 1122 1079 1065 1053 1032 1018 1008 1000 977 966 960 949 949 948 945 939 922 917 937 963 975 977 981 983 991 987 985 992 995 975 969 961 948 917 898 884 856 839 822 811 782 770 765 774 774 775 777 780 782 783 786 787 789 789 797
1539 1584 1625 1622 1651 1711 1748 1786 1852 1884 1908 1900 1856 1833 1806 1749 1726 1710 1697 1679 1668 1661 1613 1557 1510 1445 1380 1358 1334 1268 1232 1192 1156 1095 1077 1062 1036 1030 1021 1006 987 974 963 954 952 950 947 935 934 927 928 952 969 975 987 989 994 990 985 986 992 977 968 962 954 933 913 896 875 848 830 811 797 781 768 769 776 777 780 781 782 784 785 786 787 792 795
1554 1591 1640 1674 1730 1752 1768 1793 1842 1878 1916 1926 1896 1871 1843 1778 1758 1739 1725 1707 1696 1684 1628 1580 1536 1500 1446 1416 1388 1337 1305 1274 1195 1128 1097 1079 1047 1039 1035 1022 999 984 968 958 956 954 950 943 939 933 925 934 956 975 994 997 998 992 989 985 989 982 970 960 962 942 921 899 876 858 842 822 811 798 787 765 774 777 785 782 782 784 784 785 786 788 792
1571 1595 1633 1669 1738 1770 1792 1818 1864 1882 1916 1972 1974 1950 1922 1867 1798 1774 1744 1733 1720 1708 1644 1596 1552 1491 1472 1445 1412 1362 1335 1308 1258 1223 1187 1146 1083 1062 1040 1020 1011 996 976 964 961 957 953 946 943 940 933 932 950 966 992 1006 1008 998 994 987 984 990 973 959 962 950 927 901 873 863 856 833 818 805 795 770 765 773 789 790 783 784 784 785 785 786 790
1623 1599 1627 1660 1734 1774 1803 1836 1885 1907 1932 1977 1996 1996 1972 1911 1884 1857 1811 1798 1783 1767 1657 1602 1566 1521 1497 1471 1435 1383 1361 1338 1300 1266 1227 1188 1114 1085 1064 1041 1035 1026 1007 979 966 961 954 951 945 940 942 936 947 971 985 1000 1009 1000 997 991 983 986 974 960 955 957 931 887 877 871 867 844 828 813 801 778 765 767 782 783 782 783 784 783 783 786 789
1645 1636 1643 1671 1748 1781 1811 1843 1891 1917 1940 1986 2004 2010 2001 1964 1936 1906 1857 1837 1818 1798 1710 1673 1631 1560 1537 1520 1496 1402 1381 1360 1323 1298 1263 1224 1145 1114 1089 1048 1036 1028 1014 987 978 973 962 956 949 948 948 941 948 966 976 992 1003 1001 1000 997 982 986 975 960 950 947 939 904 889 885 878 861 848 820 797 785 769 765 779 780 781 782 783 782 783 786 789
1674 1662 1663 1688 1751 1781 1810 1873 1902 1927 1952 1995 1991 2003 2002 2000 1981 1953 1910 1883 1856 1789 1749 1716 1681 1604 1570 1545 1523 1449 1414 1390 1355 1328 1298 1248 1175 1143 1118 1058 1041 1027 1014 991 987 980 966 960 955 954 948 949 957 965 969 983 990 1005 999 1001 987 978 973 967 953 946 940 915 898 887 880 870 856 841 809 795 784 770 768 780 780 783 782 782 783 787 790
1702 1690 1690 1721 1764 1786 1814 1872 1905 1928 1951 1982 1963 1949 1957 1970 1969 1965 1941 1932 1889 1829 1794 1758 1711 1644 1607 1574 1511 1472 1431 1402 1359 1335 1307 1239 1208 1179 1151 1090 1058 1046 1013 1001 993 986 973 966 961 953 950 952 958 966 972 978 1000 1008 1000 998 994 988 987 976 958 947 941 922 906 890 882 871 865 850 813 802 791 776 766 770 779 779 781 782 782 787 788
1762 1761 1764 1788 1805 1827 1843 1894 1927 1942 1947 1959 1941 1916 1915 1931 1943 1945 1929 1914 1909 1884 1830 1795 1748 1676 1631 1596 1528 1489 1446 1410 1364 1342 1314 1249 1220 1189 1162 1102 1075 1062 1031 1017 1005 992 980 975 965 956 952 953 959 969 975 981 995 1003 1000 998 1001 1002 997 985 967 955 945 928 916 902 880 872 869 855 819 805 797 773 766 767 775 779 780 781 784 784 783
1796 1800 1797 1849 1873 1897 1921 1978 1987 1956 1906 1938 1930 1899 1875 1881 1894 1901 1901 1893 1878 1850 1811 1795 1754 1681 1649 1616 1559 1517 1475 1430 1373 1348 1320 1259 1228 1200 1172 1108 1088 1072 1038 1024 1008 997 981 976 971 959 959 958 962 974 978 982 993 997 1002 1001 1007 1010 1005 997 972 960 949 932 921 908 888 884 879 870 840 827 801 785 774 769 771 783 784 786 783 788 787
1825 1840 1838 1889 1911 1936 1957 1996 1974 1937 1880 1882 1874 1855 1807 1800 1803 1859 1858 1851 1835 1804 1781 1768 1704 1669 1639 1607 1548 1518 1482 1404 1378 1351 1310 1216 1192 1166 1154 1123 1113 1085 1045 1029 1015 1003 982 975 971 963 960 953 957 977 979 983 995 997 998 1001 1007 1016 1012 1001 979 965 954 936 928 917 896 890 886 878 852 846 841 818 800 775 766 780 783 781 782 781 780
1897 1877 1878 1918 1946 1973 1990 1979 1950 1913 1856 1851 1840 1824 1777 1766 1768 1765 1760 1756 1746 1711 1689 1717 1670 1639 1613 1583 1510 1487 1465 1401 1371 1327 1276 1228 1209 1201 1173 1158 1150 1119 1058 1046 1038 996 985 977 972 965 962 958 967 978 982 987 997 999 1001 1000 1004 1012 1016 1003 1000 983 959 941 934 925 903 896 891 886 860 857 854 833 812 783 768 774 782 783 783 781 780
1940 1934 1935 1978 1997 2013 2007 1940 1922 1884 1832 1826 1815 1801 1755 1742 1737 1729 1721 1714 1703 1667 1650 1623 1580 1556 1528 1493 1429 1399 1404 1350 1321 1286 1261 1275 1248 1221 1179 1162 1155 1137 1078 1069 1051 1016 1002 991 981 972 968 965 966 977 985 988 998 1001 1001 1002 1003 1006 1016 1000 1001 991 967 953 943 934 917 908 902 881 868 865 862 843 825 800 766 768 776 781 782 781 781
1978 1962 1952 1997 2012 2015 1956 1921 1875 1836 1786 1785 1780 1741 1730 1722 1714 1704 1686 1671 1646 1630 1610 1580 1535 1514 1492 1460 1395 1368 1353 1334 1339 1343 1359 1326 1266 1233 1187 1171 1162 1149 1096 1083 1068 1029 1013 998 986 975 970 968 964 974 983 990 1001 1007 1005 1004 1003 1004 1012 1001 999 998 973 961 950 939 921 914 907 890 885 882 878 855 844 829 768 767 769 777 780 780 781
2016 1987 1964 1999 2010 2002 1931 1896 1853 1816 1772 1764 1750 1716 1695 1692 1682 1641 1617 1597 1566 1589 1573 1545 1496 1480 1460 1410 1399 1390 1394 1389 1393 1400 1378 1346 1310 1279 1218 1198 1182 1146 1111 1092 1079 1042 1024 1005 988 981 975 971 966 972 981 988 997 1005 1011 1008 1008 1007 1005 1004 1000 999 979 968 957 948 928 919 913 897 892 887 884 864 851 839 781 769 766 767 768 769 775
2069 2032 1993 1964 1971 1980 1907 1872 1831 1796 1753 1739 1717 1681 1666 1666 1659 1621 1598 1593 1565 1549 1535 1525 1511 1509 1506 1443 1448 1441 1454 1451 1446 1439 1394 1361 1330 1303 1238 1214 1194 1157 1138 1120 1103 1065 1049 1032 1006 988 986 980 969 969 978 993 996 1002 1012 1011 1010 1010 1002 1003 1004 999 989 980 967 957 941 923 918 905 897 890 882 871 857 846 794 778 768 766 766 767 767
2081 2039 1970 1943 1948 1929 1861 1827 1793 1760 1712 1712 1692 1657 1643 1639 1638 1611 1608 1603 1577 1575 1565 1563 1559 1574 1584 1562 1571 1570 1566 1526 1513 1473 1417 1383 1350 1325 1261 1235 1211 1168 1152 1138 1113 1073 1055 1041 1016 1004 993 985 975 971 968 996 999 1000 1011 1015 1013 1011 1001 1003 1004 1001 992 986 973 960 949 936 927 914 907 899 885 876 864 849 813 795 775 768 765 766 766
2096 2055 1983 1940 1937 1916 1842 1818 1791 1734 1714 1691 1677 1675 1669 1667 1658 1651 1625 1621 1611 1617 1615 1609 1613 1627 1625 1612 1608 1609 1571 1548 1532 1515 1471 1444 1410 1343 1314 1286 1237 1180 1161 1139 1120 1087 1066 1051 1023 1009 999 989 978 974 971 987 1004 1010 1010 1010 1015 1010 1001 1002 1003 1002 994 992 977 962 957 945 932 918 912 903 885 881 871 860 842 821 798 771 765 767 768
2130 2086 1995 1952 1924 1895 1832 1808 1792 1733 1708 1696 1699 1706 1704 1700 1693 1681 1661 1650 1706 1750 1771 1760 1670 1673 1660 1640 1631 1621 1589 1565 1548 1531 1491 1462 1433 1371 1337 1309 1279 1205 1181 1162 1132 1109 1078 1062 1030 1015 1002 987 982 977 973 979 1001 1011 1010 1008 1012 1008 1003 1001 1002 997 992 990 983 962 961 953 938 923 915 908 885 879 871 863 839 828 810 781 773 766 773
2118 2073 1998 1972 1940 1893 1821 1808 1784 1726 1718 1721 1733 1741 1743 1738 1728 1702 1678 1670 1747 1793 1833 1838 1800 1770 1739 1685 1664 1649 1607 1578 1560 1542 1503 1484 1460 1405 1362 1321 1301 1227 1196 1171 1136 1110 1094 1077 1051 1034 1017 998 990 981 976 973 996 1011 1012 1009 1010 1007 1004 1000 1003 1000 992 986 988 970 963 960 935 932 919 912 887 879 873 857 844 828 812 788 773 767 771
2113 2067 1989 1964 1933 1856 1828 1807 1772 1769 1785 1799 1809 1808 1805 1769 1756 1720 1697 1721 1774 1820 1864 1885 1859 1820 1778 1713 1687 1668 1633 1608 1585 1562 1535 1516 1494 1430 1380 1341 1341 1246 1210 1181 1130 1122 1114 1095 1060 1044 1027 1005 999 991 984 973 983 1000 1014 1009 1006 1006 1003 1000 1004 1006 996 987 984 973 968 961 941 937 930 922 907 892 878 858 849 831 834 794 772 770 771
