data/GlacierNationalPark/Fire1/saz.asc
ncols 175
nrows 107
xllcorner -1620000
yllcorner 438000
cellsize 100
NODATA_value -9999
[rows 0 to 46 of 107, columns 0 to 95 of 175]
20 28 35 51 56 44 27 50 60 45 23 31 34 28 48 49 38 51 59 59 62 80 77 68 71 73 68 53 39 49 53 50 45 47 44 51 68 215 216 229 230 217 229 225 217 212 198 162 112 104 100 88 76 62 298 300 36 50 21 0 10 24 19 22 17 345 30 78 67 46 66 68 44 29 70 65 50 48 53 -1 -1 222 217 223 230 237 231 219 228 236 187 84 87 98 158 212
11 35 44 50 44 34 34 55 61 35 13 34 45 42 58 59 49 57 62 56 51 77 112 111 87 78 61 39 29 45 60 69 60 47 48 58 54 23 244 229 225 223 231 217 209 206 212 203 148 112 100 89 80 63 310 312 27 37 4 357 10 19 18 32 28 5 22 40 47 39 46 37 25 31 55 54 46 51 54 29 32 -1 231 225 235 238 224 221 232 235 208 131 95 65 54 245
40 59 47 47 46 44 56 61 47 15 16 40 40 34 50 58 50 62 72 62 51 69 85 109 92 83 65 51 58 67 67 63 47 39 46 53 48 30 31 255 239 243 244 232 221 225 231 212 174 128 100 75 83 94 267 304 14 10 349 352 16 25 24 46 45 12 3 12 21 17 22 26 28 32 43 42 33 40 41 25 22 28 45 223 248 244 229 234 245 241 208 173 136 62 40 51
32 24 33 56 65 69 69 50 32 16 35 48 33 34 55 63 54 63 61 37 34 55 56 44 69 75 72 76 81 85 68 58 44 30 33 45 47 35 46 59 244 238 241 244 234 243 239 216 194 141 77 56 80 93 252 273 4 2 340 344 14 27 19 27 22 8 353 356 11 13 18 22 20 31 45 41 24 42 47 39 37 49 66 -1 248 234 225 244 257 247 214 192 185 201 -1 80
21 6 33 59 65 53 41 37 41 50 68 54 33 53 73 71 58 63 59 35 34 51 44 27 44 50 43 48 63 66 47 58 49 30 29 58 66 56 64 65 333 244 248 253 250 261 261 239 210 200 90 64 73 71 282 265 297 2 328 329 358 21 15 15 11 8 358 352 5 10 12 17 16 24 36 36 37 61 61 52 52 65 75 -1 252 238 234 239 231 216 209 192 185 203 220 87
38 14 50 66 62 38 43 52 46 42 44 38 37 65 75 67 60 66 65 49 58 67 49 29 43 46 41 52 67 65 42 62 67 61 81 91 80 61 67 66 49 277 264 257 243 262 272 284 189 195 182 132 81 73 15 260 261 344 317 312 336 12 14 13 10 6 358 356 4 4 0 16 19 21 26 26 26 42 57 50 53 65 71 55 282 284 264 234 215 210 213 202 185 202 209 177
81 112 80 69 56 44 63 60 37 33 41 41 40 60 60 53 52 58 61 56 69 72 56 46 55 55 48 56 64 53 32 52 65 64 82 80 47 28 48 52 46 316 264 251 237 247 257 275 21 86 157 168 102 83 87 256 262 315 303 305 326 353 11 22 17 2 1 42 73 206 251 354 27 29 31 32 40 57 60 43 52 58 56 51 283 286 290 256 231 220 220 214 195 194 197 180
67 9 15 43 51 53 62 55 40 49 59 52 44 60 63 56 49 53 56 45 52 55 44 46 57 61 49 58 61 40 26 45 54 48 64 52 17 19 49 51 43 30 241 227 221 227 235 240 233 70 65 81 94 83 82 265 267 297 291 288 306 339 6 16 12 11 20 38 46 75 207 209 185 93 61 61 76 80 67 46 59 62 56 54 274 241 208 203 202 200 221 224 199 185 187 184
60 358 0 43 48 40 48 48 37 50 57 51 54 73 76 64 56 63 59 43 52 54 45 56 69 69 54 64 61 35 30 51 59 54 63 51 24 51 75 67 46 48 65 224 221 228 232 222 210 163 77 81 98 84 76 277 264 237 245 264 278 308 337 353 2 12 33 45 42 57 99 194 196 171 115 76 77 74 60 51 66 65 51 50 55 207 191 191 189 186 213 208 186 181 183 190
71 355 5 49 39 34 50 51 33 44 49 51 61 67 57 34 46 62 56 50 61 61 47 58 68 68 65 70 60 38 47 64 55 35 41 37 28 53 69 54 40 50 50 19 247 252 245 225 225 209 146 122 123 103 73 301 243 216 234 265 272 283 291 296 324 15 54 59 47 63 78 125 178 175 169 116 83 67 46 40 50 49 39 46 44 16 358 347 346 21 206 192 181 180 184 204
53 23 354 23 35 43 60 55 29 48 62 68 69 56 41 29 48 51 38 38 47 48 38 54 59 59 66 69 62 50 61 64 42 27 38 45 31 40 45 35 37 44 43 35 322 260 246 241 242 211 170 146 137 142 96 109 225 237 251 259 246 227 248 273 285 -1 84 72 55 76 87 101 135 158 167 140 97 69 50 53 60 51 41 48 44 5 358 10 8 7 16 10 358 2 11 283
41 34 347 357 24 37 58 52 26 61 79 80 61 44 45 46 58 55 41 38 48 51 41 53 53 46 42 47 55 54 62 57 37 33 47 54 41 37 34 33 40 40 36 33 28 246 221 209 210 198 185 160 136 157 134 117 229 255 256 252 233 218 235 249 261 102 97 99 107 103 101 103 112 139 156 141 113 97 79 78 76 60 50 63 54 340 352 22 17 7 9 8 359 10 46 286
46 42 350 342 12 37 57 49 42 75 74 43 24 30 46 48 61 64 54 62 80 76 51 56 55 45 47 54 59 53 52 46 31 33 40 42 39 33 34 46 49 44 37 43 47 18 270 195 205 207 206 188 143 137 114 109 223 250 253 255 245 229 241 238 204 175 117 108 118 109 107 112 105 116 140 145 129 117 95 76 64 58 80 85 49 318 338 30 22 12 14 18 3 36 76 202
66 57 342 333 4 43 56 54 66 76 58 19 21 39 44 36 48 52 46 71 86 68 37 55 61 52 62 69 65 51 46 47 36 38 38 36 38 38 45 51 45 36 32 53 38 5 14 30 -1 230 231 214 178 158 91 83 276 255 250 235 209 202 221 232 193 172 151 113 99 92 89 96 104 111 121 129 124 109 92 96 110 125 112 61 16 323 325 25 30 31 36 31 7 41 69 87
62 20 342 340 5 49 59 60 62 58 40 17 40 57 46 36 53 62 65 73 50 12 18 40 44 40 57 63 57 47 51 59 48 46 44 41 42 46 52 47 42 39 39 53 8 342 14 34 40 313 249 241 201 191 100 63 23 259 244 220 195 192 206 222 196 158 171 140 86 65 61 64 81 90 81 64 46 46 66 96 113 135 355 7 9 345 340 15 29 30 27 23 12 29 58 59
7 352 344 348 10 37 39 37 40 39 31 28 55 63 53 68 89 94 95 74 16 10 30 49 44 40 51 51 40 31 45 52 43 51 55 53 54 57 55 45 48 53 46 44 345 328 16 37 38 27 303 252 286 3 65 92 91 237 241 224 197 190 205 220 201 178 196 202 39 47 45 49 47 25 15 25 30 35 49 79 85 17 313 350 1 357 2 16 25 28 25 25 16 14 35 26
336 342 344 352 5 19 27 29 42 46 40 45 62 68 69 91 102 102 90 27 349 29 57 64 52 48 55 52 37 40 58 57 51 61 66 60 56 55 49 41 41 42 38 43 326 283 69 47 33 38 33 295 301 9 47 59 42 32 244 227 206 201 216 229 212 206 223 226 205 111 75 59 16 1 10 33 45 33 35 69 73 339 310 344 354 1 10 18 22 36 40 29 18 12 17 11
341 354 353 351 1 15 34 43 64 69 62 64 77 86 97 98 97 85 39 351 355 30 47 50 48 52 64 62 43 59 74 69 65 71 69 55 60 57 45 38 36 36 31 42 29 235 169 -1 26 61 58 301 288 9 44 36 16 21 348 238 225 229 237 237 225 225 229 223 214 218 59 21 344 353 19 55 58 31 56 87 79 324 316 348 355 355 3 11 20 33 30 15 12 15 12 0
343 358 355 352 13 40 69 77 81 81 82 98 106 106 109 101 88 31 358 353 10 36 48 55 53 53 60 51 31 54 66 64 67 71 68 53 67 68 48 41 45 46 42 52 52 14 335 312 344 40 62 284 273 351 38 34 17 26 36 356 267 257 258 252 254 257 249 232 214 202 169 227 268 311 8 59 63 50 99 107 94 301 307 342 351 349 0 13 25 33 21 8 5 9 16 15
342 351 347 354 43 73 90 107 109 113 127 119 119 118 104 90 53 353 349 5 31 45 61 68 66 67 62 39 29 53 57 42 52 61 53 45 65 70 62 79 84 75 66 65 53 21 358 315 322 15 69 41 269 315 27 25 9 36 52 24 325 293 282 287 288 299 310 299 281 185 164 193 200 203 204 104 90 112 109 92 353 302 299 316 335 330 357 39 48 39 20 7 4 10 25 24
346 347 340 13 83 89 94 103 108 115 129 114 104 87 63 43 7 348 357 17 35 48 69 79 81 79 54 22 38 57 56 40 50 58 48 49 61 62 60 90 106 99 71 63 52 35 12 305 305 10 84 83 271 290 27 20 4 37 44 22 355 333 309 295 286 295 322 335 356 18 34 64 178 196 194 155 132 131 114 20 346 322 308 294 296 325 129 125 95 49 19 8 10 22 39 34
354 52 145 168 130 115 120 118 106 100 96 83 64 34 28 20 358 345 10 41 59 69 83 89 75 46 22 19 46 62 61 46 53 58 52 53 60 61 52 71 81 74 61 60 50 28 12 313 303 63 85 38 285 290 45 11 5 42 40 30 11 353 343 318 285 282 297 313 6 31 34 45 45 71 162 149 139 126 312 325 345 340 328 282 279 351 74 100 93 26 8 12 25 41 52 56
121 129 143 169 147 131 128 124 103 72 40 46 45 27 27 21 353 341 45 81 92 98 101 91 32 17 22 27 37 51 47 29 41 52 51 49 60 61 46 60 59 38 45 56 46 24 21 315 290 106 84 347 310 328 25 0 23 50 48 53 22 350 358 344 294 280 276 266 -1 49 43 33 22 30 70 81 29 14 330 311 343 20 33 273 246 221 84 71 69 116 167 166 164 39 28 34
148 133 132 156 138 121 97 65 44 27 20 35 34 14 20 16 358 3 71 90 98 100 97 45 357 11 27 29 38 53 44 30 44 52 43 40 55 51 35 53 58 41 46 53 46 42 48 308 240 102 19 324 332 3 21 15 41 41 35 47 4 346 4 0 312 279 266 265 286 45 52 13 19 52 68 14 343 3 349 341 1 15 18 17 -1 207 157 111 90 99 124 125 281 311 345 25
153 133 125 142 132 83 15 22 20 17 21 35 30 11 23 27 20 56 93 101 113 94 46 350 357 20 30 32 50 57 47 45 58 58 42 48 57 42 37 53 51 27 34 37 33 45 47 318 106 98 302 305 342 15 22 30 51 30 10 25 352 346 6 2 338 303 278 270 289 24 56 94 149 101 82 327 296 351 1 2 4 11 18 29 38 32 135 131 105 90 71 -1 266 253 259 10
131 93 78 59 15 350 347 4 16 21 30 42 33 20 50 67 81 100 101 102 103 55 353 340 2 25 27 25 36 38 36 47 59 61 48 60 61 43 51 57 44 24 38 43 36 42 33 350 46 36 283 285 342 9 20 33 45 26 353 9 341 336 356 353 346 335 318 285 276 26 61 56 28 58 76 305 276 294 16 15 355 10 32 40 41 34 28 34 52 47 24 4 342 297 258 270
13 35 36 16 348 339 342 353 16 28 39 52 46 59 85 93 99 105 104 92 40 356 333 330 2 29 30 25 36 40 39 48 55 47 32 51 57 50 61 62 46 32 49 51 37 37 35 3 29 42 293 280 327 358 3 18 26 16 6 8 348 339 343 342 342 341 338 308 295 350 28 17 5 31 55 342 291 313 5 5 344 9 45 43 42 36 26 25 27 18 8 355 352 350 326 292
18 35 32 0 329 327 334 348 27 47 62 73 84 99 100 97 92 91 85 40 1 354 341 332 359 30 37 33 47 51 44 54 57 43 35 54 58 44 46 45 26 21 37 42 32 41 55 31 91 83 300 291 303 329 344 12 22 18 15 9 356 352 347 348 351 348 340 324 327 353 357 357 5 23 35 357 302 304 353 5 355 20 41 26 26 25 24 24 22 16 3 351 350 353 345 327
16 27 22 351 327 330 335 7 74 91 92 94 99 99 94 88 83 78 50 1 355 354 348 345 359 19 26 31 48 53 49 64 63 52 53 66 64 44 48 45 17 18 36 45 32 41 46 26 67 10 291 294 289 308 339 15 30 38 19 3 0 358 351 344 351 353 341 334 342 354 356 3 16 16 22 14 302 290 334 5 10 19 16 11 16 19 26 29 26 21 7 347 346 355 344 344
14 33 24 351 321 322 173 145 138 134 114 108 107 102 102 99 92 78 27 350 354 344 341 347 0 22 34 40 50 50 47 60 59 50 55 67 71 63 67 50 14 21 43 51 39 48 48 40 72 339 284 311 303 301 338 19 31 30 6 0 8 2 0 333 335 347 335 331 341 350 359 13 15 2 356 16 343 307 329 1 15 20 10 8 13 20 27 35 34 23 11 350 345 352 347 350
37 66 48 14 221 167 152 150 152 150 130 120 119 101 97 85 56 28 6 357 348 335 333 347 21 68 81 82 79 70 61 70 73 67 76 89 86 60 48 32 16 34 59 63 57 66 69 77 90 283 286 328 323 293 282 16 19 10 3 6 3 354 0 351 336 344 330 322 333 342 357 10 4 353 352 15 346 305 319 349 7 15 9 14 19 16 22 35 35 16 5 359 351 347 349 354
139 143 150 162 165 156 143 141 148 143 124 112 105 82 64 32 16 7 11 15 342 331 349 38 112 121 122 118 120 121 113 101 103 115 106 100 71 30 34 36 36 56 68 65 60 73 88 98 89 300 283 309 328 273 244 282 344 0 1 0 356 350 358 3 353 352 341 335 342 344 353 358 354 349 346 26 330 302 311 332 356 12 14 22 21 9 15 24 22 10 8 10 356 349 354 358
132 150 155 166 161 145 135 133 133 111 96 76 37 46 37 16 6 12 32 43 333 301 98 127 136 143 149 142 141 148 148 128 120 130 105 59 15 22 45 51 52 62 67 65 63 77 93 112 88 308 287 271 -1 -1 282 281 300 350 352 342 346 347 354 4 4 357 345 343 347 343 351 356 354 350 353 25 319 299 302 310 337 11 22 30 24 12 18 20 17 12 15 12 359 355 356 357
95 92 85 94 108 98 86 60 18 27 25 9 3 11 13 12 16 33 58 75 157 200 138 133 135 142 149 144 142 148 146 117 76 31 15 11 10 35 61 58 51 64 74 77 79 87 92 100 325 304 317 305 298 323 326 305 310 345 342 335 343 351 353 0 9 2 345 343 343 335 348 357 352 340 352 25 316 289 291 304 332 10 27 32 30 21 23 18 18 16 13 8 0 356 352 353
53 38 40 29 24 34 37 21 358 3 4 0 359 9 16 25 48 73 91 99 135 163 149 134 128 130 124 108 92 61 30 22 16 7 6 12 20 52 68 63 58 67 72 75 94 105 98 77 308 305 346 5 357 340 335 306 310 338 331 336 348 351 353 358 4 9 5 344 337 335 346 358 358 334 335 9 326 287 279 283 303 13 31 20 18 13 10 15 22 11 7 6 1 359 351 347
38 26 22 11 3 9 22 19 357 352 353 358 3 42 78 95 96 104 116 116 124 140 149 131 100 53 27 24 28 19 8 10 8 7 18 30 41 66 70 66 61 68 72 72 83 88 80 52 309 300 335 6 9 9 359 309 312 330 320 333 349 344 344 354 4 12 11 349 343 349 353 2 11 354 339 353 342 289 270 268 272 359 34 12 12 11 9 21 20 3 4 4 0 8 5 351
33 22 19 8 358 2 20 18 2 3 6 23 92 110 114 122 114 113 121 120 119 116 112 71 25 4 2 11 23 15 6 8 5 9 27 40 50 70 75 73 61 70 73 59 66 73 75 26 303 291 300 348 7 12 2 339 343 346 323 338 354 337 328 342 358 5 4 349 342 350 354 0 9 1 351 356 6 324 276 270 275 322 22 2 8 11 12 22 14 2 4 3 0 14 12 0
30 25 24 13 1 5 26 20 14 47 95 141 137 135 136 133 123 118 122 119 115 96 23 3 355 350 356 17 23 10 11 12 9 23 49 56 56 74 80 73 56 79 78 38 65 83 91 323 307 297 293 312 341 358 354 346 356 356 335 345 358 352 355 358 348 352 358 349 334 344 353 348 0 6 359 0 21 4 289 264 261 287 345 353 6 8 5 11 7 5 7 2 2 12 9 5
165 104 57 42 27 61 94 109 110 107 116 140 126 127 137 134 123 116 116 99 62 3 353 349 350 355 3 19 11 6 24 28 26 62 79 75 72 82 82 67 63 76 71 64 92 92 25 327 324 309 302 304 317 337 338 347 357 353 334 337 354 352 6 9 352 349 355 357 348 353 3 341 339 6 11 16 45 30 308 263 255 262 306 344 4 1 358 3 3 4 3 6 10 6 5 11
192 187 157 151 159 149 153 158 141 129 128 138 121 116 120 118 109 103 90 52 12 348 345 338 343 0 10 13 8 8 29 40 47 74 82 86 89 88 84 80 91 102 111 124 114 98 326 330 344 335 332 322 327 344 341 351 355 346 323 324 347 346 8 11 357 345 347 355 356 4 7 357 336 351 12 29 48 26 341 283 259 253 263 305 347 345 352 0 4 5 1 10 15 7 5 10
210 197 161 149 153 148 154 157 132 131 142 141 127 124 125 116 106 90 38 15 358 341 331 325 332 356 9 15 16 26 53 66 75 89 94 100 105 105 100 97 103 119 139 128 114 75 307 318 342 344 337 322 325 349 348 351 0 355 335 336 358 359 7 15 0 334 329 343 3 13 3 3 339 335 9 38 44 15 351 328 282 255 260 281 325 321 337 355 6 10 3 6 13 11 9 11
208 193 165 148 139 132 141 147 112 111 133 135 121 115 104 83 65 25 2 1 357 349 337 332 341 345 5 35 46 69 85 90 96 100 104 113 111 112 111 104 101 108 127 123 106 327 302 304 324 343 325 314 320 342 338 343 1 356 340 341 2 7 9 17 3 338 333 338 5 18 358 3 349 316 354 49 48 19 354 344 331 266 259 266 298 314 329 347 7 18 9 356 9 19 20 24
191 189 168 159 152 141 149 167 126 111 125 121 95 67 40 44 27 3 359 358 357 353 341 340 351 357 19 48 56 72 82 90 97 99 102 112 108 106 112 109 101 102 112 107 0 334 322 316 328 346 320 311 320 336 326 328 357 352 335 337 354 9 19 27 6 335 337 340 0 15 2 6 15 322 326 52 53 27 358 349 6 308 264 261 271 296 318 341 6 16 6 0 6 12 23 31
169 174 162 158 150 142 147 171 151 128 133 113 42 33 30 28 15 0 0 359 2 0 336 337 355 27 61 74 77 84 87 84 82 82 83 85 91 95 103 105 99 98 99 16 319 335 331 319 331 346 313 307 313 326 323 330 353 358 346 337 346 17 42 44 11 324 325 332 355 18 11 18 26 340 332 33 40 24 0 355 21 6 272 260 257 274 296 328 352 6 3 5 9 10 22 23
156 150 150 151 135 133 139 153 146 135 138 319 341 11 14 11 9 3 2 2 13 15 347 326 24 100 117 131 113 103 100 93 90 90 84 76 81 86 92 103 106 102 95 298 299 326 320 315 331 338 301 302 313 315 315 322 345 2 356 346 352 13 28 34 17 329 319 320 348 24 23 29 22 339 331 23 37 27 4 357 23 19 306 266 258 266 279 313 331 350 359 10 14 10 17 17
157 138 138 146 136 131 136 123 95 71 344 320 323 350 2 10 15 9 5 9 24 30 30 98 152 137 147 162 131 121 122 123 110 107 102 95 92 91 92 99 106 105 90 293 298 332 319 325 359 344 293 295 308 301 297 298 315 348 350 346 354 9 28 37 18 344 333 328 345 15 25 35 22 333 321 18 41 34 17 355 17 26 351 278 264 267 277 306 325 339 349 8 15 11 12 20
155 135 121 123 126 125 105 22 19 1 350 337 327 336 348 14 25 14 14 31 49 58 81 116 143 137 155 169 151 141 145 153 132 113 106 104 97 94 93 93 93 92 70 284 290 323 310 321 12 357 303 303 317 307 305 299 292 316 334 339 347 11 47 44 11 351 342 322 336 20 35 35 10 348 347 13 37 41 32 354 8 41 33 290 270 269 275 295 315 330 343 5 13 7 6 16
