data/GlacierNationalPark/Fire1/saz.asc
ncols 175
nrows 107
xllcorner -1620000
yllcorner 438000
cellsize 100
NODATA_value -9999
[rows 47 to 93 of 107, columns 0 to 95 of 175]
129 120 103 94 88 64 356 340 341 343 351 349 341 345 347 5 17 15 33 62 84 105 117 128 136 129 145 157 149 145 149 158 151 142 136 131 119 109 102 95 88 76 47 280 283 309 304 312 6 359 301 296 312 306 316 329 313 314 333 348 353 20 50 30 4 3 346 313 321 44 49 31 0 347 5 32 49 55 28 348 0 30 36 335 275 268 270 279 294 317 346 357 2 1 1 16
132 120 103 89 70 27 348 321 307 313 332 340 341 348 346 2 25 38 67 86 98 104 112 126 132 126 133 142 133 133 140 145 144 146 148 139 133 125 109 93 83 73 8 301 301 317 310 314 352 351 299 284 287 285 296 323 322 319 329 347 357 17 25 9 3 7 355 341 347 37 44 24 349 344 43 67 70 58 0 337 355 30 43 14 294 267 263 265 281 305 346 352 356 1 0 17
138 124 101 72 30 1 355 342 322 300 290 298 318 342 347 29 76 86 85 83 80 84 86 91 101 101 97 94 88 89 98 105 103 108 116 105 102 101 91 87 91 92 309 301 305 312 311 319 346 344 316 293 282 281 290 306 307 311 321 332 344 7 18 5 4 9 355 357 9 24 29 10 353 9 59 75 70 30 338 329 350 44 56 28 327 278 263 258 270 287 329 341 352 1 3 16
92 98 67 27 355 346 349 348 350 338 317 290 290 319 1 59 74 78 85 79 69 78 79 73 67 56 42 32 43 48 37 26 38 41 32 47 59 61 71 88 97 91 289 287 293 296 298 309 333 332 319 301 288 282 286 300 297 304 326 327 322 354 22 4 4 11 349 359 21 28 25 8 6 39 69 73 42 345 335 344 356 52 60 31 337 285 264 256 261 270 295 313 338 0 4 19
43 29 5 354 341 333 333 343 355 354 348 304 276 280 15 69 63 71 78 72 69 77 76 57 43 33 27 26 44 48 31 28 42 42 37 58 72 82 104 108 90 356 303 293 297 300 298 300 312 315 318 307 296 291 285 283 283 291 319 324 312 339 6 356 5 16 347 358 34 39 27 18 43 69 74 65 15 317 321 352 6 40 42 16 5 304 262 255 257 260 264 276 300 353 1 18
27 11 352 350 349 346 334 336 356 8 15 316 290 282 102 94 91 88 79 65 62 64 54 30 31 35 35 38 60 67 60 76 87 85 84 89 92 100 107 110 31 343 308 302 311 306 307 315 324 326 328 320 295 289 284 275 273 276 294 308 306 320 347 346 9 24 351 358 26 24 24 38 62 75 79 66 12 295 292 330 10 41 36 17 29 18 268 250 249 247 240 255 269 319 346 17
35 11 345 347 350 346 318 318 358 26 12 338 315 298 109 109 111 106 107 105 90 80 70 53 71 89 109 120 112 114 133 127 127 134 115 97 94 93 88 62 332 341 300 299 317 302 300 311 323 335 336 334 304 289 286 279 272 272 279 286 289 291 297 305 0 24 357 0 23 26 47 65 65 66 68 50 6 307 293 304 17 55 43 35 54 46 303 263 259 249 237 247 252 262 301 5
79 18 307 149 167 193 233 247 189 106 338 323 306 178 132 122 105 94 100 119 124 122 125 138 127 127 139 141 136 134 143 133 134 154 147 128 120 112 91 25 334 351 300 289 306 294 292 298 308 327 335 336 311 301 301 294 281 276 276 276 279 281 276 276 307 11 3 10 40 64 80 79 61 65 64 35 357 316 308 318 9 37 32 43 59 49 359 289 276 262 249 252 251 246 265 316
61 36 123 119 141 196 222 215 186 182 207 210 185 150 141 148 124 89 79 74 87 96 95 91 96 104 116 109 107 98 83 83 83 94 114 118 122 115 96 335 341 358 326 303 315 304 300 300 302 321 339 343 312 304 310 305 298 294 297 287 284 287 282 275 271 306 348 19 55 70 75 72 61 73 71 27 346 311 310 322 4 37 41 53 57 39 11 309 289 286 265 257 254 249 260 274
70 65 81 85 86 174 209 196 193 199 210 206 188 142 136 167 162 119 93 72 69 64 49 46 60 57 30 43 40 27 33 50 54 47 63 69 66 73 28 302 329 357 345 315 311 300 300 306 301 316 346 352 333 315 312 301 297 300 300 289 282 278 275 272 260 252 277 18 63 71 77 69 50 61 58 14 334 315 312 319 9 59 69 70 58 34 14 318 296 310 317 302 292 281 269 265
90 96 105 98 83 77 137 170 203 214 213 193 180 159 146 170 173 152 142 132 100 80 64 67 70 51 15 36 39 31 43 57 60 56 69 73 67 74 24 286 302 344 354 325 302 286 287 297 290 299 335 349 343 334 330 313 307 316 314 292 281 281 273 268 262 262 270 330 69 75 78 66 58 65 53 9 325 317 325 328 22 70 74 64 58 42 23 309 280 284 301 308 317 311 290 279
80 90 97 94 69 55 87 115 216 228 217 179 165 161 155 167 170 161 161 165 153 140 119 106 108 108 88 81 77 71 80 84 79 73 81 82 78 81 22 283 295 326 349 350 326 296 286 283 279 284 308 329 336 338 337 320 311 317 326 312 308 323 312 312 324 325 302 337 59 73 76 75 81 76 51 6 316 309 325 330 32 57 28 30 39 28 10 341 288 263 264 272 291 304 298 299
65 48 43 27 20 39 77 92 217 237 220 177 145 139 152 159 163 161 157 168 168 166 162 141 142 165 175 145 119 95 92 94 89 83 86 86 83 82 23 276 282 303 334 358 340 310 296 286 279 282 298 310 323 336 337 320 306 305 316 316 320 330 316 316 329 338 329 352 42 66 72 68 70 63 39 1 310 304 318 333 45 45 13 33 47 32 5 358 337 285 273 274 281 287 286 292
124 111 108 90 87 102 101 99 168 213 199 178 165 141 147 158 154 156 148 161 166 158 161 147 149 175 176 167 161 142 100 87 81 84 87 88 87 87 98 264 267 278 304 348 337 319 306 286 273 274 285 293 310 334 340 339 338 328 313 312 318 322 309 306 313 314 317 354 47 65 66 52 49 40 21 358 319 308 316 348 42 30 21 57 66 45 1 356 2 316 285 279 278 281 286 288
162 158 163 169 163 133 118 113 135 181 185 174 170 158 157 168 164 164 165 169 164 148 147 138 142 171 172 174 177 170 128 97 87 95 100 97 91 89 94 265 265 271 286 323 323 325 326 302 271 266 268 275 285 310 320 328 348 349 329 328 334 335 326 317 318 304 284 305 67 73 69 47 41 37 18 0 320 302 305 341 14 21 35 56 57 41 356 350 9 329 294 283 277 276 281 285
165 161 160 172 172 132 121 127 134 157 174 170 159 156 162 169 164 163 176 176 166 158 154 142 142 164 163 170 180 180 158 122 104 102 105 103 95 89 57 281 285 293 306 324 322 330 344 346 298 270 260 264 267 271 281 297 329 346 332 331 336 337 337 334 336 340 326 330 48 72 68 40 42 45 23 7 323 293 290 305 351 35 48 53 51 37 354 350 4 343 322 314 312 291 285 291
158 160 152 169 176 150 143 149 149 156 169 169 145 139 155 160 144 142 170 167 160 156 150 123 108 106 103 130 167 177 175 162 131 106 101 102 99 88 10 296 291 298 316 321 317 323 340 347 334 313 298 277 267 261 268 275 283 298 305 317 329 329 332 331 341 359 344 337 52 74 60 29 34 32 10 13 0 309 296 284 309 51 57 62 60 37 351 345 0 343 333 337 338 325 320 336
133 147 144 158 169 150 146 153 152 158 172 168 112 86 35 358 38 62 70 67 49 36 24 33 31 13 38 65 98 146 165 170 152 117 104 97 90 81 329 293 283 283 301 306 305 311 327 322 328 333 326 299 279 270 269 270 278 290 293 305 326 327 328 324 338 3 343 346 68 76 52 31 35 27 3 20 21 341 319 297 310 26 52 63 56 29 348 337 356 332 325 336 337 326 327 16
137 139 139 153 157 136 129 138 135 109 327 336 13 21 356 346 17 26 13 13 11 9 12 23 23 12 43 61 59 58 68 94 107 90 81 75 79 79 303 293 286 290 309 309 316 328 328 307 309 328 327 318 309 297 279 279 294 304 295 297 315 318 330 337 346 358 352 7 62 67 49 45 53 45 1 25 25 5 339 305 309 4 48 50 27 13 359 352 358 328 315 325 327 316 299 119
142 137 137 156 159 140 121 110 343 342 347 337 346 1 348 344 13 18 17 23 16 6 17 24 14 14 42 49 40 42 36 26 25 53 69 73 81 76 294 291 285 290 311 303 316 347 343 318 312 330 328 327 336 330 285 271 269 283 290 291 297 298 312 332 341 355 358 13 46 48 35 42 58 54 5 0 13 13 354 315 309 350 50 45 18 14 7 6 4 335 323 330 333 0 127 130
128 126 132 154 160 146 26 5 341 343 353 348 337 344 345 351 13 24 43 51 30 2 22 26 14 25 45 37 30 39 34 26 33 67 79 78 80 68 288 284 280 283 299 293 301 340 347 327 313 319 318 326 350 355 323 299 282 271 275 278 278 279 281 290 298 331 352 7 41 41 32 45 57 40 4 357 358 4 350 319 307 339 54 47 19 28 21 16 9 332 319 330 356 109 127 137
121 110 109 111 352 328 339 349 343 346 359 348 331 333 340 0 30 43 55 53 23 354 21 34 27 48 56 42 41 58 58 50 73 91 89 81 79 63 292 283 279 283 295 289 293 319 339 325 312 309 298 309 347 357 336 324 327 293 271 262 259 260 258 251 265 288 325 355 42 38 33 51 58 35 10 7 7 354 324 301 290 304 34 21 14 30 31 24 27 316 290 295 115 119 125 129
129 108 69 354 344 331 327 338 345 0 20 321 310 313 319 14 52 44 44 33 4 357 23 33 24 42 53 54 66 80 81 76 90 96 93 87 82 55 299 286 282 278 279 279 283 305 326 332 325 314 291 291 327 345 333 325 333 326 294 271 268 270 263 254 257 249 223 205 78 34 38 59 61 42 23 18 19 8 308 278 270 264 317 357 19 39 40 30 37 4 243 194 119 113 121 118
126 93 354 340 337 335 334 342 3 27 29 318 293 289 287 27 54 30 32 17 357 8 37 40 28 51 67 75 85 88 87 88 92 91 89 87 82 40 316 284 273 260 251 258 258 259 281 312 332 318 296 292 313 324 333 333 325 333 326 306 293 290 285 272 258 237 206 199 196 186 79 63 50 34 29 22 26 23 339 279 258 263 276 296 35 59 59 48 60 87 173 184 133 123 131 129
77 340 335 335 321 323 330 342 26 44 24 343 315 304 297 350 32 25 27 13 6 52 68 56 55 83 94 100 101 98 103 115 107 104 103 96 80 1 334 289 261 246 241 246 242 233 244 247 256 279 282 284 293 292 313 336 326 329 337 333 302 287 279 262 249 236 208 206 200 191 166 65 44 41 41 31 26 20 2 340 285 271 279 289 20 70 75 72 81 93 129 167 124 121 129 123
334 337 347 341 318 308 316 351 55 47 16 350 332 316 301 328 22 22 23 24 36 67 82 93 103 105 111 123 122 120 123 129 115 112 116 103 46 335 336 324 312 284 249 245 236 229 239 237 234 263 276 273 259 263 268 287 293 292 302 315 277 252 226 214 221 218 202 204 194 186 183 194 59 53 50 40 25 23 21 9 329 278 272 276 347 73 73 61 70 77 84 121 108 106 107 98
313 331 356 347 332 324 331 9 41 31 11 352 338 319 297 291 44 31 43 53 57 75 95 118 121 114 123 146 139 136 138 132 116 110 109 85 340 327 328 323 334 357 295 248 232 228 234 234 234 253 254 236 230 245 239 217 218 226 221 206 219 221 209 208 224 217 198 201 189 182 182 201 199 54 45 39 27 36 47 31 346 286 278 279 312 80 81 75 81 80 71 86 99 101 105 95
297 311 350 343 333 331 335 15 39 23 9 1 354 315 273 209 168 173 123 113 106 97 102 111 110 108 116 138 129 129 140 127 100 81 63 25 321 319 320 309 322 14 8 279 241 234 239 237 229 236 229 214 213 218 211 197 204 215 215 208 221 223 215 223 235 221 197 198 188 179 185 200 205 204 63 34 17 26 37 29 19 289 283 285 167 101 99 99 96 92 83 91 99 98 98 91
297 299 329 326 324 329 329 25 46 30 28 48 103 185 202 173 169 180 152 147 156 114 111 128 122 114 110 109 100 97 97 72 58 53 52 19 314 317 326 321 329 1 20 21 287 250 250 244 234 238 232 213 209 212 206 197 206 216 209 204 212 211 207 215 225 221 201 193 185 179 189 202 206 204 206 267 1 36 49 42 36 301 282 277 117 107 102 98 97 98 106 101 99 98 102 78
308 306 325 321 319 324 306 99 98 100 112 132 152 166 180 164 166 178 156 151 169 129 114 128 125 119 114 105 94 77 22 24 48 66 75 37 293 301 316 325 338 356 18 22 3 335 259 234 226 234 227 209 216 223 213 204 214 219 213 216 220 217 211 217 226 216 192 183 182 182 190 199 202 199 213 219 217 105 70 52 38 327 279 254 112 99 96 97 98 103 116 103 95 96 97 329
307 305 317 320 280 175 176 154 144 151 138 141 158 161 170 157 158 172 154 141 158 134 113 109 106 108 111 106 82 28 0 30 62 76 81 51 276 277 289 309 340 358 13 13 11 19 347 231 225 228 216 201 209 209 203 205 215 226 228 238 242 233 227 230 230 209 189 185 188 189 191 192 194 201 210 212 217 217 53 41 41 24 261 208 127 108 99 101 106 109 116 107 101 94 54 317
301 299 298 225 138 153 165 157 146 151 142 152 169 166 173 169 166 176 170 145 147 142 129 117 104 104 112 100 14 351 5 51 75 80 80 45 280 280 283 296 339 1 5 4 18 36 32 348 262 235 219 203 213 212 210 212 221 230 225 232 231 221 225 229 226 205 194 197 204 202 184 178 192 212 216 205 216 228 209 60 75 102 198 181 145 126 114 103 105 107 105 102 101 90 337 313
309 297 235 147 130 136 144 149 143 142 132 144 166 165 172 172 169 178 178 162 153 155 152 142 120 105 90 27 337 342 25 71 83 84 82 58 277 275 275 281 319 345 355 2 9 28 31 8 355 312 267 240 247 246 235 225 233 236 222 231 228 218 215 214 210 192 193 203 204 197 181 175 201 229 223 207 217 229 220 142 104 113 167 172 160 144 130 104 99 103 105 102 100 81 297 299
295 170 182 156 142 149 145 151 160 153 132 133 153 155 162 166 166 168 170 165 153 153 153 142 114 66 11 353 349 2 30 74 85 84 84 83 265 263 265 266 278 305 332 356 6 26 25 4 1 356 350 340 312 274 248 246 253 242 224 235 233 221 216 216 206 190 199 209 202 193 190 188 196 212 217 212 223 242 231 162 105 105 138 157 151 134 130 108 100 104 109 104 93 333 299 299
175 152 162 153 143 146 138 143 163 161 141 136 150 150 137 136 146 130 130 138 114 100 77 46 30 10 353 353 0 15 47 78 82 69 67 65 262 257 260 258 253 266 285 327 1 26 21 1 0 1 1 354 346 343 338 322 279 225 215 232 233 222 227 230 213 196 215 219 202 201 199 192 196 205 214 210 218 228 213 180 109 97 85 358 23 62 87 94 93 96 107 110 67 314 300 303
160 154 148 143 134 126 118 119 142 148 140 136 122 359 12 19 15 28 24 7 10 24 25 7 11 1 346 0 15 45 89 97 85 58 64 68 262 245 244 236 221 232 236 238 289 12 22 3 354 358 8 358 337 344 353 353 0 14 226 232 225 210 213 215 209 208 225 224 205 216 208 190 197 211 217 208 217 219 207 197 105 61 5 351 27 62 74 86 92 96 99 99 304 300 290 295
160 160 151 152 153 141 121 118 130 116 99 13 349 343 350 3 7 12 9 359 0 21 20 4 8 2 354 11 38 77 98 99 81 61 72 72 27 247 242 229 212 221 220 221 240 285 11 6 346 353 16 357 327 337 359 4 20 25 9 248 225 205 212 219 214 212 217 213 199 207 196 189 200 215 221 211 227 231 222 223 302 15 1 9 62 83 90 97 103 111 96 46 314 308 292 291
148 158 149 151 156 151 126 109 43 28 23 349 338 341 342 355 0 4 9 357 359 24 20 13 13 4 1 31 64 77 76 67 52 61 71 64 39 307 253 230 215 225 226 226 238 241 254 343 324 343 14 350 333 348 8 11 22 27 28 8 276 230 237 234 219 218 221 212 199 201 193 194 205 212 213 206 223 233 231 246 276 321 3 56 88 94 101 107 107 104 88 350 309 310 297 301
131 145 137 136 140 133 113 47 338 9 28 349 323 335 345 354 354 0 10 4 10 25 23 29 25 10 12 55 69 60 65 67 59 53 48 38 26 22 270 214 212 227 233 232 241 235 213 213 247 281 350 338 331 354 16 21 19 15 22 20 5 344 282 236 219 230 233 216 205 206 198 194 211 218 215 214 232 240 235 251 267 284 354 75 92 97 97 99 93 81 66 310 293 300 299 300
111 113 112 121 136 111 52 337 319 22 56 346 297 309 334 346 348 357 12 17 25 31 28 35 28 18 36 68 68 64 79 82 57 30 30 30 27 40 54 180 222 234 228 220 228 223 209 218 238 244 248 281 302 350 33 30 8 5 19 26 20 6 352 330 247 234 220 200 202 212 205 191 222 233 227 231 248 253 248 254 257 260 276 85 86 83 84 85 84 79 59 302 290 288 289 286
68 55 50 40 12 2 355 351 343 32 53 355 281 272 279 303 322 348 32 62 78 90 97 90 80 80 98 104 101 97 84 63 24 13 31 38 40 56 60 42 296 239 225 220 229 224 217 228 232 224 220 236 256 310 43 6 351 2 19 31 28 16 7 9 1 284 228 203 213 214 196 187 209 218 217 239 262 267 266 265 259 256 249 89 83 79 86 89 89 82 50 303 292 283 283 286
52 38 24 15 1 349 350 11 21 23 35 11 294 273 272 282 289 148 137 125 126 138 145 149 142 134 115 112 115 99 50 31 11 8 26 32 35 55 61 44 37 253 247 250 255 255 248 243 235 229 229 240 249 260 346 341 348 358 6 22 29 19 11 13 14 355 349 342 303 233 192 190 210 218 219 239 255 260 266 272 269 263 235 106 98 96 94 93 92 86 38 295 290 282 282 289
46 36 6 3 356 332 348 47 56 23 28 20 318 284 277 262 173 157 151 136 126 119 122 146 142 115 98 88 64 23 9 18 11 14 33 39 40 54 53 36 41 25 276 265 269 272 273 265 261 259 257 259 259 260 293 317 341 353 355 20 27 15 8 7 9 7 9 359 348 1 6 357 294 241 230 243 249 250 259 272 281 277 212 105 96 88 87 88 88 81 1 290 285 278 279 286
32 26 358 354 347 331 21 77 67 45 40 23 323 293 284 212 138 152 146 135 121 71 52 27 19 34 45 34 20 14 8 20 20 36 55 54 56 63 53 43 50 47 312 279 277 272 260 256 256 252 259 271 268 259 265 279 309 332 334 16 29 21 10 3 8 11 8 357 357 0 4 13 23 7 246 256 258 252 251 263 277 288 47 84 79 76 81 82 76 53 346 308 295 282 280 285
29 25 5 348 331 353 74 71 52 43 8 348 339 308 289 78 96 98 77 68 34 1 15 14 11 12 17 14 19 28 26 30 31 49 58 52 60 67 62 61 68 67 0 274 268 256 239 244 247 245 260 270 270 265 269 275 289 303 309 6 38 43 32 351 2 5 358 347 357 3 12 41 61 64 268 261 261 253 262 273 277 282 67 87 80 84 90 85 66 34 339 308 292 279 276 278
42 33 4 341 326 84 90 61 49 27 357 339 341 335 324 41 59 28 27 36 5 337 356 11 16 14 24 36 47 58 57 50 46 63 66 55 63 65 61 65 71 69 37 268 253 239 232 245 252 252 263 270 276 279 272 267 258 260 267 315 32 46 43 340 338 350 342 331 0 34 71 93 97 93 267 262 261 259 270 275 273 276 80 97 103 93 92 77 48 35 350 291 282 277 269 264
16 8 358 346 41 96 91 84 43 4 355 327 323 333 342 35 50 24 18 26 359 335 0 54 88 111 120 122 126 107 95 83 85 91 86 71 75 74 67 74 84 75 34 306 253 237 245 263 268 267 267 267 270 268 256 244 227 237 246 245 331 58 52 345 319 340 347 339 27 77 93 94 93 97 169 261 261 263 267 267 272 280 86 100 126 102 77 24 21 34 26 317 282 273 262 257
