data/GlacierNationalPark/Fire1/slope.asc
ncols 175
nrows 107
xllcorner -1620000
yllcorner 438000
cellsize 100
NODATA_value -9999
[rows 0 to 57 of 107, columns 0 to 95 of 175]
56 72 70 64 58 48 38 43 41 25 22 28 30 27 33 31 21 20 18 13 7 6 7 14 24 25 16 6 5 10 13 12 11 18 31 39 19 17 34 49 50 33 31 33 45 54 41 18 17 30 38 28 36 20 14 11 9 17 16 16 17 21 21 17 10 5 2 6 8 7 14 18 12 8 33 52 39 23 8 0 0 8 24 42 51 56 57 47 36 21 2 10 14 9 5 9
43 56 67 77 68 58 49 50 47 26 24 27 26 22 29 29 21 22 21 15 12 11 9 9 21 23 16 11 7 8 12 12 7 9 17 36 38 15 6 35 51 45 36 27 32 43 49 32 21 31 32 19 32 19 14 11 7 13 17 21 21 21 22 22 17 12 10 10 9 7 13 20 20 17 27 43 45 39 20 4 1 0 4 22 48 56 49 53 53 34 13 10 11 9 7 1
13 28 47 72 72 56 49 49 49 44 39 35 29 28 34 33 23 25 23 12 12 18 14 7 17 20 12 10 8 5 10 14 8 7 11 26 37 30 20 5 33 43 37 20 15 18 30 34 27 25 23 14 32 19 15 14 12 14 18 20 20 20 17 21 16 10 14 21 24 20 18 19 20 21 26 34 46 59 47 23 12 6 1 5 34 49 38 43 56 41 19 12 6 4 8 7
23 27 40 59 66 54 47 42 46 43 41 38 30 31 37 37 23 28 27 16 16 23 22 12 17 19 11 8 9 6 5 12 11 8 10 17 28 29 29 16 18 41 46 26 10 14 17 19 17 11 13 14 36 29 22 22 10 12 12 12 15 20 21 27 31 29 26 30 37 38 34 28 25 26 26 24 28 51 58 36 20 12 5 0 20 39 43 47 54 38 20 14 11 7 0 10
40 37 42 62 71 60 59 51 39 27 31 31 28 30 37 34 24 28 26 18 17 23 25 22 27 26 19 15 13 8 4 8 9 8 8 12 17 17 27 26 3 25 49 37 9 13 12 6 8 7 4 12 35 39 15 31 5 6 8 10 12 17 19 23 30 35 34 32 33 39 47 51 45 41 40 31 19 28 47 41 28 19 9 0 9 21 35 55 60 53 40 27 25 23 14 7
31 19 30 58 66 55 63 55 41 41 41 34 30 38 39 30 25 28 24 14 14 17 16 17 26 30 25 22 17 9 4 6 7 4 5 11 12 12 24 27 11 13 43 41 15 15 13 3 1 6 9 8 23 39 4 32 13 4 7 9 7 10 13 13 13 15 19 17 14 17 25 39 47 49 55 55 48 42 44 42 41 30 13 1 7 14 18 37 55 63 58 39 28 31 34 27
31 6 18 45 56 45 56 54 41 46 49 40 33 47 45 33 30 32 28 16 15 15 10 9 16 24 24 27 24 11 7 8 8 5 8 10 9 13 25 31 22 8 35 37 24 21 17 5 3 4 6 8 13 33 15 29 23 4 7 9 9 10 12 11 9 7 5 3 2 1 5 3 18 29 37 44 47 49 41 35 49 46 24 7 9 16 11 12 21 36 53 47 29 28 38 43
43 17 26 46 54 48 59 51 37 35 41 37 32 47 47 34 31 35 34 23 22 19 12 10 12 18 19 29 29 16 12 11 10 7 10 8 8 10 19 28 28 14 19 38 36 33 27 13 1 7 7 2 8 27 24 25 31 4 6 10 10 9 10 13 15 14 10 8 5 2 5 10 7 7 14 23 38 46 34 26 43 51 35 18 6 15 14 16 20 28 44 47 36 35 37 34
43 27 28 41 54 58 71 61 44 45 42 35 32 45 46 28 26 32 33 25 27 22 14 12 11 13 14 25 29 19 16 16 12 8 10 7 4 4 12 17 20 24 7 22 36 40 37 26 15 4 6 5 8 20 27 18 33 6 6 12 11 4 5 10 16 19 18 12 8 7 3 5 9 8 6 16 40 44 30 24 36 46 39 33 10 10 17 20 22 26 40 53 60 66 67 63
30 12 10 26 42 53 72 67 50 59 55 41 37 46 48 39 40 36 28 25 28 23 16 17 14 11 10 20 24 18 16 18 13 10 13 11 7 6 10 12 15 23 25 5 19 34 31 24 21 11 7 9 11 12 22 5 28 18 11 15 12 4 4 5 5 8 16 15 8 9 8 3 5 8 8 11 31 38 32 31 41 47 44 46 33 15 9 7 4 1 12 32 43 44 45 47
31 13 9 19 30 37 63 63 47 61 63 45 36 39 45 44 52 48 35 34 37 32 21 22 19 13 11 16 19 16 18 18 13 12 13 13 9 10 12 11 13 19 25 23 11 28 27 20 19 13 12 14 14 9 12 10 19 25 16 17 12 7 6 6 4 0 12 13 8 11 10 5 5 6 8 11 20 25 25 27 32 36 39 48 43 34 41 37 26 21 21 19 19 19 13 20
40 28 19 23 32 41 62 58 44 65 73 45 31 32 36 33 46 47 36 33 39 37 25 27 23 18 17 18 20 16 19 18 12 11 12 13 9 9 12 12 12 14 20 25 17 11 28 34 35 27 19 13 12 8 11 17 12 28 20 15 11 10 11 10 4 1 11 11 9 13 10 6 7 7 8 9 14 15 15 24 26 22 27 41 35 34 45 46 37 31 32 32 30 27 22 13
35 34 23 26 32 42 61 55 39 72 77 48 50 48 44 36 43 43 29 28 33 28 20 27 25 19 18 17 19 17 19 20 16 14 14 15 13 9 8 10 11 10 11 16 20 13 3 19 35 35 24 13 8 4 10 15 9 29 25 14 8 7 12 12 9 8 11 13 10 12 10 6 8 8 8 11 14 12 11 21 24 20 23 35 22 30 25 34 38 33 28 24 20 19 30 6
26 24 20 27 28 40 57 54 48 69 66 55 58 58 54 48 55 54 38 41 37 18 19 28 27 17 18 16 15 16 18 19 15 15 15 16 16 13 9 8 10 10 10 13 15 21 26 20 0 21 24 12 6 3 10 13 2 23 29 17 12 13 15 15 7 10 11 11 8 10 9 6 9 10 9 10 9 7 8 19 26 25 22 22 24 25 19 21 26 24 20 16 15 21 40 15
21 25 36 36 30 39 50 53 59 65 59 51 51 53 46 46 58 57 40 47 39 37 39 42 39 28 26 19 14 13 16 17 12 12 12 12 14 15 13 8 8 9 9 13 12 18 22 29 25 5 21 13 4 4 6 10 5 13 26 20 18 19 22 25 13 11 10 7 5 9 10 9 11 10 7 8 7 8 9 27 39 21 5 24 30 28 21 18 23 27 28 26 19 22 45 37
20 36 41 35 31 44 58 69 79 79 68 54 58 55 36 37 55 55 42 31 34 43 40 41 39 37 37 27 18 17 19 20 15 13 11 10 10 13 14 10 7 7 7 11 11 14 13 20 30 24 8 17 7 6 6 7 3 5 20 17 13 14 18 26 22 15 8 3 1 7 11 13 14 16 20 20 15 11 13 35 44 7 24 23 27 29 22 18 19 23 25 27 26 27 47 64
29 32 30 29 32 44 59 69 81 75 60 55 65 60 36 52 64 50 37 15 26 29 34 36 29 32 40 33 21 18 18 18 16 16 11 8 9 12 13 13 11 9 7 8 5 6 2 7 17 26 18 18 17 11 13 10 4 1 11 15 11 8 8 16 16 14 10 6 3 2 6 9 12 20 24 25 20 13 15 40 47 16 31 23 23 22 23 24 22 20 17 16 20 22 30 47
52 45 38 37 38 36 40 45 68 67 44 49 69 67 42 64 63 34 31 41 40 39 45 44 33 29 37 32 20 21 19 14 14 17 13 7 9 9 10 13 14 13 11 10 3 3 2 0 4 16 18 15 18 6 13 17 14 12 4 7 9 7 5 8 10 12 12 9 5 1 4 7 12 13 12 20 21 13 13 40 39 25 41 33 33 38 43 44 41 35 26 22 21 20 17 14
53 50 53 55 47 34 29 31 63 68 41 56 79 70 48 61 50 26 43 48 38 38 45 47 38 32 38 34 27 32 26 13 14 17 14 8 9 7 6 9 11 12 10 10 7 2 1 3 5 13 21 7 20 5 9 12 13 15 12 4 6 7 5 4 7 8 9 8 7 7 5 3 5 3 7 20 21 11 24 44 18 33 41 31 34 35 35 38 42 45 40 38 39 41 36 25
36 36 43 43 42 44 36 38 70 77 56 83 87 56 45 49 34 40 46 38 33 33 43 45 36 31 31 32 33 41 37 21 19 19 15 12 12 8 4 5 7 8 8 9 8 5 4 6 7 10 27 2 26 6 9 11 11 14 14 7 6 6 5 4 9 10 8 5 3 2 7 11 15 14 10 14 20 17 34 34 14 40 34 17 11 8 5 9 19 30 34 35 35 36 38 35
32 28 20 10 40 53 42 51 83 83 60 79 64 29 36 46 51 60 56 48 44 39 48 48 34 31 21 24 32 42 39 27 26 23 15 15 15 11 5 7 8 5 6 8 7 5 3 6 7 4 29 7 29 9 6 7 9 13 17 13 9 7 5 5 11 13 10 12 11 9 8 4 7 15 20 21 28 31 19 23 41 39 22 9 5 1 1 5 8 10 16 21 21 20 24 27
25 12 23 35 48 60 55 64 83 73 45 57 50 37 42 49 52 54 47 42 40 39 54 52 28 30 30 26 30 42 37 25 29 27 17 15 17 14 8 11 8 3 4 7 7 6 5 7 6 3 28 9 29 9 2 3 3 7 13 14 10 8 6 6 11 13 10 9 6 7 8 11 9 2 9 23 29 21 8 30 32 22 9 5 6 2 5 4 4 2 5 6 8 12 17 17
14 44 54 51 57 67 65 60 60 55 52 68 59 42 39 34 34 35 32 45 37 46 60 41 22 33 37 33 34 48 46 36 40 38 24 16 19 16 10 13 12 5 4 6 6 5 5 4 4 8 18 16 24 7 3 3 2 3 6 9 7 8 8 7 10 13 9 6 0 4 5 9 14 16 16 14 16 26 30 27 10 6 3 2 6 3 5 5 3 1 3 4 2 5 16 25
47 56 45 31 42 48 36 40 47 60 69 84 82 71 71 60 49 34 43 57 38 55 53 20 33 37 37 36 37 44 43 37 42 45 35 26 24 18 14 16 14 7 6 5 5 4 3 3 1 10 7 20 15 7 5 4 3 2 4 8 8 10 9 8 8 11 8 6 2 2 3 3 6 11 23 16 32 40 36 24 14 14 13 8 0 5 5 4 4 3 1 1 1 6 12 23
46 40 36 29 29 18 33 57 65 64 63 75 83 79 81 68 42 29 58 66 41 46 39 55 59 51 42 37 39 40 35 32 37 40 34 35 29 19 17 19 16 12 11 9 7 6 4 2 4 6 12 14 5 5 6 5 4 2 3 6 8 8 8 8 8 8 6 7 4 3 4 1 2 7 18 7 22 15 18 15 14 15 16 16 11 3 1 2 3 4 1 0 1 6 10 5
12 20 26 21 22 41 60 75 86 77 64 62 57 52 58 53 34 42 69 67 33 22 43 65 64 66 60 54 58 57 48 42 40 36 27 36 32 19 17 18 16 14 14 11 8 8 7 5 8 7 13 11 4 5 6 7 7 4 3 3 4 4 5 7 8 7 5 6 5 1 4 4 3 6 16 5 22 7 4 5 7 9 11 13 15 12 7 5 4 4 3 3 3 4 9 8
25 29 33 37 50 67 74 78 88 92 80 67 42 34 59 60 42 54 69 51 26 35 46 46 41 55 61 57 62 60 54 54 49 41 35 45 40 22 19 16 12 11 14 12 9 9 8 5 7 9 9 13 3 4 6 9 11 11 8 6 5 5 5 6 6 5 5 5 4 1 3 6 8 10 17 10 22 10 7 8 8 7 10 10 12 13 12 10 9 8 7 8 9 10 9 11
39 35 30 30 48 58 58 50 50 66 82 72 41 43 64 60 40 60 57 36 49 54 48 43 37 43 49 47 54 55 48 59 54 39 34 45 47 31 28 22 16 17 19 18 12 10 8 3 4 4 10 11 3 4 5 6 9 10 10 10 9 9 8 8 6 5 5 6 5 4 5 6 6 8 16 15 17 10 7 9 7 6 8 10 13 16 16 14 13 12 11 11 12 12 12 9
65 63 50 47 62 60 49 30 35 48 82 80 49 46 60 54 37 56 48 49 56 57 62 63 59 64 66 62 63 57 45 58 53 35 29 40 43 31 32 26 19 20 22 21 15 15 13 7 9 2 11 6 4 5 5 4 4 4 5 7 8 7 5 5 5 6 8 9 9 9 9 7 5 5 8 9 8 13 12 14 12 10 10 12 14 16 17 16 13 12 10 10 9 9 8 8
50 65 58 49 49 24 9 46 65 64 86 80 45 49 58 46 36 39 31 40 40 46 57 56 51 54 59 60 68 66 54 65 57 40 36 40 40 24 28 22 17 18 22 22 15 16 14 9 13 2 12 5 6 7 5 5 5 5 4 4 3 3 3 4 6 7 8 9 9 9 9 8 8 9 11 13 12 22 20 20 20 17 14 13 13 14 15 17 14 11 10 10 9 10 12 12
14 35 31 15 11 35 65 86 84 78 84 70 34 51 55 33 34 41 45 38 36 43 39 28 20 26 36 41 49 51 47 64 56 34 39 42 33 22 28 27 21 18 20 20 14 14 12 10 15 2 15 7 6 5 2 2 5 7 8 8 8 9 10 8 7 6 7 7 6 6 6 7 10 12 13 14 14 24 24 27 34 36 31 25 18 15 16 18 17 14 14 14 13 12 12 10
33 46 43 41 45 57 72 71 59 54 58 44 20 43 49 38 46 54 52 41 35 39 28 11 21 37 41 49 53 46 41 64 60 33 45 41 20 22 29 27 20 19 21 19 16 17 14 11 14 6 16 5 3 2 3 3 5 7 8 9 12 13 14 14 11 10 9 9 7 7 7 8 8 8 7 8 11 27 29 29 34 41 40 36 30 26 25 26 27 25 21 17 14 12 11 10
58 56 53 48 45 52 59 48 28 28 36 26 20 39 51 51 52 48 41 32 18 20 12 33 54 67 69 74 74 66 63 71 62 35 32 28 29 29 28 24 21 22 22 19 17 22 20 12 7 9 12 4 0 0 2 6 5 4 5 8 10 11 11 12 11 10 10 9 8 9 10 10 10 12 13 12 15 30 28 26 23 27 31 34 32 28 27 27 29 29 27 25 24 25 27 29
53 23 22 12 14 29 35 25 25 40 55 67 78 88 95 90 68 48 42 34 4 19 40 59 75 76 71 74 70 56 45 39 35 33 44 53 52 44 35 21 22 27 23 18 16 26 24 11 1 12 8 3 1 3 5 8 8 7 9 11 11 10 9 8 9 8 8 7 8 10 10 10 10 10 10 13 16 28 28 35 36 35 32 30 29 24 23 24 25 24 26 30 30 29 30 32
65 41 35 30 31 42 49 42 44 56 76 89 94 95 90 80 69 53 47 41 26 42 58 68 70 51 38 39 33 21 26 38 51 60 60 55 49 56 50 20 17 29 29 20 22 28 21 10 9 19 16 14 10 7 6 9 10 8 11 13 12 13 14 16 16 15 10 8 10 10 9 9 8 6 7 11 14 23 30 40 34 28 35 36 41 43 43 41 33 28 29 29 28 27 25 24
79 71 66 63 69 82 89 72 57 58 63 64 56 47 44 44 74 73 54 45 42 50 51 48 39 27 39 57 64 52 46 46 46 45 41 37 35 58 60 29 12 26 33 23 30 27 15 9 14 24 17 19 19 14 8 11 11 9 13 13 11 12 14 16 17 17 17 18 20 21 21 19 16 13 13 13 11 16 28 44 36 8 22 28 35 40 43 45 45 44 46 46 46 41 31 23
65 74 78 75 75 80 96 103 94 74 44 21 22 55 63 58 85 82 51 44 46 39 20 17 29 48 63 72 81 79 75 70 67 64 58 45 37 58 62 39 12 21 35 24 36 33 14 6 16 21 12 10 16 20 22 24 20 15 16 13 10 9 10 10 12 16 20 23 24 24 24 25 29 27 25 22 19 13 22 46 40 7 9 14 17 20 23 31 40 43 43 43 44 45 43 39
36 47 54 53 45 37 46 61 62 52 40 39 65 83 76 74 86 73 44 43 40 19 17 29 37 43 44 44 55 69 74 69 63 55 56 48 39 63 64 40 19 20 29 21 42 44 13 8 17 16 12 9 12 19 26 28 24 22 24 25 27 28 24 17 15 17 19 18 18 18 18 20 27 29 26 23 21 13 15 43 45 14 19 25 25 23 23 27 30 31 30 30 29 34 41 43
18 8 18 19 15 14 15 13 27 68 73 51 71 80 72 71 70 56 33 32 25 28 39 49 57 56 46 43 45 46 48 43 36 43 52 41 38 66 64 35 27 26 21 12 47 48 9 19 17 14 12 12 14 16 20 19 18 21 26 30 32 35 34 31 27 28 31 32 31 26 20 17 18 22 22 16 15 10 9 31 46 32 22 24 28 33 39 41 43 43 44 42 35 30 29 29
42 31 27 29 31 40 41 41 63 93 77 50 67 72 56 50 51 41 21 22 28 36 41 50 56 56 55 55 54 50 51 46 34 53 56 38 39 64 61 31 33 28 20 29 52 32 17 24 20 20 19 23 27 25 21 18 18 18 23 26 23 23 24 28 29 29 32 37 37 32 29 26 27 32 37 32 23 12 11 19 38 43 34 18 21 31 37 39 40 39 39 41 42 39 37 37
33 28 28 34 38 45 45 46 79 94 65 54 72 70 49 42 42 28 16 23 26 27 33 41 35 32 40 45 42 35 39 42 37 59 62 40 46 63 54 34 42 38 32 40 38 9 21 22 22 22 22 30 33 30 33 38 39 37 41 43 36 27 21 19 17 20 25 29 29 27 28 30 29 31 35 44 38 22 20 20 22 38 49 29 18 22 22 24 26 26 23 26 34 37 34 32
32 33 32 31 30 35 36 35 72 76 45 50 63 50 27 31 32 31 38 42 45 46 46 40 28 23 22 25 23 27 37 42 45 67 67 43 58 63 44 36 48 43 31 32 18 8 21 21 17 15 21 32 32 28 36 43 46 48 52 50 47 46 41 35 28 31 32 29 27 27 24 25 21 21 18 37 41 27 23 21 14 24 55 43 19 25 29 33 34 30 24 23 24 26 24 21
24 32 36 39 41 53 63 58 67 75 43 37 40 33 27 35 38 42 46 46 46 44 40 35 30 24 18 21 24 34 42 46 53 72 68 45 61 58 36 35 47 46 30 16 11 24 26 26 21 18 26 35 33 28 32 35 35 37 40 37 38 44 43 38 30 33 33 33 34 37 33 29 22 16 16 30 36 24 21 20 17 12 49 53 28 32 35 34 36 41 42 41 38 38 36 29
19 26 36 40 52 72 76 70 74 72 37 17 24 40 38 38 40 39 38 36 31 26 25 26 24 19 15 15 22 36 45 47 55 73 69 46 60 55 34 33 45 46 27 4 24 27 25 26 21 18 28 34 29 28 42 51 51 48 39 34 31 28 30 29 21 24 28 33 34 36 30 26 25 24 28 34 42 34 29 27 24 13 35 52 39 45 36 24 26 38 44 44 41 40 45 48
17 24 31 36 56 69 54 42 53 46 16 10 33 55 71 75 72 64 58 55 47 34 20 11 3 19 22 16 23 39 43 41 55 71 65 49 66 60 36 37 46 42 22 13 28 17 19 23 15 12 28 34 28 36 50 50 44 48 49 48 45 45 50 45 29 26 29 30 26 30 28 25 24 26 29 31 42 38 29 28 31 27 24 40 44 58 42 21 22 24 29 32 32 32 38 47
20 26 36 48 64 56 32 21 26 16 16 36 46 53 72 82 77 67 62 56 51 42 23 9 21 39 35 23 30 47 48 41 62 70 54 47 67 63 40 46 47 34 15 23 31 18 26 28 18 12 30 34 28 38 42 33 25 28 39 44 43 46 54 55 43 41 39 41 42 47 43 34 22 20 21 20 32 33 26 21 27 30 18 26 42 67 54 27 25 27 31 35 35 32 32 32
20 25 37 47 50 31 10 12 32 52 63 60 55 48 49 56 61 55 50 41 37 35 34 32 35 47 41 44 59 72 72 64 66 60 47 47 64 61 41 51 45 26 8 29 32 19 29 26 21 20 36 42 35 43 38 25 26 25 28 28 28 29 38 42 42 43 37 43 42 41 44 42 39 42 38 30 33 31 23 17 19 25 16 17 38 72 64 31 27 28 26 26 32 37 41 45
13 19 32 43 36 15 13 24 44 68 79 80 79 74 74 81 90 82 64 49 37 44 56 47 37 44 43 54 72 83 78 71 71 66 59 59 63 54 40 49 42 23 9 31 36 21 27 21 16 19 35 44 35 44 38 31 35 40 44 45 41 34 40 36 37 33 28 36 26 24 31 34 39 44 36 28 27 29 21 27 33 38 32 14 31 73 71 33 30 27 22 22 26 31 35 40
15 18 28 36 30 19 18 23 39 47 51 67 80 80 79 75 75 65 72 66 45 60 62 41 36 46 48 47 61 67 56 52 60 67 64 63 58 43 34 42 37 21 12 39 42 27 26 19 13 16 31 41 29 38 36 34 46 54 49 46 47 52 62 63 63 60 57 49 31 28 30 25 26 24 22 25 22 24 23 37 39 45 43 21 22 67 75 40 39 31 24 26 26 25 23 24
15 17 20 25 27 39 46 47 43 36 35 47 58 58 52 36 47 50 78 76 48 66 62 34 31 38 36 29 46 51 37 31 42 43 31 38 35 25 25 38 37 18 17 45 37 23 22 21 19 24 31 33 29 41 43 35 45 48 35 30 38 52 64 65 66 66 67 65 54 48 47 42 41 31 30 28 20 18 28 35 30 40 44 24 21 54 68 50 50 35 23 32 40 44 43 38
12 12 11 19 32 48 60 67 59 47 39 52 57 45 39 47 54 56 75 71 51 70 66 38 34 37 43 47 61 71 63 60 70 69 54 55 47 29 26 43 41 10 29 43 25 18 21 21 19 22 24 25 28 46 49 36 48 46 31 29 37 37 44 44 48 51 54 57 58 52 49 46 38 32 39 31 18 28 46 42 30 40 45 24 21 38 53 55 61 44 23 32 36 38 39 43
30 19 21 29 37 43 52 59 62 60 47 40 55 45 16 52 53 69 78 62 56 74 66 38 37 40 44 48 60 67 61 60 66 68 59 65 58 35 37 48 30 16 36 39 23 20 22 19 15 19 19 20 33 50 46 34 49 45 27 29 46 52 70 85 85 70 58 56 59 49 40 35 28 31 41 33 18 33 46 43 41 51 56 46 34 21 41 53 67 53 28 35 24 19 23 30
67 55 57 68 72 66 60 59 56 45 29 28 51 44 7 46 43 68 71 56 61 77 71 55 52 42 34 33 50 54 32 39 47 42 43 65 65 44 53 36 10 23 36 36 23 23 26 25 25 25 22 21 38 47 36 33 51 47 24 33 56 56 62 84 91 91 75 73 85 85 72 49 38 34 36 28 14 31 40 28 33 47 52 48 42 19 28 44 69 63 39 45 31 16 23 26
51 49 54 49 37 29 38 49 40 42 42 50 51 28 21 47 46 70 63 43 48 62 54 33 40 36 26 27 52 62 43 58 63 45 40 66 66 45 52 22 20 19 31 32 20 22 27 28 30 28 27 28 38 41 30 31 50 49 26 40 53 40 32 44 47 80 78 69 78 83 80 63 40 43 38 25 20 32 40 28 18 33 32 30 37 26 14 32 59 59 45 55 45 22 22 28
23 10 9 18 40 43 46 42 13 13 15 28 17 13 42 44 39 69 66 46 55 66 57 43 55 54 45 56 77 73 57 70 72 54 58 76 63 42 38 17 23 19 27 29 14 21 29 29 27 26 28 28 35 38 30 30 48 48 27 47 52 33 31 45 32 46 57 50 49 53 79 69 35 46 42 24 23 37 45 38 31 41 38 35 38 28 14 29 51 43 41 55 51 33 36 25
23 8 7 34 37 41 64 66 54 45 40 35 29 40 54 40 30 59 69 49 57 58 41 30 47 48 32 49 55 38 33 52 53 28 48 63 44 35 16 20 30 28 28 27 17 27 33 29 33 35 32 27 32 36 29 36 50 45 31 51 52 29 31 45 36 16 30 43 58 62 81 70 35 46 39 18 22 40 49 41 33 41 38 39 40 31 24 32 47 31 30 51 51 36 48 37
21 12 14 35 30 7 40 73 77 57 47 43 37 44 57 46 40 47 53 46 65 64 47 45 59 56 44 66 73 65 65 72 69 52 64 63 38 33 9 27 27 28 25 21 18 30 33 30 44 47 41 40 39 35 28 41 49 38 34 49 45 23 32 40 31 25 25 20 62 71 78 65 44 54 43 22 30 49 47 36 25 35 32 33 33 28 26 31 47 36 38 52 44 32 48 45
22 13 18 30 28 13 28 57 76 71 54 50 63 72 74 59 59 63 56 41 49 49 37 38 51 47 43 62 70 61 64 74 69 53 68 67 43 39 7 31 21 14 15 15 16 28 33 29 49 48 35 39 42 42 41 50 53 43 37 41 38 21 32 36 26 27 38 9 52 80 78 53 46 53 44 30 42 56 49 46 35 47 31 30 29 20 17 20 40 35 45 55 42 34 43 42
